// output from Obj2DatTex.py Wavefront text file conversion script
// (c) 2005 By Giles Williams
// 
// original file: "asp_mainhull.obj"
// 
// model size: 64.721 x 23.513 x 76.790
// 
// textures used: ['oolite_asp_diffuse.png']
// 
NVERTS 362
NFACES 620

VERTEX
32.36030, -2.72572, -11.33290
32.36020, -3.72706, -11.33300
32.33530, -3.58993, -10.63070
32.33530, -2.87300, -10.63070
21.82660, 5.77618, 2.02246
21.70160, -8.78788, 3.14713
21.63980, -1.14535, -38.98920
21.63970, -0.00049, -38.98920
21.63730, 5.74248, 3.13002
21.50000, -9.04053, 2.64581
21.26980, -0.85742, -39.58110
21.26980, -0.24583, -39.58110
21.13590, 0.21227, -38.98920
21.13550, 6.19073, 2.64298
21.04890, -9.08050, 3.18069
21.01920, 6.13543, 3.37808
19.12470, -1.40055, -39.58110
19.12470, 0.45474, -39.58110
18.39750, -0.83454, -38.19950
18.39750, -0.83454, -39.58110
18.39750, -0.05189, -38.19950
18.39750, -0.05189, -39.58110
13.16470, -3.50362, 29.70970
13.16470, -2.72406, 29.70970
12.63640, -2.49045, 30.05620
12.61630, -3.61233, 30.05620
11.59500, -2.56520, 30.05620
11.59500, -2.56520, 29.53980
11.58560, -3.26672, 30.05620
11.58560, -3.26672, 29.53980
10.47190, 9.72671, 3.36971
10.40970, 9.84062, 2.64299
7.82747, 9.72773, 8.69401
7.71897, 11.56930, -1.24109
7.58885, 9.87677, -10.59350
7.49123, -1.13871, 30.05620
7.49123, -1.13871, 29.53980
7.49100, -3.26672, 30.05620
7.49100, -3.26672, 29.53980
7.23741, 11.48470, -1.70851
7.22507, 11.32430, -2.59506
7.19396, 4.74013, -38.98920
7.14567, -0.65913, 30.05620
7.14535, -3.61233, 30.05620
7.13540, 4.37022, -39.58110
7.13394, 10.13890, -9.14515
7.12030, 9.96136, -10.12610
7.02028, 3.64304, -38.19950
7.02028, 3.64304, -39.58110
6.85373, 11.63770, -2.78946
6.78699, -2.53233, -38.19950
6.78699, -2.53233, -41.53710
6.78699, 0.30062, -38.19950
6.78699, 0.30062, -41.53710
6.76640, 10.50170, -9.06670
6.44551, 11.48470, -1.70851
6.43962, -2.94125, -38.19950
6.43962, -2.94125, -41.53710
6.43502, 0.78050, -38.19950
6.43502, 0.78050, -41.53710
6.41263, -0.40585, 31.02270
6.41079, -3.00425, 31.02270
6.41050, -3.40355, 31.02270
6.27663, 11.75650, -2.13315
6.25477, 9.96136, -10.12610
6.16916, -3.00425, 31.43150
6.14969, -3.27603, 31.43150
6.08799, 10.36470, -9.82366
5.79219, -2.23959, -39.48880
5.79219, -2.23959, -41.53710
5.79219, 0.00440, -39.48880
5.79219, 0.00440, -41.53710
5.63677, -2.42256, -39.48880
5.63677, -2.42256, -41.53710
5.62353, 0.23434, -39.48880
5.62353, 0.23434, -41.53710
5.62351, 0.94055, 30.05620
5.36402, 1.84660, 27.86030
4.84803, 9.72773, 8.69401
4.83942, -3.91244, 30.79790
4.83942, -3.91244, 28.54100
4.83942, -3.46203, 30.79790
4.70825, 11.56930, -1.24109
4.66993, -4.42135, 30.79790
4.66993, -4.42135, 28.54100
4.54803, 3.64304, -38.19950
4.54803, 3.64304, -39.58110
4.45189, -1.77046, 31.99790
4.45189, -1.77046, 31.00470
4.32242, 4.37022, -39.58110
4.27149, -2.32567, 31.99790
4.27149, -2.32567, 31.00470
4.24299, -1.84277, 34.02080
4.24299, -1.84277, 31.99790
4.20765, 4.74013, -38.98920
4.20765, 5.51974, -34.69230
4.20765, 5.72530, -33.53440
4.20765, 6.27819, -30.51660
4.20765, 6.48375, -29.35880
4.20765, 7.06997, -26.12430
4.20765, 7.27553, -24.96650
4.20765, 9.87677, -10.59350
4.14238, -2.15242, 34.02080
4.14238, -2.15242, 31.99790
4.12110, 11.53190, -0.68813
4.09735, 10.85470, 9.31358
4.00616, 5.88274, -33.68620
4.00616, 6.64119, -29.51060
4.00616, 7.43297, -25.11820
4.00086, 5.72038, -34.60530
4.00086, 6.47883, -30.42970
4.00086, 7.27061, -26.03740
3.97959, -1.65140, 34.02080
3.97959, -1.65140, 31.99790
3.97959, -1.42732, 31.99790
3.97959, -1.42732, 31.00470
3.95653, -4.42135, 30.79790
3.95653, -4.42135, 28.54100
3.95111, 11.33300, 2.24891
3.81680, -2.15242, 34.02080
3.81680, -2.15242, 31.99790
3.78703, -3.91244, 30.79790
3.78703, -3.91244, 28.54100
3.78703, -3.46203, 30.79790
3.71619, -1.84277, 34.02080
3.71619, -1.84277, 31.99790
3.69960, 7.65809, 13.77550
3.68770, -2.32567, 31.99790
3.68770, -2.32567, 31.00470
3.57421, 10.89220, 8.76062
3.56803, 10.86640, 2.65600
3.53282, 10.54890, 9.74044
3.50730, -1.77046, 31.99790
3.50730, -1.77046, 31.00470
3.21118, 7.96391, 13.34870
3.20703, 10.47160, 8.26067
3.20067, 2.71795, -38.19950
3.20067, 2.71795, -39.58110
3.14902, 9.99555, 9.76886
2.97506, 3.44513, -39.58110
2.94369, 7.91857, 12.70400
2.86030, 3.81504, -38.98920
2.86030, 4.58984, -34.69230
2.86030, 4.81413, -33.53440
2.86030, 5.34829, -30.51660
2.86030, 5.57257, -29.35880
2.86030, 6.14007, -26.12430
2.86030, 6.36436, -24.96650
2.86030, 8.93783, -11.06400
2.59535, 7.92025, 12.67940
2.32677, 7.96789, 13.34310
2.08734, 8.46633, 12.64740
2.08301, -3.40355, 31.02270
2.08301, -3.27603, 31.43150
2.08301, -3.00425, 31.43150
2.08301, -3.00425, 31.02270
2.08301, -0.40585, 31.02270
2.08301, -0.31384, 31.43150
2.08301, 0.94055, 30.05620
2.08301, 1.39395, 30.08650
2.08301, 1.84660, 27.86030
2.04203, 8.60317, 11.72210
1.94699, -3.14001, 31.59780
1.94699, -0.26850, 31.61290
1.94699, 1.62065, 30.13180
1.94699, 1.92216, 28.05680
0.76752, 1.61564, -39.48880
0.76752, 1.61564, -41.53710
0.76581, 2.39127, -38.19950
0.76581, 2.39127, -41.53710
0.76121, -4.75909, -38.19950
0.76121, -4.75909, -41.53710
0.75640, -3.98657, -39.48880
0.75640, -3.98657, -41.53710
0.37252, -6.52994, -38.98920
0.37241, -11.71630, -11.17390
0.32642, -6.16003, -39.58110
0.23579, -5.43286, -38.19950
0.23579, -5.43286, -39.58110
-0.00000, -11.75650, -10.52590
-0.23579, -5.43286, -38.19950
-0.23579, -5.43286, -39.58110
-0.32642, -6.16003, -39.58110
-0.37241, -11.71630, -11.17390
-0.37252, -6.52994, -38.98920
-0.75640, -3.98657, -39.48880
-0.75640, -3.98657, -41.53710
-0.76121, -4.75909, -38.19950
-0.76121, -4.75909, -41.53710
-0.76581, 2.39127, -38.19950
-0.76581, 2.39127, -41.53710
-0.76752, 1.61564, -39.48880
-0.76752, 1.61564, -41.53710
-1.94699, -3.14001, 31.59780
-1.94699, -0.26850, 31.61290
-1.94699, 1.62065, 30.13180
-1.94699, 1.92216, 28.05680
-2.04203, 8.60317, 11.72210
-2.08301, -3.40355, 31.02270
-2.08301, -3.27603, 31.43150
-2.08301, -3.00425, 31.43150
-2.08301, -3.00425, 31.02270
-2.08301, -0.40585, 31.02270
-2.08301, -0.31384, 31.43150
-2.08301, 0.94055, 30.05620
-2.08301, 1.39395, 30.08650
-2.08301, 1.84660, 27.86030
-2.08734, 8.46633, 12.64740
-2.32677, 7.96789, 13.34310
-2.59535, 7.92025, 12.67940
-2.86030, 3.81504, -38.98920
-2.86030, 4.58984, -34.69230
-2.86030, 4.81413, -33.53440
-2.86030, 5.34829, -30.51660
-2.86030, 5.57257, -29.35880
-2.86030, 6.14007, -26.12430
-2.86030, 6.36436, -24.96650
-2.86030, 8.93783, -11.06400
-2.94369, 7.91857, 12.70400
-2.97506, 3.44513, -39.58110
-3.14902, 9.99555, 9.76886
-3.20067, 2.71795, -38.19950
-3.20067, 2.71795, -39.58110
-3.20703, 10.47160, 8.26067
-3.21118, 7.96391, 13.34870
-3.53207, -1.77046, 31.99790
-3.53207, -1.77046, 31.00470
-3.53282, 10.54890, 9.74044
-3.56803, 10.86640, 2.65600
-3.57421, 10.89220, 8.76062
-3.69960, 7.65809, 13.77550
-3.71247, -2.32567, 31.99790
-3.71247, -2.32567, 31.00470
-3.74097, -1.84277, 35.25300
-3.74097, -1.84277, 31.99790
-3.77557, -3.91244, 30.79790
-3.77557, -3.91244, 28.54100
-3.77557, -3.46203, 30.79790
-3.84158, -2.15242, 35.25300
-3.84158, -2.15242, 31.99790
-3.94506, -4.42135, 30.79790
-3.94506, -4.42135, 28.54100
-3.95111, 11.33300, 2.24891
-4.00086, 5.72038, -34.60530
-4.00086, 6.47883, -30.42970
-4.00086, 7.27061, -26.03740
-4.00437, -1.65140, 35.25300
-4.00437, -1.65140, 31.99790
-4.00437, -1.42732, 31.99790
-4.00437, -1.42732, 31.00470
-4.00616, 5.88274, -33.68620
-4.00616, 6.64119, -29.51060
-4.00616, 7.43297, -25.11820
-4.09735, 10.85470, 9.31358
-4.12110, 11.53190, -0.68813
-4.16716, -2.15242, 35.25300
-4.16716, -2.15242, 31.99790
-4.20765, 4.74013, -38.98920
-4.20765, 5.51974, -34.69230
-4.20765, 5.72530, -33.53440
-4.20765, 6.27819, -30.51660
-4.20765, 6.48375, -29.35880
-4.20765, 7.06997, -26.12430
-4.20765, 7.27553, -24.96650
-4.20765, 9.87677, -10.59350
-4.26777, -1.84277, 35.25300
-4.26777, -1.84277, 31.99790
-4.29626, -2.32567, 31.99790
-4.29626, -2.32567, 31.00470
-4.32242, 4.37022, -39.58110
-4.47666, -1.77046, 31.99790
-4.47666, -1.77046, 31.00470
-4.54803, 3.64304, -38.19950
-4.54803, 3.64304, -39.58110
-4.65846, -4.42135, 30.79790
-4.65846, -4.42135, 28.54100
-4.70825, 11.56930, -1.24109
-4.82795, -3.91244, 30.79790
-4.82795, -3.91244, 28.54100
-4.82795, -3.46203, 30.79790
-4.84803, 9.72773, 8.69401
-5.36402, 1.84660, 27.86030
-5.62351, 0.94055, 30.05620
-5.62353, 0.23434, -39.48880
-5.62353, 0.23434, -41.53710
-5.63677, -2.42256, -39.48880
-5.63677, -2.42256, -41.53710
-5.79219, -2.23959, -39.48880
-5.79219, -2.23959, -41.53710
-5.79219, 0.00440, -39.48880
-5.79219, 0.00440, -41.53710
-6.08011, -3.27603, 31.43150
-6.08799, 10.36470, -9.82366
-6.10326, -3.00425, 31.43150
-6.25477, 9.96136, -10.12610
-6.27663, 11.75650, -2.13315
-6.41050, -3.40355, 31.02270
-6.41079, -3.00425, 31.02270
-6.41263, -0.40585, 31.02270
-6.43502, 0.78050, -38.19950
-6.43502, 0.78050, -41.53710
-6.43962, -2.94125, -38.19950
-6.43962, -2.94125, -41.53710
-6.44551, 11.48470, -1.70851
-6.76640, 10.50170, -9.06670
-6.78699, -2.53233, -38.19950
-6.78699, -2.53233, -41.53710
-6.78699, 0.30062, -38.19950
-6.78699, 0.30062, -41.53710
-6.85373, 11.63770, -2.78946
-7.02028, 3.64304, -38.19950
-7.02028, 3.64304, -39.58110
-7.12030, 9.96136, -10.12610
-7.13394, 10.13890, -9.14515
-7.13540, 4.37022, -39.58110
-7.14535, -3.61233, 30.05620
-7.14567, -0.65913, 30.05620
-7.19396, 4.74013, -38.98920
-7.22507, 11.32430, -2.59506
-7.23741, 11.48470, -1.70851
-7.49100, -3.26672, 30.05620
-7.49100, -3.26672, 29.53980
-7.49123, -1.13871, 30.05620
-7.49123, -1.13871, 29.53980
-7.58885, 9.87677, -10.59350
-7.71897, 11.56930, -1.24109
-7.82747, 9.72773, 8.69401
-10.40970, 9.84062, 2.64299
-10.47190, 9.72671, 3.36971
-11.58560, -3.26672, 30.05620
-11.58560, -3.26672, 29.53980
-11.59500, -2.56520, 30.05620
-11.59500, -2.56520, 29.53980
-12.61630, -3.61233, 30.05620
-12.63640, -2.49045, 30.05620
-13.16470, -3.50362, 29.70970
-13.16470, -2.72406, 29.70970
-18.39750, -0.83454, -38.19950
-18.39750, -0.83454, -39.58110
-18.39750, -0.05189, -38.19950
-18.39750, -0.05189, -39.58110
-19.12470, -1.40055, -39.58110
-19.12470, 0.45474, -39.58110
-21.01920, 6.13543, 3.37808
-21.04890, -9.08050, 3.18069
-21.13550, 6.19073, 2.64298
-21.13590, 0.21227, -38.98920
-21.26980, -0.24583, -39.58110
-21.26980, -0.85742, -39.58110
-21.50000, -9.04053, 2.64581
-21.63730, 5.74248, 3.13002
-21.63970, -0.00049, -38.98920
-21.63980, -1.14535, -38.98920
-21.70160, -8.78788, 3.14713
-21.82660, 5.77618, 2.02246
-32.33530, -3.58993, -10.63070
-32.33530, -2.87300, -10.63070
-32.36020, -3.72706, -11.33300
-32.36030, -2.72572, -11.33290
6.41050, -3.40355, 31.02270
-5.36402, 1.84660, 27.86030
-6.41050, -3.40355, 31.02270

FACES
128,127,127,	0.93240,0.00008,-0.36142,	3,	0,7,6
128,127,127,	0.99937,-0.00010,0.03556,	3,	1,3,0
128,127,127,	0.60379,-0.77807,0.17333,	3,	1,9,2
128,127,127,	0.90320,-0.00000,0.42922,	3,	2,22,3
128,127,127,	0.82763,0.40186,0.39183,	3,	3,23,8
128,127,127,	0.38572,0.91335,-0.13041,	3,	4,12,7
128,127,127,	0.23746,-0.95436,-0.18114,	3,	6,175,1
128,127,127,	0.84802,-0.00000,-0.52996,	3,	7,11,10
128,127,127,	0.57284,0.80559,0.15123,	3,	8,15,13
128,127,127,	0.11238,-0.99345,0.02054,	3,	9,175,14
128,127,127,	0.20814,-0.82206,-0.52999,	3,	10,174,6
128,127,127,	-0.00000,-0.00000,-1.00000,	3,	11,17,16
128,127,127,	0.25845,0.79137,-0.55402,	3,	12,44,11
128,127,127,	0.40293,-0.86418,0.30141,	3,	14,22,5
128,127,127,	-0.00436,-0.98018,0.19806,	3,	14,179,25
128,127,127,	-0.00000,-0.00000,-1.00000,	3,	17,21,19
128,127,127,	-0.00000,-0.00000,-1.00000,	3,	18,52,50
128,127,127,	-0.00000,-0.00000,-1.00000,	3,	20,58,18
128,127,127,	-0.30888,-0.95110,0.00000,	3,	21,48,47
128,127,127,	0.53415,-0.00000,0.84539,	3,	22,25,23
128,127,127,	0.58009,0.70391,0.40987,	3,	23,24,15
128,127,127,	0.00000,-0.00000,1.00000,	3,	24,28,26
128,127,127,	0.29289,0.87814,0.37826,	3,	24,42,30
128,127,127,	0.00000,-0.00000,1.00000,	3,	27,38,36
128,127,127,	-0.99991,0.01340,-0.00000,	3,	28,29,27
128,127,127,	0.00000,-0.00000,1.00000,	3,	28,43,37
128,127,127,	0.31991,0.93983,0.11993,	3,	30,31,15
128,127,127,	0.30588,0.94186,-0.13902,	3,	31,41,12
128,127,127,	0.33846,0.92588,0.16792,	3,	32,33,30
128,127,127,	-0.00002,0.98402,-0.17808,	3,	33,39,34
128,127,127,	-0.00000,0.98403,-0.17801,	3,	34,101,41
128,127,127,	-0.00000,-0.00000,1.00000,	3,	35,42,26
128,127,127,	1.00000,-0.00011,-0.00000,	3,	36,37,35
128,127,127,	-0.00000,1.00000,-0.00000,	3,	37,38,29
128,127,127,	-0.00000,0.98402,-0.17804,	3,	39,55,40
128,127,127,	0.68033,0.71947,-0.13967,	3,	40,49,45
128,127,127,	-0.00000,0.84802,-0.52997,	3,	41,94,89
128,127,127,	0.67470,0.65509,0.34006,	3,	42,60,32
128,127,127,	0.00000,-0.00000,-1.00000,	3,	44,86,48
128,127,127,	-0.00000,0.98401,-0.17809,	3,	46,64,34
128,127,127,	-0.00002,0.98402,-0.17808,	3,	49,67,54
128,127,127,	0.76213,-0.64742,-0.00000,	3,	50,57,56
128,127,127,	-0.00000,-0.00000,-1.00000,	3,	51,69,57
128,127,127,	1.00000,0.00000,0.00000,	3,	52,53,51
128,127,127,	0.51031,0.64096,-0.57337,	3,	54,64,45
128,127,127,	0.00000,0.84224,0.53910,	3,	55,303,63
128,127,127,	0.80635,0.59143,0.00000,	3,	58,59,53
128,127,127,	-0.00000,-0.00000,-1.00000,	3,	59,169,75
128,127,127,	0.00000,0.58315,0.81237,	3,	60,156,76
128,127,127,	0.85923,-0.06155,0.50787,	3,	61,66,65
128,127,127,	-0.00000,0.98402,-0.17808,	3,	63,295,67
128,127,127,	-0.00000,0.98401,-0.17809,	3,	64,294,264
128,127,127,	-0.76215,0.64740,-0.00000,	3,	68,73,69
128,127,127,	-1.00000,-0.00000,-0.00000,	3,	69,71,70
128,127,127,	0.00000,-0.00000,-1.00000,	3,	70,72,68
128,127,127,	-0.80635,-0.59144,0.00000,	3,	71,75,74
128,127,127,	-0.00000,-0.00000,-1.00000,	3,	73,173,171
128,127,127,	-0.00000,-0.00000,-1.00000,	3,	74,166,72
128,127,127,	-0.00000,0.98325,0.18226,	3,	78,82,33
128,127,127,	0.85715,0.37948,0.34828,	3,	78,126,105
128,127,127,	0.94877,-0.31598,-0.00000,	3,	80,84,79
128,127,127,	-0.00000,-1.00000,0.00000,	3,	84,117,83
128,127,127,	0.00000,-0.00000,-1.00000,	3,	85,136,47
128,127,127,	0.56602,-0.82439,-0.00000,	3,	86,137,85
128,127,127,	0.95106,-0.30902,-0.00000,	3,	88,90,87
128,127,127,	0.00000,-0.00000,-1.00000,	3,	89,139,86
128,127,127,	-0.00000,-0.00000,1.00000,	3,	90,132,114
128,127,127,	-0.00000,-1.00000,0.00000,	3,	91,127,90
128,127,127,	-0.00000,-0.00000,1.00000,	3,	92,124,112
128,127,127,	0.95106,-0.30901,-0.00000,	3,	93,103,92
128,127,127,	-0.55966,0.81512,-0.14953,	3,	94,148,141
128,127,127,	0.66939,0.73147,-0.12986,	3,	96,106,95
128,127,127,	0.66939,0.73147,-0.12987,	3,	98,107,97
128,127,127,	-0.00000,-0.00000,-1.00000,	3,	99,262,146
128,127,127,	-0.00000,0.44800,-0.89403,	3,	101,264,148
128,127,127,	-0.00000,-1.00000,0.00000,	3,	103,119,102
128,127,127,	0.00011,0.99772,0.06755,	3,	105,129,104
128,127,127,	-0.00000,0.69409,0.71988,	3,	106,259,250
128,127,127,	-0.00000,0.98475,-0.17396,	3,	107,251,110
128,127,127,	0.66040,0.73881,-0.13430,	3,	108,111,99
128,127,127,	-0.00000,0.69386,0.72011,	3,	108,263,252
128,127,127,	-0.00000,0.39782,-0.91746,	3,	109,243,95
128,127,127,	-0.00000,0.39744,-0.91763,	3,	110,260,97
128,127,127,	0.58778,0.80902,0.00000,	3,	112,113,93
128,127,127,	0.58778,0.80902,0.00000,	3,	114,115,87
128,127,127,	-0.94876,-0.31600,-0.00000,	3,	117,121,116
128,127,127,	-0.77520,0.63170,-0.00543,	3,	118,135,130
128,127,127,	-0.95106,-0.30901,-0.00000,	3,	120,124,119
128,127,127,	-0.00000,-0.00000,1.00000,	3,	121,123,79
128,127,127,	-0.58778,0.80902,-0.00000,	3,	124,125,113
128,127,127,	0.00009,0.81291,0.58239,	3,	126,134,131
128,127,127,	0.00000,0.81289,0.58241,	3,	126,230,150
128,127,127,	-0.95106,-0.30902,0.00000,	3,	127,133,132
128,127,127,	-0.00000,0.76522,-0.64377,	3,	129,229,135
128,127,127,	-0.00000,-0.00000,-1.00000,	3,	136,168,58
128,127,127,	-0.00000,-0.00000,-1.00000,	3,	136,221,189
128,127,127,	-0.00000,-0.00000,-1.00000,	3,	139,219,137
128,127,127,	0.00959,0.99766,-0.06773,	3,	140,150,149
128,127,127,	-0.00860,0.81655,0.57721,	3,	140,161,138
128,127,127,	-0.00000,0.84802,-0.52997,	3,	141,210,139
128,127,127,	-0.00000,-0.00000,-1.00000,	3,	142,258,211
128,127,127,	-0.00000,-0.00000,-1.00000,	3,	144,260,213
128,127,127,	-0.00000,-0.00000,1.00000,	3,	145,261,98
128,127,127,	-0.00000,-0.00000,1.00000,	3,	147,263,100
128,127,127,	-0.00000,0.98359,-0.18044,	3,	148,217,210
128,127,127,	0.72871,0.68172,0.06513,	3,	151,161,149
128,127,127,	-0.00000,0.81290,0.58241,	3,	151,208,207
128,127,127,	-0.00000,-0.95463,0.29779,	3,	152,153,66
128,127,127,	0.77406,-0.00000,0.63312,	3,	153,162,157
128,127,127,	-0.00000,1.00000,-0.00000,	3,	154,155,65
128,127,127,	1.00000,-0.00000,0.00000,	3,	154,157,156
128,127,127,	-0.00000,-0.00000,1.00000,	3,	155,156,61
128,127,127,	0.78183,0.38577,0.48982,	3,	157,163,159
128,127,127,	1.00000,0.00000,0.00000,	3,	159,160,158
128,127,127,	-0.00000,-0.00526,0.99999,	3,	162,194,163
128,127,127,	-0.00000,-0.77406,0.63312,	3,	162,199,193
128,127,127,	0.86157,0.50236,0.07300,	3,	164,165,159
128,127,127,	-0.00000,0.93337,-0.35891,	3,	165,206,160
128,127,127,	-0.00000,-1.00000,0.00000,	3,	167,191,166
128,127,127,	0.00000,-0.00000,-1.00000,	3,	170,177,56
128,127,127,	-0.00000,-0.00000,-1.00000,	3,	170,187,180
128,127,127,	-0.00000,-1.00000,0.00000,	3,	171,188,187
128,127,127,	-0.30518,0.95229,-0.00000,	3,	172,173,72
128,127,127,	-0.00000,-0.00000,-1.00000,	3,	172,191,185
128,127,127,	-0.00000,-0.98306,-0.18330,	3,	174,184,175
128,127,127,	-0.00000,-0.99808,-0.06192,	3,	175,183,179
128,127,127,	-0.00000,-0.84802,-0.52997,	3,	176,182,174
128,127,127,	-0.24544,0.96941,-0.00000,	3,	177,178,18
128,127,127,	-0.00000,-0.00000,-1.00000,	3,	178,181,176
128,127,127,	0.00436,-0.98018,0.19806,	3,	179,344,333
128,127,127,	0.24544,0.96941,-0.00000,	3,	180,337,181
128,127,127,	-0.00000,-0.00000,-1.00000,	3,	181,338,182
128,127,127,	-0.20814,-0.82208,-0.52997,	3,	182,348,184
128,127,127,	-0.11238,-0.99345,0.02054,	3,	183,349,344
128,127,127,	-0.00000,1.00000,-0.00000,	3,	185,186,173
128,127,127,	-0.30489,-0.95239,0.00000,	3,	188,302,301
128,127,127,	-0.00000,1.00000,-0.00000,	3,	189,190,169
128,127,127,	0.00000,-0.00000,-1.00000,	3,	190,192,167
128,127,127,	0.27360,-0.96184,-0.00000,	3,	192,284,191
128,127,127,	-0.00000,0.98961,0.14380,	3,	195,196,164
128,127,127,	-0.00000,-0.95463,0.29779,	3,	198,291,199
128,127,127,	-0.00000,-0.00000,1.00000,	3,	201,297,202
128,127,127,	-1.00000,0.00000,0.00000,	3,	202,204,203
128,127,127,	-0.78183,0.38577,0.48982,	3,	203,205,194
128,127,127,	-1.00000,0.00000,0.00000,	3,	204,206,205
128,127,127,	0.00000,0.92440,0.38142,	3,	204,282,281
128,127,127,	-0.72871,0.68172,0.06513,	3,	207,209,197
128,127,127,	-0.00959,0.99766,-0.06773,	3,	208,218,209
128,127,127,	0.00003,0.81285,0.58247,	3,	208,230,224
128,127,127,	0.48000,0.69910,-0.52997,	3,	210,257,219
128,127,127,	-0.00000,-0.00000,1.00000,	3,	212,259,143
128,127,127,	0.52914,0.83498,-0.15104,	3,	217,264,257
128,127,127,	0.00860,0.81655,0.57721,	3,	218,220,197
128,127,127,	-0.00000,-0.00000,-1.00000,	3,	219,273,222
128,127,127,	-0.00000,0.05129,0.99868,	3,	220,227,138
128,127,127,	-0.00000,-0.00000,-1.00000,	3,	221,310,299
128,127,127,	-0.56602,-0.82439,-0.00000,	3,	222,272,221
128,127,127,	0.77520,0.63170,-0.00543,	3,	223,242,228
128,127,127,	0.80393,0.51506,0.29733,	3,	224,227,218
128,127,127,	0.58778,0.80902,-0.00000,	3,	225,249,226
128,127,127,	-0.00000,0.81292,0.58237,	3,	227,253,131
128,127,127,	-0.00000,0.92613,0.37720,	3,	230,326,280
128,127,127,	-0.00000,-0.00000,1.00000,	3,	231,248,225
128,127,127,	-0.00000,-1.00000,0.00000,	3,	232,267,231
128,127,127,	0.95106,-0.30901,-0.00000,	3,	234,238,233
128,127,127,	0.94877,-0.31598,-0.00000,	3,	236,241,235
128,127,127,	-0.00000,-0.00000,-1.00000,	3,	236,278,275
128,127,127,	-0.00000,-1.00000,0.00000,	3,	241,275,240
128,127,127,	-0.58778,0.80902,-0.00000,	3,	246,265,247
128,127,127,	-0.66036,0.73884,-0.13433,	3,	250,258,243
128,127,127,	-0.66939,0.73147,-0.12987,	3,	251,261,260
128,127,127,	-0.66040,0.73881,-0.13430,	3,	252,262,245
128,127,127,	-0.00000,0.99772,0.06748,	3,	254,276,104
128,127,127,	-0.00000,-0.00000,1.00000,	3,	255,265,238
128,127,127,	-0.00000,0.98403,-0.17801,	3,	264,324,317
128,127,127,	-0.95106,-0.30902,-0.00000,	3,	268,271,267
128,127,127,	-0.00000,0.84802,-0.52997,	3,	269,317,314
128,127,127,	-0.58779,0.80902,-0.00000,	3,	270,271,249
128,127,127,	-0.00000,-1.00000,0.00000,	3,	273,310,272
128,127,127,	-0.00000,-0.00000,-1.00000,	3,	273,314,311
128,127,127,	-0.94877,-0.31598,-0.00000,	3,	275,277,274
128,127,127,	-0.00000,0.98401,-0.17810,	3,	276,303,82
128,127,127,	-0.00000,-0.00000,1.00000,	3,	277,279,235
128,127,127,	-0.00000,0.98325,0.18226,	3,	280,325,276
128,127,127,	0.00000,-0.00000,-1.00000,	3,	283,285,191
128,127,127,	0.80635,-0.59144,-0.00000,	3,	283,290,289
128,127,127,	-0.00000,-0.00000,-1.00000,	3,	284,300,290
128,127,127,	0.30518,0.95229,0.00000,	3,	285,286,186
128,127,127,	1.00000,-0.00000,0.00000,	3,	287,289,288
128,127,127,	-0.00000,-0.00000,-1.00000,	3,	288,306,302
128,127,127,	-0.00000,-0.00000,-1.00000,	3,	290,308,306
128,127,127,	-0.00000,-0.00000,1.00000,	3,	291,293,200
128,127,127,	-0.00000,0.59992,-0.80006,	3,	292,294,67
128,127,127,	0.00002,0.98402,-0.17808,	3,	292,309,304
128,127,127,	-0.51453,0.80042,0.30755,	3,	295,318,309
128,127,127,	-0.79669,-0.00057,0.60439,	3,	296,316,298
128,127,127,	-0.68743,0.64395,0.33581,	3,	298,326,282
128,127,127,	-0.80635,0.59143,-0.00000,	3,	299,308,300
128,127,127,	0.00000,-0.00000,-1.00000,	3,	299,337,307
128,127,127,	-0.00000,0.98401,-0.17810,	3,	303,325,319
128,127,127,	-0.51031,0.64096,-0.57337,	3,	304,313,294
128,127,127,	-0.00000,-0.00000,-1.00000,	3,	305,337,301
128,127,127,	-1.00000,-0.00000,0.00000,	3,	306,307,305
128,127,127,	0.30888,-0.95110,-0.00000,	3,	310,340,339
128,127,127,	-0.00000,0.98401,-0.17809,	3,	312,324,294
128,127,127,	-0.00000,-0.00000,1.00000,	3,	315,322,316
128,127,127,	-0.68051,0.65020,0.33786,	3,	316,328,326
128,127,127,	-1.00000,-0.00011,0.00000,	3,	320,323,322
128,127,127,	-0.00000,-0.00000,1.00000,	3,	321,332,323
128,127,127,	-0.67113,0.72781,-0.14101,	3,	325,327,317
128,127,127,	-0.00000,1.00000,-0.00000,	3,	329,330,320
128,127,127,	0.99991,0.01340,0.00000,	3,	331,332,329
128,127,127,	-0.00000,-0.00000,1.00000,	3,	331,334,316
128,127,127,	-0.00000,-0.00000,1.00000,	3,	333,334,329
128,127,127,	-0.53415,-0.00000,0.84539,	3,	335,336,333
128,127,127,	-0.58009,0.70391,0.40987,	3,	336,343,334
128,127,127,	1.00000,-0.00000,0.00000,	3,	337,339,338
128,127,127,	-0.00000,-0.00000,-1.00000,	3,	340,342,338
128,127,127,	-0.31977,0.93970,0.12128,	3,	343,345,327
128,127,127,	-0.40293,-0.86418,0.30141,	3,	344,353,335
128,127,127,	-0.42248,0.89717,-0.12883,	3,	345,354,346
128,127,127,	-0.32991,0.78120,-0.52998,	3,	346,351,347
128,127,127,	-0.00000,-0.00000,-1.00000,	3,	347,348,341
128,127,127,	-0.60379,-0.77807,0.17333,	3,	349,357,355
128,127,127,	-0.72680,0.67144,0.14465,	3,	350,356,354
128,127,127,	-0.84797,0.00007,-0.53004,	3,	351,352,348
128,127,127,	-0.23746,-0.95436,-0.18114,	3,	352,357,183
128,127,127,	-0.52606,0.84180,-0.12097,	3,	354,358,351
128,127,127,	-0.90320,-0.00000,0.42922,	3,	355,356,335
128,127,127,	-0.99937,-0.00010,0.03556,	3,	357,358,356
129,127,127,	0.93240,-0.00006,-0.36143,	3,	0,6,1
129,127,127,	0.23760,-0.95485,-0.17836,	3,	1,175,9
129,127,127,	0.99937,-0.00000,0.03543,	3,	2,3,1
129,127,127,	0.59265,-0.78950,0.15955,	3,	2,9,5
129,127,127,	0.72680,0.67144,0.14465,	3,	3,8,4
129,127,127,	0.52606,0.84180,-0.12097,	3,	4,7,0
129,127,127,	0.42248,0.89717,-0.12883,	3,	4,13,12
129,127,127,	0.84797,0.00007,-0.53004,	3,	7,10,6
129,127,127,	0.32991,0.78120,-0.52998,	3,	7,12,11
129,127,127,	0.60081,0.68618,0.41009,	3,	8,23,15
129,127,127,	0.20814,-0.82208,-0.52997,	3,	10,176,174
129,127,127,	0.00000,-0.00000,-1.00000,	3,	11,16,10
129,127,127,	0.36084,-0.88529,0.29334,	3,	14,25,22
129,127,127,	0.31977,0.93970,0.12128,	3,	15,31,13
129,127,127,	-0.00000,-0.00000,-1.00000,	3,	17,19,16
129,127,127,	-0.00000,-0.00000,-1.00000,	3,	18,58,52
129,127,127,	-1.00000,-0.00000,0.00000,	3,	19,20,18
129,127,127,	-0.00000,-0.00000,-1.00000,	3,	19,178,176
129,127,127,	-0.30888,-0.95110,-0.00000,	3,	21,47,20
129,127,127,	0.90320,-0.00000,0.42922,	3,	22,23,3
129,127,127,	0.54539,-0.00977,0.83813,	3,	23,25,24
129,127,127,	0.29824,0.87679,0.37721,	3,	24,30,15
129,127,127,	-0.00000,-0.00000,1.00000,	3,	25,43,28
129,127,127,	-0.99991,0.01340,-0.00000,	3,	26,28,27
129,127,127,	-0.32833,-0.94456,0.00000,	3,	26,36,35
129,127,127,	-0.00000,-0.00000,1.00000,	3,	26,42,24
129,127,127,	0.00000,1.00000,0.00000,	3,	28,37,29
129,127,127,	-0.00000,-0.00000,1.00000,	3,	29,38,27
129,127,127,	0.68051,0.65020,0.33786,	3,	30,42,32
129,127,127,	-0.00000,0.92613,0.37720,	3,	32,126,78
129,127,127,	0.67113,0.72781,-0.14101,	3,	33,41,31
129,127,127,	-0.00000,0.98401,-0.17810,	3,	33,55,39
129,127,127,	1.00000,-0.00011,-0.00000,	3,	36,38,37
129,127,127,	0.00000,-0.00000,1.00000,	3,	37,43,35
129,127,127,	0.00001,0.98402,-0.17808,	3,	39,46,34
129,127,127,	0.26194,0.80655,-0.52997,	3,	41,44,12
129,127,127,	-0.00000,0.98403,-0.17801,	3,	41,101,94
129,127,127,	-0.00000,-0.00000,-1.00000,	3,	44,48,21
129,127,127,	-0.00000,-0.00000,-1.00000,	3,	44,89,86
129,127,127,	-0.00000,0.98401,-0.17809,	3,	45,64,46
129,127,127,	-0.00000,-0.00000,-1.00000,	3,	47,136,58
129,127,127,	-0.00000,-1.00000,0.00000,	3,	48,86,47
129,127,127,	0.68036,0.71945,-0.13966,	3,	49,54,45
129,127,127,	1.00000,-0.00000,0.00000,	3,	50,52,51
129,127,127,	0.00000,-0.00000,-1.00000,	3,	50,56,18
129,127,127,	-0.00000,-0.00000,-1.00000,	3,	51,71,69
129,127,127,	0.51456,0.80036,0.30765,	3,	55,63,40
129,127,127,	0.30489,-0.95239,-0.00000,	3,	57,171,56
129,127,127,	0.27331,0.96193,-0.00000,	3,	58,169,59
129,127,127,	0.00000,-0.00000,-1.00000,	3,	59,71,53
129,127,127,	0.68743,0.64395,0.33581,	3,	60,76,32
129,127,127,	-0.00000,-0.00000,1.00000,	3,	61,156,60
129,127,127,	0.84295,-0.00061,0.53799,	3,	62,66,61
129,127,127,	0.00004,0.98402,-0.17808,	3,	63,67,49
129,127,127,	-0.00000,0.84224,0.53910,	3,	63,303,295
129,127,127,	-0.00000,0.98401,-0.17809,	3,	64,264,101
129,127,127,	-0.00000,1.00000,0.00000,	3,	65,155,61
129,127,127,	-0.00000,0.59992,-0.80006,	3,	67,294,64
129,127,127,	-1.00000,-0.00000,0.00000,	3,	69,70,68
129,127,127,	-0.00000,-0.00000,-1.00000,	3,	69,73,57
129,127,127,	-0.00000,-0.00000,-1.00000,	3,	70,74,72
129,127,127,	-0.76215,0.64740,-0.00000,	3,	72,73,68
129,127,127,	-0.27360,-0.96184,-0.00000,	3,	75,166,74
129,127,127,	-0.00000,-0.00000,-1.00000,	3,	75,169,167
129,127,127,	1.00000,-0.00000,0.00000,	3,	79,81,80
129,127,127,	0.94877,-0.31598,-0.00000,	3,	79,84,83
129,127,127,	0.00000,-0.00000,-1.00000,	3,	80,117,84
129,127,127,	0.00007,0.99772,0.06755,	3,	82,105,104
129,127,127,	-0.00000,0.98401,-0.17810,	3,	82,303,55
129,127,127,	-0.00000,-0.00000,-1.00000,	3,	86,139,137
129,127,127,	0.58778,0.80902,-0.00000,	3,	87,115,88
129,127,127,	0.95106,-0.30902,-0.00000,	3,	88,91,90
129,127,127,	-0.00000,-0.00000,1.00000,	3,	90,114,87
129,127,127,	0.58778,0.80902,-0.00000,	3,	92,112,93
129,127,127,	-0.48000,0.69910,-0.52997,	3,	94,141,139
129,127,127,	-0.00000,-0.00000,-1.00000,	3,	95,258,142
129,127,127,	-0.00000,-0.00000,-1.00000,	3,	97,260,144
129,127,127,	0.00000,0.69409,0.71988,	3,	98,261,107
129,127,127,	0.00000,0.69386,0.72011,	3,	100,263,108
129,127,127,	-0.00000,-0.00000,1.00000,	3,	102,124,92
129,127,127,	-0.00000,-1.00000,0.00000,	3,	103,120,119
129,127,127,	0.66036,0.73884,-0.13433,	3,	106,109,95
129,127,127,	0.66039,0.73881,-0.13432,	3,	107,110,97
129,127,127,	-0.00000,0.98476,-0.17394,	3,	108,252,111
129,127,127,	-0.00000,0.98475,-0.17396,	3,	109,250,243
129,127,127,	-0.58778,0.80902,-0.00000,	3,	112,124,113
129,127,127,	-0.00000,-0.00000,1.00000,	3,	116,121,83
129,127,127,	-0.94876,-0.31600,0.00000,	3,	117,122,121
129,127,127,	-0.95106,-0.30901,0.00000,	3,	120,125,124
129,127,127,	0.00002,0.81291,0.58239,	3,	126,131,105
129,127,127,	-0.00003,0.81285,0.58247,	3,	126,150,134
129,127,127,	-0.00000,-0.00000,1.00000,	3,	127,132,90
129,127,127,	-0.95106,-0.30902,-0.00000,	3,	128,133,127
129,127,127,	-0.75383,0.65707,0.00085,	3,	129,135,118
129,127,127,	-0.00000,0.99771,0.06766,	3,	129,253,229
129,127,127,	-0.58779,0.80902,-0.00000,	3,	132,133,115
129,127,127,	-0.80393,0.51506,0.29733,	3,	134,140,131
129,127,127,	-0.00000,-1.00000,0.00000,	3,	137,221,136
129,127,127,	-0.00000,0.05129,0.99868,	3,	138,227,131
129,127,127,	-0.00000,-0.00000,1.00000,	3,	143,259,96
129,127,127,	-0.00000,0.98359,-0.18044,	3,	148,210,141
129,127,127,	-0.00000,0.44800,-0.89403,	3,	148,264,217
129,127,127,	-0.03814,0.80294,0.59484,	3,	149,161,140
129,127,127,	0.00000,0.81290,0.58241,	3,	150,208,151
129,127,127,	0.00000,0.98924,0.14630,	3,	151,207,161
129,127,127,	-0.00000,-0.00000,1.00000,	3,	153,154,66
129,127,127,	-0.00000,-0.77406,0.63312,	3,	153,199,162
129,127,127,	1.00000,0.00000,0.00000,	3,	154,156,155
129,127,127,	-0.00000,0.58315,0.81237,	3,	156,158,76
129,127,127,	1.00000,-0.00000,0.00000,	3,	157,159,158
129,127,127,	-0.00000,0.92440,0.38142,	3,	158,160,77
129,127,127,	0.63968,0.75323,0.15315,	3,	159,165,160
129,127,127,	0.79968,-0.00316,0.60042,	3,	162,163,157
129,127,127,	0.79043,0.37793,0.48206,	3,	163,164,159
129,127,127,	-0.00000,0.98961,0.14380,	3,	164,196,165
129,127,127,	0.00000,-0.00000,-1.00000,	3,	166,172,72
129,127,127,	-0.00000,-1.00000,0.00000,	3,	167,192,191
129,127,127,	0.00000,1.00000,0.00000,	3,	168,189,169
129,127,127,	0.00000,-0.00000,-1.00000,	3,	170,180,177
129,127,127,	-0.00000,-1.00000,0.00000,	3,	171,187,170
129,127,127,	0.00000,1.00000,0.00000,	3,	172,185,173
129,127,127,	0.24153,-0.95395,-0.17787,	3,	174,175,6
129,127,127,	0.12101,-0.99262,0.00796,	3,	175,179,14
129,127,127,	-0.00000,-0.98306,-0.18330,	3,	175,184,183
129,127,127,	-0.00000,-0.98045,0.19676,	3,	179,333,25
129,127,127,	-0.00000,1.00000,-0.00000,	3,	180,181,178
129,127,127,	0.00000,-0.00000,-1.00000,	3,	181,182,176
129,127,127,	0.00000,-0.84802,-0.52997,	3,	182,184,174
129,127,127,	-0.12101,-0.99262,0.00796,	3,	183,344,179
129,127,127,	-0.23760,-0.95485,-0.17836,	3,	183,357,349
129,127,127,	0.00000,-0.00000,-1.00000,	3,	186,188,173
129,127,127,	-0.30489,-0.95239,-0.00000,	3,	188,301,187
129,127,127,	-0.27331,0.96193,-0.00000,	3,	189,299,190
129,127,127,	0.00000,-0.00000,-1.00000,	3,	190,284,192
129,127,127,	0.27360,-0.96184,-0.00000,	3,	191,284,283
129,127,127,	-0.00000,-0.00000,-1.00000,	3,	191,285,185
129,127,127,	-0.00000,-0.00526,0.99999,	3,	193,194,162
129,127,127,	-0.79043,0.37793,0.48206,	3,	194,205,195
129,127,127,	-0.00000,0.81428,0.58047,	3,	197,220,138
129,127,127,	-0.00000,-0.95463,0.29779,	3,	198,199,152
129,127,127,	-0.77406,-0.00000,0.63312,	3,	199,203,193
129,127,127,	-0.00000,-0.00000,1.00000,	3,	199,291,200
129,127,127,	-1.00000,-0.00000,0.00000,	3,	202,203,200
129,127,127,	-0.00000,0.58315,0.81237,	3,	202,282,204
129,127,127,	-1.00000,-0.00000,0.00000,	3,	204,205,203
129,127,127,	-0.00000,0.92440,0.38142,	3,	204,281,206
129,127,127,	-0.63968,0.75323,0.15315,	3,	205,206,196
129,127,127,	-0.70434,0.66913,0.23700,	3,	208,209,207
129,127,127,	-0.00495,0.99738,-0.07219,	3,	208,224,218
129,127,127,	0.03814,0.80294,0.59484,	3,	209,218,197
129,127,127,	-0.00000,0.84802,-0.52997,	3,	210,219,139
129,127,127,	-0.00000,-0.00000,1.00000,	3,	214,261,145
129,127,127,	0.55966,0.81512,-0.14953,	3,	217,257,210
129,127,127,	0.76620,0.54861,0.33461,	3,	218,227,220
129,127,127,	0.00000,-0.00000,-1.00000,	3,	219,222,137
129,127,127,	-0.56602,-0.82439,0.00000,	3,	222,273,272
129,127,127,	-0.00000,0.99753,0.07027,	3,	223,228,135
129,127,127,	-0.00009,0.81291,0.58239,	3,	224,230,227
129,127,127,	0.95106,-0.30902,-0.00000,	3,	226,232,231
129,127,127,	-0.00000,0.65742,0.75352,	3,	228,242,130
129,127,127,	0.75383,0.65707,0.00085,	3,	229,242,223
129,127,127,	-0.00000,-0.00000,1.00000,	3,	231,270,248
129,127,127,	-0.00000,-1.00000,0.00000,	3,	232,268,267
129,127,127,	0.94877,-0.31598,-0.00000,	3,	235,241,240
129,127,127,	-0.00000,-0.00000,1.00000,	3,	235,279,237
129,127,127,	0.00000,-0.00000,-1.00000,	3,	236,275,241
129,127,127,	-0.00000,-0.00000,1.00000,	3,	238,246,233
129,127,127,	-0.00000,-1.00000,0.00000,	3,	239,255,238
129,127,127,	-0.00000,-1.00000,0.00000,	3,	240,275,274
129,127,127,	-0.00000,0.99771,0.06757,	3,	242,254,118
129,127,127,	-0.00000,0.39744,-0.91763,	3,	244,260,110
129,127,127,	-0.00000,0.39744,-0.91763,	3,	245,262,111
129,127,127,	0.58778,0.80902,0.00000,	3,	246,247,234
129,127,127,	0.58778,0.80902,0.00000,	3,	248,249,225
129,127,127,	-0.66939,0.73147,-0.12986,	3,	250,259,258
129,127,127,	-0.85008,0.51984,0.08440,	3,	253,280,276
129,127,127,	-0.95106,-0.30901,0.00000,	3,	256,266,265
129,127,127,	0.47999,0.69909,-0.52997,	3,	257,269,219
129,127,127,	-0.00000,0.98403,-0.17801,	3,	264,317,257
129,127,127,	-0.95106,-0.30902,0.00000,	3,	267,271,270
129,127,127,	-0.00000,-0.00000,-1.00000,	3,	269,314,273
129,127,127,	-0.00000,-0.00000,-1.00000,	3,	272,310,221
129,127,127,	-0.94877,-0.31598,0.00000,	3,	275,278,277
129,127,127,	-0.00000,0.98401,-0.17810,	3,	276,325,303
129,127,127,	-0.00528,0.92461,0.38088,	3,	282,326,230
129,127,127,	-0.00000,-0.00000,-1.00000,	3,	285,289,287
129,127,127,	-0.00000,-0.00000,-1.00000,	3,	286,302,188
129,127,127,	0.76215,0.64740,0.00000,	3,	287,288,286
129,127,127,	0.00000,-0.00000,-1.00000,	3,	290,306,288
129,127,127,	-0.51032,0.64095,-0.57337,	3,	292,304,294
129,127,127,	-0.00000,1.00000,0.00000,	3,	293,297,201
129,127,127,	-0.00000,0.98401,-0.17809,	3,	294,313,312
129,127,127,	-0.00000,0.98401,-0.17809,	3,	294,324,264
129,127,127,	-0.00001,0.98401,-0.17811,	3,	295,309,67
129,127,127,	-0.00000,-0.00000,1.00000,	3,	297,298,202
129,127,127,	-0.00000,-0.00000,-1.00000,	3,	299,339,337
129,127,127,	-0.00000,-0.00000,-1.00000,	3,	300,308,290
129,127,127,	-0.00000,-0.00000,-1.00000,	3,	301,337,180
129,127,127,	-0.76213,-0.64742,-0.00000,	3,	302,305,301
129,127,127,	-0.00000,0.98402,-0.17804,	3,	303,319,318
129,127,127,	-0.80635,0.59143,-0.00000,	3,	307,308,299
129,127,127,	-0.00000,-0.00000,-1.00000,	3,	307,337,305
129,127,127,	-0.68033,0.71947,-0.13967,	3,	309,318,313
129,127,127,	0.30888,-0.95110,-0.00000,	3,	311,340,310
129,127,127,	-0.00000,-0.00000,-1.00000,	3,	314,342,340
129,127,127,	-0.79603,-0.00009,0.60526,	3,	315,316,296
129,127,127,	-0.00000,-0.00000,1.00000,	3,	315,333,329
129,127,127,	-0.67470,0.65509,0.34006,	3,	316,326,298
129,127,127,	-0.29289,0.87814,0.37826,	3,	316,334,328
129,127,127,	-0.00001,0.98402,-0.17808,	3,	319,324,312
129,127,127,	-0.00000,-0.00000,1.00000,	3,	320,322,315
129,127,127,	-0.00000,1.00000,0.00000,	3,	320,330,321
129,127,127,	0.00000,-0.00000,1.00000,	3,	322,331,316
129,127,127,	0.32833,-0.94456,-0.00000,	3,	323,332,331
129,127,127,	-0.33846,0.92588,0.16792,	3,	326,328,325
129,127,127,	-0.30588,0.94186,-0.13902,	3,	327,346,317
129,127,127,	-0.31991,0.93983,0.11993,	3,	328,343,327
129,127,127,	0.99991,0.01340,-0.00000,	3,	329,332,330
129,127,127,	-0.00000,-0.00000,1.00000,	3,	329,334,331
129,127,127,	-0.54539,-0.00977,0.83813,	3,	333,336,334
129,127,127,	-0.36084,-0.88529,0.29334,	3,	333,344,335
129,127,127,	-0.90320,-0.00000,0.42922,	3,	335,356,336
129,127,127,	-0.60081,0.68618,0.41009,	3,	336,350,343
129,127,127,	0.24544,0.96941,0.00000,	3,	337,338,181
129,127,127,	1.00000,0.00000,0.00000,	3,	339,340,338
129,127,127,	-0.00000,-0.00000,-1.00000,	3,	342,347,341
129,127,127,	-0.25845,0.79137,-0.55402,	3,	346,347,314
129,127,127,	-0.38572,0.91335,-0.13041,	3,	346,354,351
129,127,127,	-0.84802,-0.00000,-0.52996,	3,	347,351,348
129,127,127,	-0.20814,-0.82206,-0.52999,	3,	348,352,184
129,127,127,	-0.40495,-0.87156,0.27639,	3,	349,353,344
129,127,127,	-0.59060,0.79719,0.12520,	3,	350,354,345
129,127,127,	-0.93240,0.00008,-0.36142,	3,	351,358,352
129,127,127,	-0.73752,-0.57651,0.35172,	3,	353,355,335
129,127,127,	-0.99937,-0.00000,0.03543,	3,	355,357,356
129,127,127,	-0.73696,0.65579,0.16378,	3,	356,358,354
130,127,127,	0.73696,0.65579,0.16378,	3,	3,4,0
130,127,127,	0.73752,-0.57651,0.35172,	3,	5,22,2
130,127,127,	0.59060,0.79719,0.12520,	3,	8,13,4
130,127,127,	0.40495,-0.87156,0.27639,	3,	9,14,5
130,127,127,	0.31921,0.93806,-0.13470,	3,	13,31,12
130,127,127,	-0.00000,-0.00000,-1.00000,	3,	17,44,21
130,127,127,	-0.24544,0.96941,-0.00000,	3,	18,178,19
130,127,127,	-1.00000,-0.00000,-0.00000,	3,	19,21,20
130,127,127,	0.00000,-0.00000,-1.00000,	3,	19,176,16
130,127,127,	-0.00000,-0.00000,1.00000,	3,	25,28,24
130,127,127,	-0.32833,-0.94456,-0.00000,	3,	27,36,26
130,127,127,	0.42662,0.89840,0.10431,	3,	30,33,31
130,127,127,	0.00000,0.98325,0.18226,	3,	32,78,33
130,127,127,	-0.00000,0.98401,-0.17810,	3,	33,82,55
130,127,127,	0.00000,-0.00000,1.00000,	3,	35,43,42
130,127,127,	0.51453,0.80042,0.30755,	3,	40,63,49
130,127,127,	-0.00000,0.84802,-0.52997,	3,	41,89,44
130,127,127,	-0.00000,-0.00000,-1.00000,	3,	47,58,20
130,127,127,	-0.00000,-1.00000,0.00000,	3,	47,86,85
130,127,127,	0.76213,-0.64742,-0.00000,	3,	51,57,50
130,127,127,	0.80635,0.59143,-0.00000,	3,	52,58,53
130,127,127,	-0.00000,-0.00000,-1.00000,	3,	53,71,51
130,127,127,	0.51032,0.64095,-0.57337,	3,	54,67,64
130,127,127,	0.30489,-0.95239,-0.00000,	3,	56,171,170
130,127,127,	0.00000,-0.00000,-1.00000,	3,	56,177,18
130,127,127,	-0.00000,-0.00000,-1.00000,	3,	59,75,71
130,127,127,	-0.00000,-0.95463,0.29779,	3,	62,152,66
130,127,127,	-0.00000,0.98401,-0.17809,	3,	64,101,34
130,127,127,	-0.00000,-0.00000,1.00000,	3,	66,154,65
130,127,127,	-0.00000,0.98402,-0.17808,	3,	67,309,292
130,127,127,	-0.80635,-0.59144,-0.00000,	3,	71,74,70
130,127,127,	-0.30518,0.95229,-0.00000,	3,	72,173,73
130,127,127,	0.00000,-0.00000,-1.00000,	3,	73,171,57
130,127,127,	-0.27360,-0.96184,0.00000,	3,	75,167,166
130,127,127,	0.00528,0.92461,0.38088,	3,	76,126,32
130,127,127,	0.00000,0.92440,0.38142,	3,	76,158,77
130,127,127,	0.00000,0.92440,0.38142,	3,	77,360,126
130,127,127,	0.85008,0.51984,0.08440,	3,	78,105,82
130,127,127,	-0.00000,-0.00000,1.00000,	3,	79,123,81
130,127,127,	-0.00000,-0.00000,-1.00000,	3,	80,122,117
130,127,127,	-0.00000,-1.00000,0.00000,	3,	83,117,116
130,127,127,	-0.00000,-0.00000,1.00000,	3,	83,121,79
130,127,127,	0.56602,-0.82439,-0.00000,	3,	85,137,136
130,127,127,	-0.00000,-1.00000,0.00000,	3,	91,128,127
130,127,127,	0.95106,-0.30901,-0.00000,	3,	92,103,102
130,127,127,	-0.47999,0.69909,-0.52997,	3,	94,139,89
130,127,127,	0.00000,0.69409,0.71988,	3,	96,259,106
130,127,127,	0.66936,0.73150,-0.12987,	3,	100,108,99
130,127,127,	-0.52914,0.83498,-0.15104,	3,	101,148,94
130,127,127,	-0.00000,0.99772,0.06748,	3,	104,276,82
130,127,127,	-0.00000,0.98475,-0.17396,	3,	106,250,109
130,127,127,	-0.00000,0.69409,0.71988,	3,	107,261,251
130,127,127,	-0.00000,0.98476,-0.17394,	3,	111,252,245
130,127,127,	-0.00000,0.39744,-0.91763,	3,	111,262,99
130,127,127,	-0.58779,0.80902,-0.00000,	3,	114,132,115
130,127,127,	-0.00000,-0.00000,1.00000,	3,	119,124,102
130,127,127,	-1.00000,-0.00000,0.00000,	3,	122,123,121
130,127,127,	-0.00000,0.92440,0.38142,	3,	126,360,230
130,127,127,	-0.00000,0.65742,0.75352,	3,	130,242,118
130,127,127,	-0.76620,0.54861,0.33461,	3,	131,140,138
130,127,127,	-0.00000,0.81292,0.58237,	3,	131,253,105
130,127,127,	0.00495,0.99738,-0.07219,	3,	134,150,140
130,127,127,	-0.00000,0.99753,0.07027,	3,	135,228,130
130,127,127,	-0.00000,0.76522,-0.64377,	3,	135,229,223
130,127,127,	0.00000,-0.00000,-1.00000,	3,	136,189,168
130,127,127,	-0.00000,-1.00000,0.00000,	3,	137,222,221
130,127,127,	-0.00000,-0.00000,-1.00000,	3,	146,262,215
130,127,127,	0.70434,0.66913,0.23700,	3,	150,151,149
130,127,127,	-0.00000,0.81289,0.58241,	3,	150,230,208
130,127,127,	-0.00000,-0.95463,0.29779,	3,	152,199,153
130,127,127,	1.00000,0.00000,0.00000,	3,	157,158,156
130,127,127,	0.00000,0.81428,0.58047,	3,	161,197,138
130,127,127,	-0.00000,0.61699,0.78697,	3,	163,195,164
130,127,127,	-0.00000,-0.00000,-1.00000,	3,	166,191,172
130,127,127,	0.27331,0.96193,0.00000,	3,	168,169,58
130,127,127,	-0.00000,-0.00000,-1.00000,	3,	169,190,167
130,127,127,	0.00000,-0.00000,-1.00000,	3,	173,188,171
130,127,127,	0.00000,1.00000,0.00000,	3,	177,180,178
130,127,127,	-0.24153,-0.95395,-0.17787,	3,	184,352,183
130,127,127,	0.30518,0.95229,-0.00000,	3,	185,285,186
130,127,127,	-0.00000,-0.00000,-1.00000,	3,	186,286,188
130,127,127,	-0.00000,-0.00000,-1.00000,	3,	187,301,180
130,127,127,	-0.00000,-0.00000,-1.00000,	3,	190,300,284
130,127,127,	-0.79968,-0.00316,0.60042,	3,	193,203,194
130,127,127,	-0.86157,0.50236,0.07300,	3,	195,205,196
130,127,127,	-0.00000,0.93337,-0.35891,	3,	196,206,165
130,127,127,	0.00000,1.00000,0.00000,	3,	200,293,201
130,127,127,	0.00000,0.58315,0.81237,	3,	202,298,282
130,127,127,	-0.00000,-0.00000,1.00000,	3,	216,263,147
130,127,127,	0.00000,-0.00000,-1.00000,	3,	221,299,189
130,127,127,	0.95106,-0.30902,-0.00000,	3,	226,231,225
130,127,127,	-0.85715,0.37948,0.34828,	3,	230,280,253
130,127,127,	0.58778,0.80902,-0.00000,	3,	233,246,234
130,127,127,	0.95106,-0.30901,-0.00000,	3,	234,239,238
130,127,127,	1.00000,-0.00000,0.00000,	3,	235,237,236
130,127,127,	-0.00000,-0.00000,1.00000,	3,	238,265,246
130,127,127,	-0.00000,-0.00000,1.00000,	3,	240,277,235
130,127,127,	-0.00000,0.39782,-0.91746,	3,	243,258,95
130,127,127,	-0.58779,0.80902,-0.00000,	3,	248,270,249
130,127,127,	-0.66039,0.73881,-0.13432,	3,	251,260,244
130,127,127,	-0.66936,0.73150,-0.12987,	3,	252,263,262
130,127,127,	-0.00011,0.99772,0.06755,	3,	253,254,229
130,127,127,	-0.95106,-0.30901,-0.00000,	3,	256,265,255
130,127,127,	-0.00000,0.84802,-0.52997,	3,	257,317,269
130,127,127,	-0.58778,0.80902,-0.00000,	3,	265,266,247
130,127,127,	-0.00000,-0.00000,1.00000,	3,	267,270,231
130,127,127,	-0.00000,-0.00000,-1.00000,	3,	269,273,219
130,127,127,	-0.00000,-1.00000,0.00000,	3,	273,311,310
130,127,127,	-1.00000,-0.00000,0.00000,	3,	278,279,277
130,127,127,	0.00000,0.98325,0.18226,	3,	280,326,325
130,127,127,	-0.00000,-0.00000,-1.00000,	3,	283,289,285
130,127,127,	0.80635,-0.59144,-0.00000,	3,	284,290,283
130,127,127,	0.76215,0.64740,-0.00000,	3,	285,287,286
130,127,127,	0.00000,-0.00000,-1.00000,	3,	288,302,286
130,127,127,	1.00000,0.00000,0.00000,	3,	289,290,288
130,127,127,	-0.79728,-0.06791,0.59977,	3,	291,297,293
130,127,127,	-0.76213,-0.64742,0.00000,	3,	302,306,305
130,127,127,	-0.51456,0.80036,0.30765,	3,	303,318,295
130,127,127,	-1.00000,-0.00000,-0.00000,	3,	306,308,307
130,127,127,	-0.68036,0.71945,-0.13966,	3,	309,313,304
130,127,127,	0.00000,-0.00000,-1.00000,	3,	310,339,299
130,127,127,	0.00000,-0.00000,-1.00000,	3,	314,340,311
130,127,127,	-0.00000,-0.00000,1.00000,	3,	315,329,320
130,127,127,	-0.26194,0.80655,-0.52997,	3,	317,346,314
130,127,127,	0.00002,0.98402,-0.17808,	3,	319,325,324
130,127,127,	-1.00000,-0.00011,-0.00000,	3,	321,323,320
130,127,127,	0.32833,-0.94456,-0.00000,	3,	323,331,322
130,127,127,	-0.42662,0.89840,0.10431,	3,	325,328,327
130,127,127,	-0.00000,-0.00000,1.00000,	3,	330,332,321
130,127,127,	-0.29824,0.87679,0.37721,	3,	334,343,328
130,127,127,	-0.82763,0.40186,0.39183,	3,	336,356,350
130,127,127,	-0.00000,-0.00000,-1.00000,	3,	338,342,341
130,127,127,	-0.57284,0.80559,0.15123,	3,	343,350,345
130,127,127,	-0.31921,0.93806,-0.13470,	3,	345,346,327
130,127,127,	-0.59265,-0.78950,0.15955,	3,	349,355,353
130,127,127,	-0.93240,-0.00006,-0.36143,	3,	352,358,357
131,127,127,	0.79669,-0.00057,0.60439,	3,	42,359,60
131,127,127,	0.79603,-0.00009,0.60526,	3,	43,359,42
131,127,127,	0.00000,0.99771,0.06766,	3,	105,253,129
131,127,127,	-0.00000,0.98475,-0.17396,	3,	110,251,244
131,127,127,	-0.00000,0.99771,0.06757,	3,	118,254,104
131,127,127,	-0.00000,0.98924,0.14630,	3,	161,207,197
131,127,127,	-0.00000,0.61699,0.78697,	3,	194,195,163
131,127,127,	-0.00000,-0.95463,0.29779,	3,	198,361,291
131,127,127,	-1.00000,-0.00000,0.00000,	3,	201,202,200
131,127,127,	-0.00002,0.81291,0.58239,	3,	230,253,227
131,127,127,	-0.00000,-1.00000,0.00000,	3,	239,256,255
131,127,127,	-0.00007,0.99772,0.06755,	3,	253,276,254
131,127,127,	-0.00000,-0.00000,1.00000,	3,	274,277,240
131,127,127,	-0.77766,-0.00056,0.62868,	3,	291,361,297
131,127,127,	-0.00000,-0.97745,0.21115,	3,	296,359,315
131,127,127,	-0.27331,0.96193,-0.00000,	3,	299,300,190
131,127,127,	-0.00000,-0.97745,0.21115,	3,	315,359,43
131,127,127,	-0.00000,-0.00000,-1.00000,	3,	338,341,182

TEXTURES
oolite_asp_diffuse.png	1.0 1.0	0.00921 0.22764	0.10013 0.00830	0.09141 0.00563
oolite_asp_diffuse.png	1.0 1.0	0.00127 0.22732	0.00899 0.23270	0.00921 0.22764
oolite_asp_diffuse.png	1.0 1.0	0.44805 0.76995	0.54230 0.65691	0.44836 0.76438
oolite_asp_diffuse.png	1.0 1.0	0.00123 0.23466	0.08856 0.57947	0.00899 0.23270
oolite_asp_diffuse.png	1.0 1.0	0.00899 0.23270	0.09461 0.57802	0.11341 0.34655
oolite_asp_diffuse.png	1.0 1.0	0.11280 0.33827	0.10413 0.00851	0.10013 0.00830
oolite_asp_diffuse.png	1.0 1.0	0.52577 0.99406	0.71067 0.76891	0.44805 0.76995
oolite_asp_diffuse.png	1.0 1.0	0.10013 0.00830	0.09988 0.00241	0.09522 0.00098
oolite_asp_diffuse.png	1.0 1.0	0.11341 0.34655	0.11992 0.34962	0.11917 0.34339
oolite_asp_diffuse.png	1.0 1.0	0.54230 0.65691	0.71067 0.76891	0.54563 0.65239
oolite_asp_diffuse.png	1.0 1.0	0.52803 0.99963	0.70064 0.99389	0.52577 0.99406
oolite_asp_diffuse.png	1.0 1.0	0.99656 0.36914	0.97596 0.36241	0.97596 0.38023
oolite_asp_diffuse.png	1.0 1.0	0.10413 0.00851	0.22043 0.00280	0.10199 0.00272
oolite_asp_diffuse.png	1.0 1.0	0.54563 0.65239	0.60813 0.43642	0.53996 0.65198
oolite_asp_diffuse.png	1.0 1.0	0.54563 0.65239	0.71336 0.76359	0.61279 0.43379
oolite_asp_diffuse.png	1.0 1.0	0.97596 0.36241	0.96897 0.36728	0.96897 0.37479
oolite_asp_diffuse.png	1.0 1.0	0.99846 0.05674	0.85419 0.04264	0.85419 0.07784
oolite_asp_diffuse.png	1.0 1.0	0.99846 0.04702	0.84982 0.03668	0.99846 0.05674
oolite_asp_diffuse.png	1.0 1.0	0.94264 0.29770	0.84736 0.29770	0.84736 0.30871
oolite_asp_diffuse.png	1.0 1.0	0.61430 0.21555	0.62212 0.21700	0.61446 0.20621
oolite_asp_diffuse.png	1.0 1.0	0.15776 0.57652	0.16227 0.57885	0.11992 0.34962
oolite_asp_diffuse.png	1.0 1.0	0.62212 0.20355	0.63471 0.21285	0.63460 0.20445
oolite_asp_diffuse.png	1.0 1.0	0.16227 0.57885	0.20837 0.57870	0.20867 0.34906
oolite_asp_diffuse.png	1.0 1.0	0.66810 0.27352	0.77794 0.29225	0.77792 0.23525
oolite_asp_diffuse.png	1.0 1.0	0.62432 0.23132	0.62432 0.22511	0.61592 0.22511
oolite_asp_diffuse.png	1.0 1.0	0.63471 0.21285	0.68790 0.21698	0.68377 0.21283
oolite_asp_diffuse.png	1.0 1.0	0.20867 0.34906	0.20942 0.34339	0.11992 0.34962
oolite_asp_diffuse.png	1.0 1.0	0.20942 0.34339	0.22090 0.00836	0.10413 0.00851
oolite_asp_diffuse.png	1.0 1.0	0.23489 0.39999	0.24073 0.32102	0.21485 0.35825
oolite_asp_diffuse.png	1.0 1.0	0.24187 0.32092	0.24656 0.31760	0.24187 0.24356
oolite_asp_diffuse.png	1.0 1.0	0.24126 0.23967	0.26820 0.23967	0.24447 0.00986
oolite_asp_diffuse.png	1.0 1.0	0.68376 0.18732	0.68790 0.18157	0.63460 0.20445
oolite_asp_diffuse.png	1.0 1.0	0.69890 0.22511	0.67334 0.23132	0.69890 0.23132
oolite_asp_diffuse.png	1.0 1.0	0.67334 0.23132	0.67334 0.22511	0.62432 0.22511
oolite_asp_diffuse.png	1.0 1.0	0.24656 0.31760	0.25213 0.31760	0.24656 0.31044
oolite_asp_diffuse.png	1.0 1.0	0.24656 0.30939	0.25002 0.30832	0.24656 0.25636
oolite_asp_diffuse.png	1.0 1.0	0.24447 0.00986	0.26839 0.00986	0.26735 0.00423
oolite_asp_diffuse.png	1.0 1.0	0.24227 0.60110	0.24992 0.60733	0.24296 0.41155
oolite_asp_diffuse.png	1.0 1.0	0.86068 0.32474	0.83582 0.33180	0.85957 0.33173
oolite_asp_diffuse.png	1.0 1.0	0.24656 0.24740	0.25417 0.24740	0.24187 0.24356
oolite_asp_diffuse.png	1.0 1.0	0.25002 0.30832	0.25550 0.25141	0.25002 0.25749
oolite_asp_diffuse.png	1.0 1.0	0.37448 0.95115	0.38196 0.99773	0.38196 0.95115
oolite_asp_diffuse.png	1.0 1.0	0.85142 0.07734	0.83952 0.07384	0.84726 0.08221
oolite_asp_diffuse.png	1.0 1.0	0.33508 0.95115	0.33508 0.99773	0.37448 0.99773
oolite_asp_diffuse.png	1.0 1.0	0.25002 0.25749	0.25334 0.24740	0.24656 0.25599
oolite_asp_diffuse.png	1.0 1.0	0.25278 0.31760	0.35545 0.31760	0.25416 0.31363
oolite_asp_diffuse.png	1.0 1.0	0.32677 0.95115	0.32677 0.99773	0.33508 0.99773
oolite_asp_diffuse.png	1.0 1.0	0.84722 0.03774	0.77934 0.01857	0.83751 0.04427
oolite_asp_diffuse.png	1.0 1.0	0.70231 0.17845	0.75423 0.17845	0.71180 0.15847
oolite_asp_diffuse.png	1.0 1.0	0.69750 0.21506	0.70264 0.21792	0.70240 0.21462
oolite_asp_diffuse.png	1.0 1.0	0.25416 0.31363	0.35407 0.31363	0.25550 0.25141
oolite_asp_diffuse.png	1.0 1.0	0.25417 0.24740	0.35407 0.24740	0.33774 0.24356
oolite_asp_diffuse.png	1.0 1.0	0.31036 0.94683	0.31377 0.91824	0.31036 0.91824
oolite_asp_diffuse.png	1.0 1.0	0.31036 0.91824	0.27903 0.91824	0.27903 0.94683
oolite_asp_diffuse.png	1.0 1.0	0.44581 0.80111	0.44139 0.87020	0.44581 0.86499
oolite_asp_diffuse.png	1.0 1.0	0.27903 0.91824	0.27501 0.91824	0.27501 0.94683
oolite_asp_diffuse.png	1.0 1.0	0.83766 0.07601	0.77937 0.09466	0.77937 0.10371
oolite_asp_diffuse.png	1.0 1.0	0.44101 0.79456	0.30293 0.75499	0.44139 0.87020
oolite_asp_diffuse.png	1.0 1.0	0.25834 0.40301	0.26505 0.32293	0.24073 0.32102
oolite_asp_diffuse.png	1.0 1.0	0.93910 0.53041	0.92400 0.60338	0.95795 0.53763
oolite_asp_diffuse.png	1.0 1.0	0.02050 0.77941	0.02049 0.79555	0.08882 0.77941
oolite_asp_diffuse.png	1.0 1.0	0.02049 0.79555	0.02049 0.81714	0.08882 0.79560
oolite_asp_diffuse.png	1.0 1.0	0.82637 0.00111	0.80963 0.01260	0.85709 0.00111
oolite_asp_diffuse.png	1.0 1.0	0.82765 0.29770	0.81465 0.29770	0.82765 0.30871
oolite_asp_diffuse.png	1.0 1.0	0.99893 0.88699	0.95129 0.85902	0.95129 0.88699
oolite_asp_diffuse.png	1.0 1.0	0.83366 0.32481	0.82079 0.33372	0.83582 0.33180
oolite_asp_diffuse.png	1.0 1.0	0.47808 0.90292	0.44142 0.92956	0.46408 0.94602
oolite_asp_diffuse.png	1.0 1.0	0.99893 0.99903	0.95129 0.97102	0.95129 0.99903
oolite_asp_diffuse.png	1.0 1.0	0.40768 0.65722	0.45264 0.65722	0.43016 0.64089
oolite_asp_diffuse.png	1.0 1.0	0.43687 0.59314	0.42125 0.59314	0.43687 0.62682
oolite_asp_diffuse.png	1.0 1.0	0.26839 0.00986	0.28117 0.23522	0.28130 0.00906
oolite_asp_diffuse.png	1.0 1.0	0.99843 0.10868	0.99403 0.11067	0.99843 0.12769
oolite_asp_diffuse.png	1.0 1.0	0.71089 0.11335	0.70650 0.11535	0.71089 0.13236
oolite_asp_diffuse.png	1.0 1.0	0.85873 0.38283	0.72302 0.38282	0.83708 0.39792
oolite_asp_diffuse.png	1.0 1.0	0.27049 0.24356	0.33774 0.24356	0.28117 0.23522
oolite_asp_diffuse.png	1.0 1.0	0.42125 0.59314	0.40560 0.62682	0.42125 0.62682
oolite_asp_diffuse.png	1.0 1.0	0.26953 0.40730	0.27382 0.40285	0.26972 0.32735
oolite_asp_diffuse.png	1.0 1.0	0.99403 0.11067	0.86130 0.10716	0.86454 0.11067
oolite_asp_diffuse.png	1.0 1.0	0.70650 0.11535	0.57700 0.11534	0.70650 0.13039
oolite_asp_diffuse.png	1.0 1.0	0.85562 0.36426	0.85562 0.37930	0.86001 0.38127
oolite_asp_diffuse.png	1.0 1.0	0.85562 0.36426	0.72289 0.36074	0.72613 0.36425
oolite_asp_diffuse.png	1.0 1.0	0.99403 0.12572	0.86454 0.12571	0.99714 0.12925
oolite_asp_diffuse.png	1.0 1.0	0.70650 0.13039	0.57390 0.13392	0.70961 0.13393
oolite_asp_diffuse.png	1.0 1.0	0.45249 0.62682	0.45249 0.59314	0.43687 0.59314
oolite_asp_diffuse.png	1.0 1.0	0.95129 0.91500	0.99893 0.91500	0.95129 0.88699
oolite_asp_diffuse.png	1.0 1.0	0.02049 0.81714	0.08882 0.83337	0.08882 0.81711
oolite_asp_diffuse.png	1.0 1.0	0.00568 0.59792	0.02818 0.74378	0.01945 0.60795
oolite_asp_diffuse.png	1.0 1.0	0.48375 0.59314	0.46813 0.62682	0.48375 0.62682
oolite_asp_diffuse.png	1.0 1.0	0.07579 0.88024	0.07579 0.85120	0.00794 0.88024
oolite_asp_diffuse.png	1.0 1.0	0.46813 0.62682	0.46813 0.59314	0.45249 0.59314
oolite_asp_diffuse.png	1.0 1.0	0.27423 0.45034	0.27806 0.44826	0.27584 0.41262
oolite_asp_diffuse.png	1.0 1.0	0.27453 0.45488	0.33371 0.45488	0.28546 0.45035
oolite_asp_diffuse.png	1.0 1.0	0.95129 0.97102	0.99893 0.94292	0.95129 0.94292
oolite_asp_diffuse.png	1.0 1.0	0.01931 0.75936	0.19296 0.75936	0.02818 0.74378
oolite_asp_diffuse.png	1.0 1.0	0.80963 0.01260	0.77938 0.01666	0.84982 0.03668
oolite_asp_diffuse.png	1.0 1.0	0.80963 0.01260	0.73011 0.01260	0.76036 0.01665
oolite_asp_diffuse.png	1.0 1.0	0.82079 0.33372	0.76348 0.33372	0.82291 0.34069
oolite_asp_diffuse.png	1.0 1.0	0.23476 0.71784	0.24946 0.73183	0.24312 0.71711
oolite_asp_diffuse.png	1.0 1.0	0.23476 0.71784	0.25663 0.68913	0.22976 0.63049
oolite_asp_diffuse.png	1.0 1.0	0.28130 0.00906	0.32694 0.00906	0.28084 0.00348
oolite_asp_diffuse.png	1.0 1.0	0.97549 0.14434	0.86143 0.12924	0.88308 0.14433
oolite_asp_diffuse.png	1.0 1.0	0.68796 0.14902	0.57390 0.13392	0.59554 0.14901
oolite_asp_diffuse.png	1.0 1.0	0.68797 0.09711	0.57376 0.11183	0.70974 0.11184
oolite_asp_diffuse.png	1.0 1.0	0.83710 0.34601	0.72289 0.36074	0.85886 0.36075
oolite_asp_diffuse.png	1.0 1.0	0.28117 0.23522	0.32707 0.23522	0.32694 0.00906
oolite_asp_diffuse.png	1.0 1.0	0.25554 0.71174	0.25663 0.68913	0.24312 0.71711
oolite_asp_diffuse.png	1.0 1.0	0.28746 0.44372	0.32278 0.45034	0.32078 0.44372
oolite_asp_diffuse.png	1.0 1.0	0.75431 0.22307	0.75431 0.21792	0.70264 0.21792
oolite_asp_diffuse.png	1.0 1.0	0.91404 0.28617	0.91799 0.28408	0.91404 0.23568
oolite_asp_diffuse.png	1.0 1.0	0.75431 0.21462	0.75431 0.20970	0.70240 0.21462
oolite_asp_diffuse.png	1.0 1.0	0.75925 0.20977	0.75925 0.17741	0.75431 0.17845
oolite_asp_diffuse.png	1.0 1.0	0.75431 0.20970	0.75431 0.17845	0.70226 0.20970
oolite_asp_diffuse.png	1.0 1.0	0.91404 0.23363	0.91799 0.23497	0.91404 0.19663
oolite_asp_diffuse.png	1.0 1.0	0.91337 0.19387	0.91514 0.15520	0.90568 0.19457
oolite_asp_diffuse.png	1.0 1.0	0.91799 0.28408	0.98421 0.23497	0.91799 0.23497
oolite_asp_diffuse.png	1.0 1.0	0.91799 0.28408	0.98640 0.28774	0.98421 0.28408
oolite_asp_diffuse.png	1.0 1.0	0.91799 0.19411	0.91799 0.15837	0.91337 0.19387
oolite_asp_diffuse.png	1.0 1.0	0.91799 0.15837	0.98661 0.15476	0.91560 0.15476
oolite_asp_diffuse.png	1.0 1.0	0.20453 0.91824	0.18311 0.94683	0.20453 0.94683
oolite_asp_diffuse.png	1.0 1.0	0.77932 0.10548	0.77279 0.11388	0.84988 0.08292
oolite_asp_diffuse.png	1.0 1.0	0.77932 0.10548	0.76042 0.10550	0.76695 0.11387
oolite_asp_diffuse.png	1.0 1.0	0.46531 0.99769	0.48672 0.99769	0.48672 0.95108
oolite_asp_diffuse.png	1.0 1.0	0.38524 0.94683	0.38524 0.91823	0.31377 0.94683
oolite_asp_diffuse.png	1.0 1.0	0.30261 0.91448	0.25922 0.75499	0.25954 0.91448
oolite_asp_diffuse.png	1.0 1.0	0.71039 0.99426	0.71632 0.99426	0.71066 0.76887
oolite_asp_diffuse.png	1.0 1.0	0.71066 0.76887	0.71606 0.76887	0.71336 0.76359
oolite_asp_diffuse.png	1.0 1.0	0.71076 0.99982	0.71596 0.99982	0.71039 0.99426
oolite_asp_diffuse.png	1.0 1.0	0.79106 0.30991	0.79106 0.32092	0.94033 0.30991
oolite_asp_diffuse.png	1.0 1.0	0.79440 0.41905	0.78987 0.41905	0.79527 0.42604
oolite_asp_diffuse.png	1.0 1.0	0.71336 0.76359	0.88108 0.65239	0.81392 0.43379
oolite_asp_diffuse.png	1.0 1.0	0.78732 0.30991	0.63806 0.30991	0.78732 0.32091
oolite_asp_diffuse.png	1.0 1.0	0.78987 0.41905	0.61531 0.37478	0.78900 0.42604
oolite_asp_diffuse.png	1.0 1.0	0.72647 0.99945	0.89868 0.99963	0.72607 0.99389
oolite_asp_diffuse.png	1.0 1.0	0.71604 0.76891	0.88442 0.65691	0.88108 0.65239
oolite_asp_diffuse.png	1.0 1.0	0.40642 0.94675	0.40642 0.91823	0.38524 0.91823
oolite_asp_diffuse.png	1.0 1.0	0.00236 0.99773	0.08576 0.99773	0.08576 0.95115
oolite_asp_diffuse.png	1.0 1.0	0.22318 0.95115	0.22318 0.99773	0.24455 0.99773
oolite_asp_diffuse.png	1.0 1.0	0.76109 0.01857	0.76107 0.02785	0.77936 0.02785
oolite_asp_diffuse.png	1.0 1.0	0.18311 0.91824	0.11263 0.91824	0.18311 0.94683
oolite_asp_diffuse.png	1.0 1.0	0.98421 0.19411	0.98421 0.15837	0.91799 0.19411
oolite_asp_diffuse.png	1.0 1.0	0.76486 0.22300	0.81651 0.21785	0.76486 0.21785
oolite_asp_diffuse.png	1.0 1.0	0.76486 0.20961	0.81687 0.20964	0.76486 0.17839
oolite_asp_diffuse.png	1.0 1.0	0.99448 0.23063	0.99333 0.20240	0.98816 0.23363
oolite_asp_diffuse.png	1.0 1.0	0.98816 0.23363	0.98816 0.19663	0.98421 0.23497
oolite_asp_diffuse.png	1.0 1.0	0.99653 0.19457	0.98707 0.15520	0.98884 0.19387
oolite_asp_diffuse.png	1.0 1.0	0.31983 0.59583	0.34910 0.59583	0.34695 0.57619
oolite_asp_diffuse.png	1.0 1.0	0.35667 0.71174	0.36909 0.71711	0.35558 0.68912
oolite_asp_diffuse.png	1.0 1.0	0.36275 0.73183	0.37745 0.71784	0.36909 0.71711
oolite_asp_diffuse.png	1.0 1.0	0.32278 0.45034	0.33371 0.45488	0.32983 0.45054
oolite_asp_diffuse.png	1.0 1.0	0.32694 0.00906	0.33985 0.00986	0.32739 0.00348
oolite_asp_diffuse.png	1.0 1.0	0.88306 0.09242	0.86130 0.10716	0.97551 0.09243
oolite_asp_diffuse.png	1.0 1.0	0.32707 0.23522	0.34004 0.23967	0.33985 0.00986
oolite_asp_diffuse.png	1.0 1.0	0.37745 0.71784	0.38245 0.63049	0.35558 0.68912
oolite_asp_diffuse.png	1.0 1.0	0.76348 0.33372	0.74845 0.33180	0.76137 0.34068
oolite_asp_diffuse.png	1.0 1.0	0.38245 0.63049	0.39192 0.61734	0.22976 0.63049
oolite_asp_diffuse.png	1.0 1.0	0.73011 0.01260	0.68265 0.00110	0.68992 0.03667
oolite_asp_diffuse.png	1.0 1.0	0.76373 0.29770	0.75074 0.30871	0.76373 0.30871
oolite_asp_diffuse.png	1.0 1.0	0.18409 0.74378	0.20659 0.59792	0.19282 0.60795
oolite_asp_diffuse.png	1.0 1.0	0.38974 0.73004	0.39636 0.62267	0.37745 0.71784
oolite_asp_diffuse.png	1.0 1.0	0.95129 0.88699	0.99893 0.91500	0.99893 0.88699
oolite_asp_diffuse.png	1.0 1.0	0.33236 0.41269	0.33664 0.40841	0.27584 0.41262
oolite_asp_diffuse.png	1.0 1.0	0.33371 0.45488	0.36532 0.41095	0.34165 0.41119
oolite_asp_diffuse.png	1.0 1.0	0.47808 0.90292	0.46408 0.94602	0.48673 0.92956
oolite_asp_diffuse.png	1.0 1.0	0.99893 0.99903	0.95129 0.97102	0.95129 0.99903
oolite_asp_diffuse.png	1.0 1.0	0.89209 0.41232	0.87646 0.50531	0.89209 0.50531
oolite_asp_diffuse.png	1.0 1.0	0.02050 0.77941	0.02049 0.79555	0.08882 0.77941
oolite_asp_diffuse.png	1.0 1.0	0.00509 0.79042	0.00509 0.82227	0.02049 0.81714
oolite_asp_diffuse.png	1.0 1.0	0.02049 0.79555	0.02049 0.81714	0.08882 0.79560
oolite_asp_diffuse.png	1.0 1.0	0.90770 0.50531	0.92334 0.50531	0.90770 0.41232
oolite_asp_diffuse.png	1.0 1.0	0.86454 0.11067	0.86015 0.12768	0.86454 0.12571
oolite_asp_diffuse.png	1.0 1.0	0.57700 0.11534	0.57261 0.11334	0.57261 0.13235
oolite_asp_diffuse.png	1.0 1.0	0.72613 0.36425	0.72173 0.38126	0.72613 0.37929
oolite_asp_diffuse.png	1.0 1.0	0.33707 0.32585	0.34175 0.32144	0.27117 0.32586
oolite_asp_diffuse.png	1.0 1.0	0.98693 0.65481	0.99487 0.63037	0.96123 0.65481
oolite_asp_diffuse.png	1.0 1.0	0.34004 0.23967	0.36698 0.23967	0.36377 0.00986
oolite_asp_diffuse.png	1.0 1.0	0.99893 0.97102	0.99893 0.94292	0.95129 0.97102
oolite_asp_diffuse.png	1.0 1.0	0.34089 0.00423	0.36377 0.00986	0.36330 0.00423
oolite_asp_diffuse.png	1.0 1.0	0.95129 0.94292	0.99893 0.94292	0.99893 0.91500
oolite_asp_diffuse.png	1.0 1.0	0.75074 0.29770	0.73103 0.30871	0.75074 0.30871
oolite_asp_diffuse.png	1.0 1.0	0.74845 0.33180	0.72359 0.32473	0.72470 0.33172
oolite_asp_diffuse.png	1.0 1.0	0.02049 0.81714	0.08882 0.83337	0.08882 0.81711
oolite_asp_diffuse.png	1.0 1.0	0.34202 0.32138	0.35545 0.31760	0.26622 0.32138
oolite_asp_diffuse.png	1.0 1.0	0.07579 0.88024	0.07579 0.85120	0.00794 0.88024
oolite_asp_diffuse.png	1.0 1.0	0.34971 0.40331	0.36732 0.32133	0.34319 0.32293
oolite_asp_diffuse.png	1.0 1.0	0.12114 0.79456	0.12076 0.87020	0.25922 0.75499
oolite_asp_diffuse.png	1.0 1.0	0.11263 0.94683	0.10861 0.91824	0.10861 0.94683
oolite_asp_diffuse.png	1.0 1.0	0.70291 0.04427	0.69321 0.03774	0.70092 0.04697
oolite_asp_diffuse.png	1.0 1.0	0.07387 0.94683	0.07387 0.91824	0.00240 0.91824
oolite_asp_diffuse.png	1.0 1.0	0.07727 0.94683	0.10861 0.94683	0.07727 0.91824
oolite_asp_diffuse.png	1.0 1.0	0.70091 0.07385	0.68901 0.07734	0.69316 0.08221
oolite_asp_diffuse.png	1.0 1.0	0.70092 0.04697	0.68903 0.04342	0.68901 0.07734
oolite_asp_diffuse.png	1.0 1.0	0.81651 0.21785	0.81680 0.21456	0.76486 0.21456
oolite_asp_diffuse.png	1.0 1.0	0.35274 0.25141	0.35407 0.24740	0.25550 0.25141
oolite_asp_diffuse.png	1.0 1.0	0.35274 0.25141	0.35822 0.30832	0.35822 0.25749
oolite_asp_diffuse.png	1.0 1.0	0.35407 0.31363	0.36167 0.31022	0.35822 0.30832
oolite_asp_diffuse.png	1.0 1.0	0.81679 0.21437	0.83126 0.18157	0.81686 0.17845
oolite_asp_diffuse.png	1.0 1.0	0.35835 0.60673	0.36532 0.41095	0.34910 0.59583
oolite_asp_diffuse.png	1.0 1.0	0.14095 0.95115	0.13265 0.99773	0.14095 0.99773
oolite_asp_diffuse.png	1.0 1.0	0.68992 0.03667	0.54128 0.05674	0.68555 0.04263
oolite_asp_diffuse.png	1.0 1.0	0.35545 0.31760	0.36637 0.32092	0.36167 0.31760
oolite_asp_diffuse.png	1.0 1.0	0.35822 0.25749	0.36167 0.25599	0.35490 0.24740
oolite_asp_diffuse.png	1.0 1.0	0.68555 0.07783	0.54128 0.05674	0.68986 0.08291
oolite_asp_diffuse.png	1.0 1.0	0.09325 0.99773	0.13265 0.95115	0.09325 0.95115
oolite_asp_diffuse.png	1.0 1.0	0.73103 0.30871	0.63574 0.29770	0.63574 0.30871
oolite_asp_diffuse.png	1.0 1.0	0.36167 0.24740	0.36637 0.24356	0.35407 0.24740
oolite_asp_diffuse.png	1.0 1.0	0.83126 0.21698	0.83540 0.18732	0.83126 0.18157
oolite_asp_diffuse.png	1.0 1.0	0.36601 0.60050	0.39257 0.37245	0.36532 0.41095
oolite_asp_diffuse.png	1.0 1.0	0.84150 0.23132	0.81594 0.22511	0.81594 0.23132
oolite_asp_diffuse.png	1.0 1.0	0.78603 0.29225	0.89587 0.27352	0.78605 0.23525
oolite_asp_diffuse.png	1.0 1.0	0.36800 0.31576	0.39665 0.34400	0.36377 0.00986
oolite_asp_diffuse.png	1.0 1.0	0.89051 0.23132	0.89051 0.22511	0.84150 0.23132
oolite_asp_diffuse.png	1.0 1.0	0.89892 0.23132	0.89892 0.22511	0.89051 0.23132
oolite_asp_diffuse.png	1.0 1.0	0.88457 0.20445	0.89704 0.20355	0.83126 0.18157
oolite_asp_diffuse.png	1.0 1.0	0.89704 0.21700	0.89704 0.20355	0.88445 0.21285
oolite_asp_diffuse.png	1.0 1.0	0.90486 0.21555	0.90470 0.20621	0.89704 0.21700
oolite_asp_diffuse.png	1.0 1.0	0.45028 0.57625	0.48812 0.34935	0.44577 0.57858
oolite_asp_diffuse.png	1.0 1.0	0.63806 0.30991	0.63179 0.30991	0.63806 0.32091
oolite_asp_diffuse.png	1.0 1.0	0.61531 0.36727	0.60832 0.36240	0.61531 0.37478
oolite_asp_diffuse.png	1.0 1.0	0.48812 0.34935	0.48887 0.34312	0.39862 0.34312
oolite_asp_diffuse.png	1.0 1.0	0.88108 0.65239	0.88675 0.65198	0.81858 0.43642
oolite_asp_diffuse.png	1.0 1.0	0.48887 0.34312	0.49523 0.33800	0.50391 0.00824
oolite_asp_diffuse.png	1.0 1.0	0.50391 0.00824	0.50791 0.00803	0.50605 0.00245
oolite_asp_diffuse.png	1.0 1.0	0.58771 0.36913	0.58771 0.37501	0.60832 0.38022
oolite_asp_diffuse.png	1.0 1.0	0.88442 0.65691	0.97866 0.76995	0.97836 0.76438
oolite_asp_diffuse.png	1.0 1.0	0.49463 0.34628	0.59905 0.23243	0.49523 0.33800
oolite_asp_diffuse.png	1.0 1.0	0.50791 0.00803	0.51663 0.00536	0.51282 0.00072
oolite_asp_diffuse.png	1.0 1.0	0.90094 0.99406	0.97866 0.76995	0.71604 0.76891
oolite_asp_diffuse.png	1.0 1.0	0.49523 0.33800	0.59883 0.22737	0.50791 0.00803
oolite_asp_diffuse.png	1.0 1.0	0.60681 0.23439	0.59905 0.23243	0.51948 0.57920
oolite_asp_diffuse.png	1.0 1.0	0.60677 0.22705	0.59883 0.22737	0.59905 0.23243
oolite_asp_diffuse.png	1.0 1.0	0.00921 0.22764	0.09141 0.00563	0.00158 0.22531
oolite_asp_diffuse.png	1.0 1.0	0.44805 0.76995	0.71067 0.76891	0.54230 0.65691
oolite_asp_diffuse.png	1.0 1.0	0.00100 0.23264	0.00899 0.23270	0.00127 0.22732
oolite_asp_diffuse.png	1.0 1.0	0.44836 0.76438	0.54230 0.65691	0.53996 0.65198
oolite_asp_diffuse.png	1.0 1.0	0.00899 0.23270	0.11341 0.34655	0.11280 0.33827
oolite_asp_diffuse.png	1.0 1.0	0.11280 0.33827	0.10013 0.00830	0.00921 0.22764
oolite_asp_diffuse.png	1.0 1.0	0.11280 0.33827	0.11917 0.34339	0.10413 0.00851
oolite_asp_diffuse.png	1.0 1.0	0.10013 0.00830	0.09522 0.00098	0.09141 0.00563
oolite_asp_diffuse.png	1.0 1.0	0.10013 0.00830	0.10413 0.00851	0.10199 0.00272
oolite_asp_diffuse.png	1.0 1.0	0.11378 0.34849	0.15776 0.57652	0.11992 0.34962
oolite_asp_diffuse.png	1.0 1.0	0.52803 0.99963	0.70024 0.99945	0.70064 0.99389
oolite_asp_diffuse.png	1.0 1.0	0.99656 0.36914	0.97596 0.38023	0.99656 0.37502
oolite_asp_diffuse.png	1.0 1.0	0.54563 0.65239	0.61279 0.43379	0.60813 0.43642
oolite_asp_diffuse.png	1.0 1.0	0.11992 0.34962	0.20942 0.34339	0.11917 0.34339
oolite_asp_diffuse.png	1.0 1.0	0.97596 0.36241	0.96897 0.37479	0.97596 0.38023
oolite_asp_diffuse.png	1.0 1.0	0.99846 0.05674	0.84982 0.03668	0.85419 0.04264
oolite_asp_diffuse.png	1.0 1.0	0.94033 0.32092	0.94659 0.30991	0.94033 0.30991
oolite_asp_diffuse.png	1.0 1.0	0.96897 0.37479	0.79440 0.41905	0.79527 0.42604
oolite_asp_diffuse.png	1.0 1.0	0.94264 0.29770	0.84736 0.30871	0.94264 0.30871
oolite_asp_diffuse.png	1.0 1.0	0.08856 0.57947	0.09461 0.57802	0.00899 0.23270
oolite_asp_diffuse.png	1.0 1.0	0.61446 0.20621	0.62212 0.21700	0.62212 0.20355
oolite_asp_diffuse.png	1.0 1.0	0.16227 0.57885	0.20867 0.34906	0.11992 0.34962
oolite_asp_diffuse.png	1.0 1.0	0.62212 0.21700	0.68790 0.21698	0.63471 0.21285
oolite_asp_diffuse.png	1.0 1.0	0.61592 0.23132	0.62432 0.23132	0.61592 0.22511
oolite_asp_diffuse.png	1.0 1.0	0.75095 0.23132	0.69890 0.22511	0.69890 0.23132
oolite_asp_diffuse.png	1.0 1.0	0.63460 0.20445	0.68790 0.18157	0.62212 0.20355
oolite_asp_diffuse.png	1.0 1.0	0.62432 0.23132	0.67334 0.23132	0.62432 0.22511
oolite_asp_diffuse.png	1.0 1.0	0.66835 0.29229	0.77794 0.29225	0.66810 0.27352
oolite_asp_diffuse.png	1.0 1.0	0.21571 0.37305	0.24227 0.60110	0.24296 0.41155
oolite_asp_diffuse.png	1.0 1.0	0.24296 0.41155	0.27453 0.45488	0.26654 0.41076
oolite_asp_diffuse.png	1.0 1.0	0.23966 0.31569	0.24459 0.01048	0.21095 0.34365
oolite_asp_diffuse.png	1.0 1.0	0.24187 0.32092	0.25278 0.31760	0.24656 0.31760
oolite_asp_diffuse.png	1.0 1.0	0.69890 0.22511	0.67334 0.22511	0.67334 0.23132
oolite_asp_diffuse.png	1.0 1.0	0.68377 0.21283	0.68790 0.21698	0.68376 0.18732
oolite_asp_diffuse.png	1.0 1.0	0.24656 0.31760	0.24656 0.24740	0.24187 0.24356
oolite_asp_diffuse.png	1.0 1.0	0.22090 0.00836	0.22043 0.00280	0.10413 0.00851
oolite_asp_diffuse.png	1.0 1.0	0.24447 0.00986	0.26820 0.23967	0.26839 0.00986
oolite_asp_diffuse.png	1.0 1.0	0.86068 0.32474	0.85957 0.33173	0.96897 0.36728
oolite_asp_diffuse.png	1.0 1.0	0.86068 0.32474	0.83366 0.32481	0.83582 0.33180
oolite_asp_diffuse.png	1.0 1.0	0.24656 0.25592	0.25346 0.24740	0.24656 0.24740
oolite_asp_diffuse.png	1.0 1.0	0.85709 0.00111	0.80963 0.01260	0.84982 0.03668
oolite_asp_diffuse.png	1.0 1.0	0.84736 0.29770	0.82765 0.29770	0.84736 0.30871
oolite_asp_diffuse.png	1.0 1.0	0.25002 0.30832	0.25002 0.25749	0.24656 0.25636
oolite_asp_diffuse.png	1.0 1.0	0.37448 0.95115	0.33508 0.95115	0.37448 0.99773
oolite_asp_diffuse.png	1.0 1.0	0.85419 0.07784	0.84988 0.08292	0.99846 0.05674
oolite_asp_diffuse.png	1.0 1.0	0.85142 0.07734	0.83950 0.04696	0.83952 0.07384
oolite_asp_diffuse.png	1.0 1.0	0.25206 0.31760	0.25416 0.31363	0.24656 0.31022
oolite_asp_diffuse.png	1.0 1.0	0.38196 0.99773	0.46531 0.99769	0.38196 0.95115
oolite_asp_diffuse.png	1.0 1.0	0.32677 0.95115	0.24455 0.99773	0.32677 0.99773
oolite_asp_diffuse.png	1.0 1.0	0.84722 0.03774	0.83950 0.04696	0.85140 0.04342
oolite_asp_diffuse.png	1.0 1.0	0.24992 0.60733	0.25926 0.59589	0.24296 0.41155
oolite_asp_diffuse.png	1.0 1.0	0.70226 0.20970	0.75431 0.17845	0.70224 0.17845
oolite_asp_diffuse.png	1.0 1.0	0.69783 0.21985	0.70264 0.21792	0.69750 0.21506
oolite_asp_diffuse.png	1.0 1.0	0.25416 0.31363	0.25550 0.25141	0.25002 0.30832
oolite_asp_diffuse.png	1.0 1.0	0.25416 0.31363	0.35545 0.31760	0.35407 0.31363
oolite_asp_diffuse.png	1.0 1.0	0.25417 0.24740	0.33774 0.24356	0.27049 0.24356
oolite_asp_diffuse.png	1.0 1.0	0.70240 0.21462	0.75431 0.20970	0.70226 0.20970
oolite_asp_diffuse.png	1.0 1.0	0.25550 0.25141	0.35407 0.24740	0.25417 0.24740
oolite_asp_diffuse.png	1.0 1.0	0.31036 0.91824	0.27903 0.94683	0.31036 0.94683
oolite_asp_diffuse.png	1.0 1.0	0.83952 0.07384	0.83766 0.07601	0.84726 0.08221
oolite_asp_diffuse.png	1.0 1.0	0.44581 0.80111	0.44101 0.79456	0.44139 0.87020
oolite_asp_diffuse.png	1.0 1.0	0.31377 0.94683	0.31377 0.91824	0.31036 0.94683
oolite_asp_diffuse.png	1.0 1.0	0.27501 0.91824	0.20453 0.94683	0.27501 0.94683
oolite_asp_diffuse.png	1.0 1.0	0.83751 0.04427	0.77934 0.01857	0.77936 0.02785
oolite_asp_diffuse.png	1.0 1.0	0.08882 0.77941	0.08882 0.76578	0.02050 0.77941
oolite_asp_diffuse.png	1.0 1.0	0.08882 0.77941	0.02049 0.79555	0.08882 0.79560
oolite_asp_diffuse.png	1.0 1.0	0.00509 0.79042	0.02049 0.81714	0.02049 0.79555
oolite_asp_diffuse.png	1.0 1.0	0.26505 0.32293	0.26953 0.40730	0.26972 0.32735
oolite_asp_diffuse.png	1.0 1.0	0.26622 0.32138	0.35545 0.31760	0.25278 0.31760
oolite_asp_diffuse.png	1.0 1.0	0.83582 0.33180	0.82079 0.33372	0.82291 0.34069
oolite_asp_diffuse.png	1.0 1.0	0.95129 0.88699	0.99893 0.91500	0.99893 0.88699
oolite_asp_diffuse.png	1.0 1.0	0.99893 0.88699	0.99893 0.85902	0.95129 0.85902
oolite_asp_diffuse.png	1.0 1.0	0.47808 0.90292	0.46408 0.94602	0.48673 0.92956
oolite_asp_diffuse.png	1.0 1.0	0.43687 0.62682	0.45249 0.62682	0.43687 0.59314
oolite_asp_diffuse.png	1.0 1.0	0.26839 0.00986	0.28130 0.00906	0.28084 0.00348
oolite_asp_diffuse.png	1.0 1.0	0.99714 0.12925	0.86143 0.12924	0.97549 0.14434
oolite_asp_diffuse.png	1.0 1.0	0.70961 0.13393	0.57390 0.13392	0.68796 0.14902
oolite_asp_diffuse.png	1.0 1.0	0.70974 0.11184	0.57376 0.11183	0.70650 0.11535
oolite_asp_diffuse.png	1.0 1.0	0.85886 0.36075	0.72289 0.36074	0.85562 0.36426
oolite_asp_diffuse.png	1.0 1.0	0.41627 0.68364	0.45264 0.65722	0.40768 0.65722
oolite_asp_diffuse.png	1.0 1.0	0.42125 0.59314	0.40560 0.59314	0.40560 0.62682
oolite_asp_diffuse.png	1.0 1.0	0.99403 0.11067	0.99403 0.12572	0.99843 0.12769
oolite_asp_diffuse.png	1.0 1.0	0.70650 0.11535	0.70650 0.13039	0.71089 0.13236
oolite_asp_diffuse.png	1.0 1.0	0.85562 0.36426	0.72613 0.36425	0.85562 0.37930
oolite_asp_diffuse.png	1.0 1.0	0.99403 0.12572	0.86454 0.11067	0.86454 0.12571
oolite_asp_diffuse.png	1.0 1.0	0.45249 0.62682	0.46813 0.62682	0.45249 0.59314
oolite_asp_diffuse.png	1.0 1.0	0.06487 0.91305	0.07579 0.88024	0.01887 0.91305
oolite_asp_diffuse.png	1.0 1.0	0.02049 0.81714	0.02054 0.83337	0.08882 0.83337
oolite_asp_diffuse.png	1.0 1.0	0.48375 0.59314	0.46813 0.59314	0.46813 0.62682
oolite_asp_diffuse.png	1.0 1.0	0.27423 0.45034	0.27584 0.41262	0.27135 0.40843
oolite_asp_diffuse.png	1.0 1.0	0.27453 0.45488	0.28546 0.45035	0.27841 0.45054
oolite_asp_diffuse.png	1.0 1.0	0.45007 0.90292	0.44142 0.92956	0.47808 0.90292
oolite_asp_diffuse.png	1.0 1.0	0.99893 0.97102	0.99893 0.94292	0.95129 0.97102
oolite_asp_diffuse.png	1.0 1.0	0.01419 0.75573	0.02818 0.74378	0.00568 0.59792
oolite_asp_diffuse.png	1.0 1.0	0.27551 0.40405	0.33664 0.40841	0.33273 0.40405
oolite_asp_diffuse.png	1.0 1.0	0.95129 0.94292	0.99893 0.94292	0.99893 0.91500
oolite_asp_diffuse.png	1.0 1.0	0.22247 0.73004	0.23476 0.71784	0.21586 0.62267
oolite_asp_diffuse.png	1.0 1.0	0.81465 0.29770	0.76373 0.30871	0.81465 0.30871
oolite_asp_diffuse.png	1.0 1.0	0.22976 0.63049	0.39192 0.61734	0.22030 0.61734
oolite_asp_diffuse.png	1.0 1.0	0.97551 0.09243	0.86130 0.10716	0.99727 0.10717
oolite_asp_diffuse.png	1.0 1.0	0.28117 0.23522	0.32694 0.00906	0.28130 0.00906
oolite_asp_diffuse.png	1.0 1.0	0.28117 0.23522	0.33774 0.24356	0.32707 0.23522
oolite_asp_diffuse.png	1.0 1.0	0.24312 0.71711	0.25663 0.68913	0.23476 0.71784
oolite_asp_diffuse.png	1.0 1.0	0.28546 0.45035	0.32278 0.45034	0.28746 0.44372
oolite_asp_diffuse.png	1.0 1.0	0.25554 0.71174	0.35667 0.71174	0.25663 0.68913
oolite_asp_diffuse.png	1.0 1.0	0.75431 0.21792	0.75431 0.21462	0.70264 0.21792
oolite_asp_diffuse.png	1.0 1.0	0.91581 0.28774	0.98640 0.28774	0.91799 0.28408
oolite_asp_diffuse.png	1.0 1.0	0.75925 0.20977	0.75431 0.17845	0.75431 0.20970
oolite_asp_diffuse.png	1.0 1.0	0.75423 0.17845	0.75423 0.15847	0.71180 0.15847
oolite_asp_diffuse.png	1.0 1.0	0.91404 0.23363	0.91404 0.19663	0.90888 0.20240
oolite_asp_diffuse.png	1.0 1.0	0.28850 0.59583	0.28850 0.57619	0.26137 0.57619
oolite_asp_diffuse.png	1.0 1.0	0.91337 0.19387	0.91799 0.15837	0.91514 0.15520
oolite_asp_diffuse.png	1.0 1.0	0.91799 0.28408	0.91799 0.23497	0.91404 0.23568
oolite_asp_diffuse.png	1.0 1.0	0.91799 0.23497	0.91799 0.19411	0.91404 0.19663
oolite_asp_diffuse.png	1.0 1.0	0.91799 0.19411	0.98421 0.15837	0.91799 0.15837
oolite_asp_diffuse.png	1.0 1.0	0.30293 0.75499	0.30261 0.91448	0.44139 0.87020
oolite_asp_diffuse.png	1.0 1.0	0.20453 0.91824	0.18311 0.91824	0.18311 0.94683
oolite_asp_diffuse.png	1.0 1.0	0.24455 0.95115	0.22318 0.95115	0.24455 0.99773
oolite_asp_diffuse.png	1.0 1.0	0.77932 0.10548	0.76695 0.11387	0.77279 0.11388
oolite_asp_diffuse.png	1.0 1.0	0.46531 0.99769	0.48672 0.95108	0.46531 0.95108
oolite_asp_diffuse.png	1.0 1.0	0.38524 0.94683	0.40642 0.94675	0.38524 0.91823
oolite_asp_diffuse.png	1.0 1.0	0.70064 0.99389	0.71067 0.76891	0.52577 0.99406
oolite_asp_diffuse.png	1.0 1.0	0.71067 0.76891	0.71336 0.76359	0.54563 0.65239
oolite_asp_diffuse.png	1.0 1.0	0.71066 0.76887	0.71632 0.99426	0.71606 0.76887
oolite_asp_diffuse.png	1.0 1.0	0.71336 0.76359	0.81392 0.43379	0.61279 0.43379
oolite_asp_diffuse.png	1.0 1.0	0.78732 0.30991	0.78732 0.32091	0.79106 0.32092
oolite_asp_diffuse.png	1.0 1.0	0.78987 0.41905	0.78900 0.42604	0.79527 0.42604
oolite_asp_diffuse.png	1.0 1.0	0.71596 0.99982	0.71632 0.99426	0.71039 0.99426
oolite_asp_diffuse.png	1.0 1.0	0.71604 0.76891	0.88108 0.65239	0.71336 0.76359
oolite_asp_diffuse.png	1.0 1.0	0.71604 0.76891	0.97866 0.76995	0.88442 0.65691
oolite_asp_diffuse.png	1.0 1.0	0.76105 0.09466	0.76105 0.10371	0.77937 0.09466
oolite_asp_diffuse.png	1.0 1.0	0.00236 0.99773	0.08576 0.95115	0.00236 0.95115
oolite_asp_diffuse.png	1.0 1.0	0.22318 0.95115	0.14095 0.95115	0.22318 0.99773
oolite_asp_diffuse.png	1.0 1.0	0.76109 0.01857	0.70291 0.04427	0.76107 0.02785
oolite_asp_diffuse.png	1.0 1.0	0.18311 0.94683	0.11263 0.91824	0.11263 0.94683
oolite_asp_diffuse.png	1.0 1.0	0.25922 0.75499	0.12076 0.87020	0.25954 0.91448
oolite_asp_diffuse.png	1.0 1.0	0.98421 0.28408	0.98421 0.23497	0.91799 0.28408
oolite_asp_diffuse.png	1.0 1.0	0.98421 0.23497	0.98816 0.19663	0.98421 0.19411
oolite_asp_diffuse.png	1.0 1.0	0.35558 0.68912	0.38245 0.63049	0.22976 0.63049
oolite_asp_diffuse.png	1.0 1.0	0.98654 0.29496	0.98640 0.28774	0.91567 0.29496
oolite_asp_diffuse.png	1.0 1.0	0.98816 0.28617	0.98816 0.23568	0.98421 0.28408
oolite_asp_diffuse.png	1.0 1.0	0.76486 0.21785	0.81651 0.21785	0.76486 0.21456
oolite_asp_diffuse.png	1.0 1.0	0.76486 0.17839	0.75994 0.17725	0.75994 0.20961
oolite_asp_diffuse.png	1.0 1.0	0.76494 0.17845	0.80736 0.15847	0.76494 0.15847
oolite_asp_diffuse.png	1.0 1.0	0.99333 0.20240	0.98816 0.19663	0.98816 0.23363
oolite_asp_diffuse.png	1.0 1.0	0.31983 0.59583	0.34695 0.57619	0.31983 0.57619
oolite_asp_diffuse.png	1.0 1.0	0.98884 0.19387	0.98707 0.15520	0.98421 0.15837
oolite_asp_diffuse.png	1.0 1.0	0.36275 0.73183	0.36909 0.71711	0.35667 0.71174
oolite_asp_diffuse.png	1.0 1.0	0.36275 0.73183	0.38412 0.73243	0.37745 0.71784
oolite_asp_diffuse.png	1.0 1.0	0.36909 0.71711	0.37745 0.71784	0.35558 0.68912
oolite_asp_diffuse.png	1.0 1.0	0.32694 0.00906	0.32739 0.00348	0.28084 0.00348
oolite_asp_diffuse.png	1.0 1.0	0.59552 0.09710	0.57376 0.11183	0.68797 0.09711
oolite_asp_diffuse.png	1.0 1.0	0.32707 0.23522	0.33985 0.00986	0.32694 0.00906
oolite_asp_diffuse.png	1.0 1.0	0.37745 0.71784	0.39636 0.62267	0.38245 0.63049
oolite_asp_diffuse.png	1.0 1.0	0.76348 0.33372	0.76137 0.34068	0.82291 0.34069
oolite_asp_diffuse.png	1.0 1.0	0.76373 0.29770	0.75074 0.29770	0.75074 0.30871
oolite_asp_diffuse.png	1.0 1.0	0.18409 0.74378	0.19282 0.60795	0.02818 0.74378
oolite_asp_diffuse.png	1.0 1.0	0.33018 0.44807	0.33401 0.44993	0.33236 0.41269
oolite_asp_diffuse.png	1.0 1.0	0.99893 0.88699	0.99893 0.85902	0.95129 0.85902
oolite_asp_diffuse.png	1.0 1.0	0.19282 0.60795	0.20192 0.59319	0.01945 0.60795
oolite_asp_diffuse.png	1.0 1.0	0.19808 0.75573	0.20659 0.59792	0.18409 0.74378
oolite_asp_diffuse.png	1.0 1.0	0.47808 0.90292	0.44142 0.92956	0.46408 0.94602
oolite_asp_diffuse.png	1.0 1.0	0.99893 0.99903	0.99893 0.97102	0.95129 0.97102
oolite_asp_diffuse.png	1.0 1.0	0.08882 0.77941	0.02049 0.79555	0.08882 0.79560
oolite_asp_diffuse.png	1.0 1.0	0.00794 0.88024	0.07579 0.85120	0.00794 0.85120
oolite_asp_diffuse.png	1.0 1.0	0.00509 0.79042	0.02049 0.81714	0.02049 0.79555
oolite_asp_diffuse.png	1.0 1.0	0.96123 0.65481	0.97408 0.61526	0.95328 0.63037
oolite_asp_diffuse.png	1.0 1.0	0.87646 0.41232	0.86082 0.50531	0.87646 0.50531
oolite_asp_diffuse.png	1.0 1.0	0.08882 0.79560	0.02049 0.81714	0.08882 0.81711
oolite_asp_diffuse.png	1.0 1.0	0.33572 0.34929	0.33707 0.32585	0.27252 0.34930
oolite_asp_diffuse.png	1.0 1.0	0.57700 0.13038	0.57390 0.13392	0.70650 0.13039
oolite_asp_diffuse.png	1.0 1.0	0.72613 0.37929	0.72302 0.38282	0.85562 0.37930
oolite_asp_diffuse.png	1.0 1.0	0.90770 0.50531	0.90770 0.41232	0.89209 0.41232
oolite_asp_diffuse.png	1.0 1.0	0.95129 0.91500	0.99893 0.91500	0.95129 0.88699
oolite_asp_diffuse.png	1.0 1.0	0.86454 0.11067	0.86015 0.10867	0.86015 0.12768
oolite_asp_diffuse.png	1.0 1.0	0.96165 0.53804	0.98008 0.53137	0.96916 0.39673
oolite_asp_diffuse.png	1.0 1.0	0.93896 0.41232	0.92334 0.41232	0.92334 0.50531
oolite_asp_diffuse.png	1.0 1.0	0.33985 0.00986	0.33939 0.00428	0.32739 0.00348
oolite_asp_diffuse.png	1.0 1.0	0.34004 0.23967	0.36377 0.00986	0.33985 0.00986
oolite_asp_diffuse.png	1.0 1.0	0.95129 0.97102	0.99893 0.94292	0.95129 0.94292
oolite_asp_diffuse.png	1.0 1.0	0.75062 0.32481	0.72359 0.32473	0.74845 0.33180
oolite_asp_diffuse.png	1.0 1.0	0.71337 0.00110	0.68265 0.00110	0.73011 0.01260
oolite_asp_diffuse.png	1.0 1.0	0.02049 0.81714	0.02054 0.83337	0.08882 0.83337
oolite_asp_diffuse.png	1.0 1.0	0.34202 0.32138	0.36637 0.32092	0.35545 0.31760
oolite_asp_diffuse.png	1.0 1.0	0.34910 0.59583	0.36532 0.41095	0.33371 0.45488
oolite_asp_diffuse.png	1.0 1.0	0.12076 0.87020	0.11634 0.80111	0.11634 0.86499
oolite_asp_diffuse.png	1.0 1.0	0.70276 0.07601	0.69316 0.08221	0.76105 0.10371
oolite_asp_diffuse.png	1.0 1.0	0.07727 0.94683	0.07727 0.91824	0.07387 0.91824
oolite_asp_diffuse.png	1.0 1.0	0.70092 0.04697	0.68901 0.07734	0.70091 0.07385
oolite_asp_diffuse.png	1.0 1.0	0.35274 0.25141	0.35822 0.25749	0.35490 0.24740
oolite_asp_diffuse.png	1.0 1.0	0.81680 0.21456	0.81687 0.20964	0.76486 0.20961
oolite_asp_diffuse.png	1.0 1.0	0.35478 0.24740	0.36167 0.25592	0.36167 0.24740
oolite_asp_diffuse.png	1.0 1.0	0.35407 0.24740	0.36637 0.24356	0.33774 0.24356
oolite_asp_diffuse.png	1.0 1.0	0.35407 0.31363	0.35822 0.30832	0.25550 0.25141
oolite_asp_diffuse.png	1.0 1.0	0.81687 0.20964	0.81689 0.17839	0.76486 0.17839
oolite_asp_diffuse.png	1.0 1.0	0.68992 0.03667	0.54128 0.04701	0.54128 0.05674
oolite_asp_diffuse.png	1.0 1.0	0.69321 0.03774	0.68903 0.04342	0.70092 0.04697
oolite_asp_diffuse.png	1.0 1.0	0.68986 0.08291	0.54128 0.05674	0.76695 0.11387
oolite_asp_diffuse.png	1.0 1.0	0.08576 0.99773	0.09325 0.95115	0.08576 0.95115
oolite_asp_diffuse.png	1.0 1.0	0.35611 0.31760	0.36167 0.31760	0.36167 0.31044
oolite_asp_diffuse.png	1.0 1.0	0.13265 0.95115	0.13265 0.99773	0.14095 0.95115
oolite_asp_diffuse.png	1.0 1.0	0.68555 0.04263	0.54128 0.05674	0.68555 0.07783
oolite_asp_diffuse.png	1.0 1.0	0.35822 0.30832	0.36167 0.30939	0.36167 0.25636
oolite_asp_diffuse.png	1.0 1.0	0.73103 0.29770	0.63574 0.29770	0.73103 0.30871
oolite_asp_diffuse.png	1.0 1.0	0.72359 0.32473	0.60832 0.36240	0.61531 0.36727
oolite_asp_diffuse.png	1.0 1.0	0.83126 0.21698	0.83126 0.18157	0.81679 0.21437
oolite_asp_diffuse.png	1.0 1.0	0.83126 0.21698	0.89704 0.21700	0.88445 0.21285
oolite_asp_diffuse.png	1.0 1.0	0.36601 0.60050	0.36532 0.41095	0.35835 0.60673
oolite_asp_diffuse.png	1.0 1.0	0.39967 0.57843	0.44577 0.57858	0.39937 0.34879
oolite_asp_diffuse.png	1.0 1.0	0.36167 0.31760	0.36637 0.24356	0.36167 0.24740
oolite_asp_diffuse.png	1.0 1.0	0.83539 0.21283	0.83540 0.18732	0.83126 0.21698
oolite_asp_diffuse.png	1.0 1.0	0.84150 0.23132	0.89051 0.22511	0.84150 0.22511
oolite_asp_diffuse.png	1.0 1.0	0.83540 0.18732	0.88457 0.20445	0.83126 0.18157
oolite_asp_diffuse.png	1.0 1.0	0.81594 0.22511	0.76388 0.22511	0.76388 0.23132
oolite_asp_diffuse.png	1.0 1.0	0.37349 0.39935	0.39321 0.35856	0.36732 0.32133
oolite_asp_diffuse.png	1.0 1.0	0.39862 0.34312	0.50391 0.00824	0.38714 0.00809
oolite_asp_diffuse.png	1.0 1.0	0.39937 0.34879	0.48812 0.34935	0.39862 0.34312
oolite_asp_diffuse.png	1.0 1.0	0.89051 0.23132	0.89892 0.22511	0.89051 0.22511
oolite_asp_diffuse.png	1.0 1.0	0.88445 0.21285	0.89704 0.20355	0.88457 0.20445
oolite_asp_diffuse.png	1.0 1.0	0.89704 0.21700	0.90470 0.20621	0.89704 0.20355
oolite_asp_diffuse.png	1.0 1.0	0.81392 0.43379	0.88108 0.65239	0.81858 0.43642
oolite_asp_diffuse.png	1.0 1.0	0.51948 0.57920	0.59905 0.23243	0.51343 0.57775
oolite_asp_diffuse.png	1.0 1.0	0.45028 0.57625	0.49426 0.34822	0.48812 0.34935
oolite_asp_diffuse.png	1.0 1.0	0.63806 0.30991	0.63806 0.32091	0.78732 0.32091
oolite_asp_diffuse.png	1.0 1.0	0.63179 0.30991	0.63179 0.32091	0.63806 0.32091
oolite_asp_diffuse.png	1.0 1.0	0.60832 0.36240	0.58771 0.36913	0.60832 0.38022
oolite_asp_diffuse.png	1.0 1.0	0.50391 0.00824	0.50605 0.00245	0.38761 0.00253
oolite_asp_diffuse.png	1.0 1.0	0.50391 0.00824	0.49523 0.33800	0.50791 0.00803
oolite_asp_diffuse.png	1.0 1.0	0.50816 0.00214	0.50791 0.00803	0.51282 0.00072
oolite_asp_diffuse.png	1.0 1.0	0.89868 0.99963	0.90094 0.99406	0.72607 0.99389
oolite_asp_diffuse.png	1.0 1.0	0.88442 0.65691	0.88675 0.65198	0.88108 0.65239
oolite_asp_diffuse.png	1.0 1.0	0.49463 0.34628	0.49523 0.33800	0.48887 0.34312
oolite_asp_diffuse.png	1.0 1.0	0.50791 0.00803	0.59883 0.22737	0.51663 0.00536
oolite_asp_diffuse.png	1.0 1.0	0.88675 0.65198	0.99832 0.74341	0.81858 0.43642
oolite_asp_diffuse.png	1.0 1.0	0.60704 0.23237	0.60677 0.22705	0.59905 0.23243
oolite_asp_diffuse.png	1.0 1.0	0.59905 0.23243	0.59883 0.22737	0.49523 0.33800
oolite_asp_diffuse.png	1.0 1.0	0.00899 0.23270	0.11280 0.33827	0.00921 0.22764
oolite_asp_diffuse.png	1.0 1.0	0.53996 0.65198	0.60813 0.43642	0.42839 0.74341
oolite_asp_diffuse.png	1.0 1.0	0.11341 0.34655	0.11917 0.34339	0.11280 0.33827
oolite_asp_diffuse.png	1.0 1.0	0.54230 0.65691	0.54563 0.65239	0.53996 0.65198
oolite_asp_diffuse.png	1.0 1.0	0.11917 0.34339	0.20942 0.34339	0.10413 0.00851
oolite_asp_diffuse.png	1.0 1.0	0.97596 0.36241	0.86068 0.32474	0.96897 0.36728
oolite_asp_diffuse.png	1.0 1.0	0.94033 0.30991	0.79106 0.32092	0.94033 0.32092
oolite_asp_diffuse.png	1.0 1.0	0.94033 0.32092	0.94659 0.32092	0.94659 0.30991
oolite_asp_diffuse.png	1.0 1.0	0.96897 0.37479	0.79527 0.42604	0.97596 0.38023
oolite_asp_diffuse.png	1.0 1.0	0.62212 0.21700	0.63471 0.21285	0.62212 0.20355
oolite_asp_diffuse.png	1.0 1.0	0.75095 0.22511	0.69890 0.22511	0.75095 0.23132
oolite_asp_diffuse.png	1.0 1.0	0.21485 0.35825	0.24073 0.32102	0.21573 0.35254
oolite_asp_diffuse.png	1.0 1.0	0.23489 0.39999	0.25834 0.40301	0.24073 0.32102
oolite_asp_diffuse.png	1.0 1.0	0.24187 0.32092	0.26622 0.32138	0.25278 0.31760
oolite_asp_diffuse.png	1.0 1.0	0.68376 0.18732	0.68790 0.21698	0.68790 0.18157
oolite_asp_diffuse.png	1.0 1.0	0.24656 0.31022	0.25416 0.31363	0.25002 0.30832
oolite_asp_diffuse.png	1.0 1.0	0.24447 0.00986	0.26735 0.00423	0.24494 0.00423
oolite_asp_diffuse.png	1.0 1.0	0.85709 0.00111	0.84982 0.03668	0.99846 0.04702
oolite_asp_diffuse.png	1.0 1.0	0.84736 0.30871	0.82765 0.29770	0.82765 0.30871
oolite_asp_diffuse.png	1.0 1.0	0.37448 0.99773	0.38196 0.99773	0.37448 0.95115
oolite_asp_diffuse.png	1.0 1.0	0.33508 0.95115	0.32677 0.95115	0.33508 0.99773
oolite_asp_diffuse.png	1.0 1.0	0.85140 0.04342	0.83950 0.04696	0.85142 0.07734
oolite_asp_diffuse.png	1.0 1.0	0.25002 0.25749	0.25550 0.25141	0.25334 0.24740
oolite_asp_diffuse.png	1.0 1.0	0.38196 0.95115	0.46531 0.99769	0.46531 0.95108
oolite_asp_diffuse.png	1.0 1.0	0.84988 0.08292	0.77279 0.11388	0.99846 0.05674
oolite_asp_diffuse.png	1.0 1.0	0.84722 0.03774	0.83751 0.04427	0.83950 0.04696
oolite_asp_diffuse.png	1.0 1.0	0.70235 0.22307	0.75431 0.22307	0.70264 0.21792
oolite_asp_diffuse.png	1.0 1.0	0.25417 0.24740	0.27049 0.24356	0.24187 0.24356
oolite_asp_diffuse.png	1.0 1.0	0.70264 0.21792	0.75431 0.21462	0.70240 0.21462
oolite_asp_diffuse.png	1.0 1.0	0.25550 0.25141	0.35822 0.30832	0.35274 0.25141
oolite_asp_diffuse.png	1.0 1.0	0.27903 0.91824	0.27501 0.94683	0.27903 0.94683
oolite_asp_diffuse.png	1.0 1.0	0.31377 0.94683	0.38524 0.91823	0.31377 0.91824
oolite_asp_diffuse.png	1.0 1.0	0.83766 0.07601	0.77937 0.10371	0.84726 0.08221
oolite_asp_diffuse.png	1.0 1.0	0.27501 0.91824	0.20453 0.91824	0.20453 0.94683
oolite_asp_diffuse.png	1.0 1.0	0.25926 0.59589	0.27453 0.45488	0.24296 0.41155
oolite_asp_diffuse.png	1.0 1.0	0.25923 0.59583	0.28850 0.59583	0.26137 0.57619
oolite_asp_diffuse.png	1.0 1.0	0.26127 0.57625	0.34697 0.57625	0.27453 0.45488
oolite_asp_diffuse.png	1.0 1.0	0.93921 0.53044	0.95795 0.53763	0.95044 0.39632
oolite_asp_diffuse.png	1.0 1.0	0.00794 0.88024	0.07579 0.85120	0.00794 0.85120
oolite_asp_diffuse.png	1.0 1.0	0.00509 0.79042	0.00509 0.82227	0.02049 0.81714
oolite_asp_diffuse.png	1.0 1.0	0.08882 0.79560	0.02049 0.81714	0.08882 0.81711
oolite_asp_diffuse.png	1.0 1.0	0.01887 0.91305	0.07579 0.88024	0.00794 0.88024
oolite_asp_diffuse.png	1.0 1.0	0.82765 0.30871	0.81465 0.29770	0.81465 0.30871
oolite_asp_diffuse.png	1.0 1.0	0.99893 0.99903	0.99893 0.97102	0.95129 0.97102
oolite_asp_diffuse.png	1.0 1.0	0.43687 0.62682	0.42125 0.59314	0.42125 0.62682
oolite_asp_diffuse.png	1.0 1.0	0.26839 0.00986	0.28084 0.00348	0.26885 0.00428
oolite_asp_diffuse.png	1.0 1.0	0.99727 0.10717	0.86130 0.10716	0.99403 0.11067
oolite_asp_diffuse.png	1.0 1.0	0.86001 0.36226	0.85562 0.36426	0.86001 0.38127
oolite_asp_diffuse.png	1.0 1.0	0.26820 0.23967	0.28117 0.23522	0.26839 0.00986
oolite_asp_diffuse.png	1.0 1.0	0.27117 0.32586	0.34175 0.32144	0.26649 0.32144
oolite_asp_diffuse.png	1.0 1.0	0.99403 0.11067	0.86454 0.11067	0.99403 0.12572
oolite_asp_diffuse.png	1.0 1.0	0.70650 0.11535	0.57376 0.11183	0.57700 0.11534
oolite_asp_diffuse.png	1.0 1.0	0.85562 0.37930	0.72613 0.36425	0.72613 0.37929
oolite_asp_diffuse.png	1.0 1.0	0.85562 0.37930	0.72302 0.38282	0.85873 0.38283
oolite_asp_diffuse.png	1.0 1.0	0.95129 0.91500	0.95129 0.94292	0.99893 0.91500
oolite_asp_diffuse.png	1.0 1.0	0.44405 0.68364	0.45264 0.65722	0.41627 0.68364
oolite_asp_diffuse.png	1.0 1.0	0.02054 0.83337	0.08882 0.84704	0.08882 0.83337
oolite_asp_diffuse.png	1.0 1.0	0.27453 0.45488	0.34697 0.57625	0.33371 0.45488
oolite_asp_diffuse.png	1.0 1.0	0.01945 0.60795	0.20192 0.59319	0.01034 0.59319
oolite_asp_diffuse.png	1.0 1.0	0.21586 0.62267	0.23476 0.71784	0.22976 0.63049
oolite_asp_diffuse.png	1.0 1.0	0.27584 0.41262	0.33664 0.40841	0.27135 0.40843
oolite_asp_diffuse.png	1.0 1.0	0.22809 0.73243	0.24946 0.73183	0.23476 0.71784
oolite_asp_diffuse.png	1.0 1.0	0.02818 0.74378	0.19282 0.60795	0.01945 0.60795
oolite_asp_diffuse.png	1.0 1.0	0.02818 0.74378	0.19296 0.75936	0.18409 0.74378
oolite_asp_diffuse.png	1.0 1.0	0.80963 0.01260	0.76036 0.01665	0.77938 0.01666
oolite_asp_diffuse.png	1.0 1.0	0.81465 0.29770	0.76373 0.29770	0.76373 0.30871
oolite_asp_diffuse.png	1.0 1.0	0.83708 0.39792	0.72302 0.38282	0.74467 0.39791
oolite_asp_diffuse.png	1.0 1.0	0.24946 0.73183	0.25554 0.71174	0.24312 0.71711
oolite_asp_diffuse.png	1.0 1.0	0.28546 0.45035	0.33371 0.45488	0.32278 0.45034
oolite_asp_diffuse.png	1.0 1.0	0.91567 0.29496	0.98640 0.28774	0.91581 0.28774
oolite_asp_diffuse.png	1.0 1.0	0.91404 0.23363	0.90888 0.20240	0.90773 0.23063
oolite_asp_diffuse.png	1.0 1.0	0.25663 0.68913	0.35558 0.68912	0.22976 0.63049
oolite_asp_diffuse.png	1.0 1.0	0.91799 0.23497	0.98421 0.19411	0.91799 0.19411
oolite_asp_diffuse.png	1.0 1.0	0.30293 0.75499	0.25922 0.75499	0.30261 0.91448
oolite_asp_diffuse.png	1.0 1.0	0.24455 0.95115	0.24455 0.99773	0.32677 0.95115
oolite_asp_diffuse.png	1.0 1.0	0.77934 0.01857	0.76109 0.01857	0.77936 0.02785
oolite_asp_diffuse.png	1.0 1.0	0.77937 0.09466	0.76105 0.10371	0.77937 0.10371
oolite_asp_diffuse.png	1.0 1.0	0.79106 0.30991	0.78732 0.30991	0.79106 0.32092
oolite_asp_diffuse.png	1.0 1.0	0.72607 0.99389	0.90094 0.99406	0.71604 0.76891
oolite_asp_diffuse.png	1.0 1.0	0.00240 0.94683	0.07387 0.94683	0.00240 0.91824
oolite_asp_diffuse.png	1.0 1.0	0.76105 0.09466	0.70276 0.07601	0.76105 0.10371
oolite_asp_diffuse.png	1.0 1.0	0.76042 0.10550	0.68986 0.08291	0.76695 0.11387
oolite_asp_diffuse.png	1.0 1.0	0.76109 0.01857	0.69321 0.03774	0.70291 0.04427
oolite_asp_diffuse.png	1.0 1.0	0.98421 0.28408	0.98816 0.23568	0.98421 0.23497
oolite_asp_diffuse.png	1.0 1.0	0.98421 0.19411	0.98884 0.19387	0.98421 0.15837
oolite_asp_diffuse.png	1.0 1.0	0.98421 0.15837	0.98661 0.15476	0.91799 0.15837
oolite_asp_diffuse.png	1.0 1.0	0.76486 0.21456	0.81680 0.21456	0.76486 0.20961
oolite_asp_diffuse.png	1.0 1.0	0.76494 0.17845	0.81686 0.17845	0.80736 0.15847
oolite_asp_diffuse.png	1.0 1.0	0.74465 0.34601	0.72289 0.36074	0.83710 0.34601
oolite_asp_diffuse.png	1.0 1.0	0.73011 0.01260	0.68992 0.03667	0.76036 0.01665
oolite_asp_diffuse.png	1.0 1.0	0.99893 0.88699	0.95129 0.85902	0.95129 0.88699
oolite_asp_diffuse.png	1.0 1.0	0.99395 0.60468	0.98008 0.53137	0.96165 0.53804
oolite_asp_diffuse.png	1.0 1.0	0.89209 0.50531	0.90770 0.50531	0.89209 0.41232
oolite_asp_diffuse.png	1.0 1.0	0.89209 0.41232	0.87646 0.41232	0.87646 0.50531
oolite_asp_diffuse.png	1.0 1.0	0.08882 0.77941	0.08882 0.76578	0.02050 0.77941
oolite_asp_diffuse.png	1.0 1.0	0.96123 0.65481	0.99487 0.63037	0.97408 0.61526
oolite_asp_diffuse.png	1.0 1.0	0.01887 0.91305	0.07579 0.88024	0.00794 0.88024
oolite_asp_diffuse.png	1.0 1.0	0.86454 0.12571	0.86143 0.12924	0.99714 0.12925
oolite_asp_diffuse.png	1.0 1.0	0.95129 0.91500	0.95129 0.94292	0.99893 0.91500
oolite_asp_diffuse.png	1.0 1.0	0.57700 0.11534	0.57261 0.13235	0.57700 0.13038
oolite_asp_diffuse.png	1.0 1.0	0.72613 0.36425	0.72173 0.36225	0.72173 0.38126
oolite_asp_diffuse.png	1.0 1.0	0.33871 0.40730	0.33851 0.32735	0.33441 0.40285
oolite_asp_diffuse.png	1.0 1.0	0.93896 0.41232	0.92334 0.50531	0.93896 0.50531
oolite_asp_diffuse.png	1.0 1.0	0.33985 0.00986	0.36377 0.00986	0.34089 0.00423
oolite_asp_diffuse.png	1.0 1.0	0.92334 0.50531	0.92334 0.41232	0.90770 0.41232
oolite_asp_diffuse.png	1.0 1.0	0.45007 0.90292	0.44142 0.92956	0.47808 0.90292
oolite_asp_diffuse.png	1.0 1.0	0.75062 0.32481	0.74845 0.33180	0.76348 0.33372
oolite_asp_diffuse.png	1.0 1.0	0.75074 0.29770	0.73103 0.29770	0.73103 0.30871
oolite_asp_diffuse.png	1.0 1.0	0.02054 0.83337	0.08882 0.84704	0.08882 0.83337
oolite_asp_diffuse.png	1.0 1.0	0.34971 0.40331	0.37349 0.39935	0.36732 0.32133
oolite_asp_diffuse.png	1.0 1.0	0.12114 0.79456	0.11634 0.80111	0.12076 0.87020
oolite_asp_diffuse.png	1.0 1.0	0.11263 0.91824	0.10861 0.91824	0.11263 0.94683
oolite_asp_diffuse.png	1.0 1.0	0.07387 0.94683	0.07727 0.94683	0.07387 0.91824
oolite_asp_diffuse.png	1.0 1.0	0.70091 0.07385	0.69316 0.08221	0.70276 0.07601
oolite_asp_diffuse.png	1.0 1.0	0.10861 0.94683	0.10861 0.91824	0.07727 0.91824
oolite_asp_diffuse.png	1.0 1.0	0.81651 0.21785	0.82169 0.21506	0.81680 0.21456
oolite_asp_diffuse.png	1.0 1.0	0.08576 0.99773	0.09325 0.99773	0.09325 0.95115
oolite_asp_diffuse.png	1.0 1.0	0.35618 0.31760	0.36167 0.31022	0.35407 0.31363
oolite_asp_diffuse.png	1.0 1.0	0.09325 0.99773	0.13265 0.99773	0.13265 0.95115
oolite_asp_diffuse.png	1.0 1.0	0.35822 0.30832	0.36167 0.25636	0.35822 0.25749
oolite_asp_diffuse.png	1.0 1.0	0.68265 0.00110	0.54128 0.04701	0.68992 0.03667
oolite_asp_diffuse.png	1.0 1.0	0.72359 0.32473	0.61531 0.36727	0.72470 0.33172
oolite_asp_diffuse.png	1.0 1.0	0.83126 0.21698	0.88445 0.21285	0.83539 0.21283
oolite_asp_diffuse.png	1.0 1.0	0.38714 0.00809	0.50391 0.00824	0.38761 0.00253
oolite_asp_diffuse.png	1.0 1.0	0.36167 0.31760	0.36637 0.32092	0.36637 0.24356
oolite_asp_diffuse.png	1.0 1.0	0.84150 0.22511	0.81594 0.22511	0.84150 0.23132
oolite_asp_diffuse.png	1.0 1.0	0.81594 0.22511	0.76388 0.23132	0.81594 0.23132
oolite_asp_diffuse.png	1.0 1.0	0.36732 0.32133	0.39321 0.35856	0.39232 0.35285
oolite_asp_diffuse.png	1.0 1.0	0.89562 0.29229	0.89587 0.27352	0.78603 0.29225
oolite_asp_diffuse.png	1.0 1.0	0.44577 0.57858	0.48812 0.34935	0.39937 0.34879
oolite_asp_diffuse.png	1.0 1.0	0.51343 0.57775	0.59905 0.23243	0.49463 0.34628
oolite_asp_diffuse.png	1.0 1.0	0.61531 0.37478	0.60832 0.36240	0.60832 0.38022
oolite_asp_diffuse.png	1.0 1.0	0.48812 0.34935	0.49463 0.34628	0.48887 0.34312
oolite_asp_diffuse.png	1.0 1.0	0.48887 0.34312	0.50391 0.00824	0.39862 0.34312
oolite_asp_diffuse.png	1.0 1.0	0.88442 0.65691	0.97836 0.76438	0.88675 0.65198
oolite_asp_diffuse.png	1.0 1.0	0.51663 0.00536	0.59883 0.22737	0.60646 0.22504
oolite_asp_diffuse.png	1.0 1.0	0.68790 0.18157	0.70237 0.21437	0.70231 0.17845
oolite_asp_diffuse.png	1.0 1.0	0.68790 0.21698	0.70237 0.21437	0.68790 0.18157
oolite_asp_diffuse.png	1.0 1.0	0.27135 0.40843	0.33664 0.40841	0.27551 0.40405
oolite_asp_diffuse.png	1.0 1.0	0.70650 0.13039	0.57700 0.11534	0.57700 0.13038
oolite_asp_diffuse.png	1.0 1.0	0.27252 0.34930	0.33707 0.32585	0.27117 0.32586
oolite_asp_diffuse.png	1.0 1.0	0.25663 0.68913	0.35667 0.71174	0.35558 0.68912
oolite_asp_diffuse.png	1.0 1.0	0.98421 0.23497	0.98421 0.19411	0.91799 0.23497
oolite_asp_diffuse.png	1.0 1.0	0.76486 0.22300	0.81680 0.22300	0.81651 0.21785
oolite_asp_diffuse.png	1.0 1.0	0.76486 0.20961	0.76486 0.17839	0.75994 0.20961
oolite_asp_diffuse.png	1.0 1.0	0.33401 0.44993	0.33664 0.40841	0.33236 0.41269
oolite_asp_diffuse.png	1.0 1.0	0.87646 0.41232	0.86082 0.41232	0.86082 0.50531
oolite_asp_diffuse.png	1.0 1.0	0.33871 0.40730	0.34319 0.32293	0.33851 0.32735
oolite_asp_diffuse.png	1.0 1.0	0.06487 0.91305	0.07579 0.88024	0.01887 0.91305
oolite_asp_diffuse.png	1.0 1.0	0.81651 0.21785	0.82129 0.21984	0.82169 0.21506
oolite_asp_diffuse.png	1.0 1.0	0.76442 0.42591	0.66229 0.42591	0.77027 0.43379
oolite_asp_diffuse.png	1.0 1.0	0.14095 0.95115	0.14095 0.99773	0.22318 0.99773
oolite_asp_diffuse.png	1.0 1.0	0.77027 0.43379	0.66229 0.42591	0.65644 0.43379
oolite_asp_diffuse.png	1.0 1.0	0.61531 0.37478	0.60832 0.38022	0.78900 0.42604

END
