// output from Obj2DatTex.py Wavefront text file conversion script
// (c) 2005 By Giles Williams
// 
// original file: "nu_barrel.obj"
// 
// model size: 9.560 x 5.828 x 6.128
// 
// textures used: ['oolite_barrel_diffuse.png']
// 
NVERTS 80
NFACES 156

VERTEX
4.77191, -2.76591, 1.67817
4.77191, -2.76591, -1.67817
4.77191, -2.62398, 1.87351
4.77191, -2.62398, -1.87351
4.77191, 0.56808, 2.91067
4.77191, 0.56808, -2.91067
4.77191, 0.79772, 2.83606
4.77191, 0.79772, -2.83606
4.77191, 2.77052, 0.12073
4.77191, 2.77052, -0.12073
4.67589, -2.91391, 1.76649
4.67589, -2.91391, -1.76649
4.67589, -2.76451, 1.97212
4.67589, -2.76451, -1.97212
4.67589, 0.59555, 3.06387
4.67589, 0.59555, -3.06387
4.67589, 0.83728, 2.98533
4.67589, 0.83728, -2.98533
4.67589, 2.91391, 0.12708
4.67589, 2.91391, -0.12708
2.58465, -2.91391, 1.76649
2.58465, -2.91391, -1.76649
2.58465, -2.76451, 1.97212
2.58465, -2.76451, -1.97212
2.58465, 0.59555, 3.06387
2.58465, 0.59555, -3.06387
2.58465, 0.83728, 2.98533
2.58465, 0.83728, -2.98533
2.58465, 2.91391, 0.12708
2.58465, 2.91391, -0.12708
2.49006, -2.73897, 1.66209
2.49006, -2.73897, -1.66209
2.49006, -2.59840, 1.85556
2.49006, -2.59840, -1.85556
2.49006, 0.56308, 2.88279
2.49006, 0.56308, -2.88279
2.49006, 0.79052, 2.80889
2.49006, 0.79052, -2.80889
2.49006, 2.74443, 0.11957
2.49006, 2.74443, -0.11957
-2.50593, -2.73897, 1.66209
-2.50593, -2.73897, -1.66209
-2.50593, -2.59840, 1.85556
-2.50593, -2.59840, -1.85556
-2.50593, 0.56308, 2.88279
-2.50593, 0.56308, -2.88279
-2.50593, 0.79052, 2.80889
-2.50593, 0.79052, -2.80889
-2.50593, 2.74443, 0.11957
-2.50593, 2.74443, -0.11957
-2.60052, -2.91391, 1.76649
-2.60052, -2.91391, -1.76649
-2.60052, -2.76451, 1.97212
-2.60052, -2.76451, -1.97212
-2.60052, 0.59555, 3.06387
-2.60052, 0.59555, -3.06387
-2.60052, 0.83728, 2.98533
-2.60052, 0.83728, -2.98533
-2.60052, 2.91391, 0.12708
-2.60052, 2.91391, -0.12708
-4.69177, -2.91391, 1.76649
-4.69177, -2.91391, -1.76649
-4.69177, -2.76451, 1.97212
-4.69177, -2.76451, -1.97212
-4.69177, 0.59555, 3.06387
-4.69177, 0.59555, -3.06387
-4.69177, 0.83728, 2.98533
-4.69177, 0.83728, -2.98533
-4.69177, 2.91391, 0.12708
-4.69177, 2.91391, -0.12708
-4.78779, -2.76591, 1.67817
-4.78779, -2.76591, -1.67817
-4.78779, -2.62398, 1.87351
-4.78779, -2.62398, -1.87351
-4.78779, 0.56808, 2.91067
-4.78779, 0.56808, -2.91067
-4.78779, 0.79772, 2.83606
-4.78779, 0.79772, -2.83606
-4.78779, 2.77052, 0.12073
-4.78779, 2.77052, -0.12073

FACES
128,127,127,	1.00000,-0.00000,0.00000,	3,	0,2,1
128,127,127,	1.00000,-0.00000,0.00000,	3,	1,4,3
128,127,127,	0.87273,-0.39497,-0.28696,	3,	1,13,11
128,127,127,	0.81931,-0.17717,0.54528,	3,	2,14,4
128,127,127,	1.00000,-0.00000,0.00000,	3,	4,7,5
128,127,127,	0.81931,-0.17717,-0.54528,	3,	5,15,3
128,127,127,	1.00000,-0.00000,0.00000,	3,	6,9,7
128,127,127,	0.78014,0.50612,-0.36772,	3,	7,19,17
128,127,127,	0.83091,0.55641,-0.00000,	3,	8,18,9
128,127,127,	0.87273,-0.39497,0.28696,	3,	10,12,0
128,127,127,	-0.00000,-1.00000,0.00000,	3,	10,21,20
128,127,127,	-0.00000,-0.80902,-0.58779,	3,	11,23,21
128,127,127,	-0.00000,-0.30902,-0.95106,	3,	13,25,23
128,127,127,	0.78014,0.50612,0.36772,	3,	16,18,6
128,127,127,	-0.00000,0.30901,-0.95106,	3,	17,27,15
128,127,127,	0.00000,1.00000,0.00000,	3,	18,28,19
128,127,127,	-0.00000,-0.80902,0.58779,	3,	20,22,12
128,127,127,	-0.87965,-0.47563,0.00000,	3,	21,31,30
128,127,127,	-0.00000,-0.30902,0.95106,	3,	22,24,14
128,127,127,	-0.90635,-0.34183,-0.24837,	3,	23,33,31
128,127,127,	-0.00000,0.30901,0.95106,	3,	24,26,16
128,127,127,	-0.88758,0.14235,-0.43812,	3,	27,35,25
128,127,127,	-0.87321,0.48735,-0.00000,	3,	28,38,29
128,127,127,	-0.83142,0.44953,-0.32660,	3,	29,37,27
128,127,127,	-0.90635,-0.34183,0.24837,	3,	30,32,22
128,127,127,	-0.00000,-1.00000,0.00000,	3,	30,41,40
128,127,127,	-0.00000,-0.80901,-0.58780,	3,	31,43,41
128,127,127,	-0.86382,-0.15568,0.47914,	3,	32,34,24
128,127,127,	-0.88758,0.14235,0.43811,	3,	34,36,26
128,127,127,	-0.00000,-0.30902,-0.95106,	3,	35,45,33
128,127,127,	0.00000,0.80902,0.58779,	3,	36,46,38
128,127,127,	-0.00000,0.80902,-0.58779,	3,	37,49,47
128,127,127,	-0.00000,-0.80901,0.58780,	3,	40,42,32
128,127,127,	0.87965,-0.47563,-0.00000,	3,	40,51,50
128,127,127,	0.90634,-0.34184,-0.24836,	3,	41,53,51
128,127,127,	-0.00000,-0.30902,0.95106,	3,	42,44,34
128,127,127,	0.86382,-0.15568,-0.47914,	3,	45,55,43
128,127,127,	0.88758,0.14235,-0.43811,	3,	47,57,45
128,127,127,	-0.00000,1.00000,-0.00000,	3,	48,49,39
128,127,127,	-0.00000,-0.80902,0.58779,	3,	50,62,52
128,127,127,	-0.00000,-1.00000,0.00000,	3,	51,61,60
128,127,127,	-0.00000,-0.30902,0.95106,	3,	52,64,54
128,127,127,	-0.00000,-0.80902,-0.58779,	3,	53,63,61
128,127,127,	-0.00000,0.30901,0.95106,	3,	54,66,56
128,127,127,	-0.00000,-0.30902,-0.95106,	3,	55,65,63
128,127,127,	0.83142,0.44953,0.32660,	3,	56,58,46
128,127,127,	-0.00000,0.30901,-0.95106,	3,	57,67,65
128,127,127,	0.87321,0.48735,0.00000,	3,	58,59,48
128,127,127,	-0.81931,-0.17717,-0.54528,	3,	65,75,73
128,127,127,	-0.83091,0.55641,-0.00000,	3,	68,79,69
128,127,127,	-0.78014,0.50612,-0.36772,	3,	69,77,67
128,127,127,	-0.87273,-0.39495,0.28696,	3,	70,72,62
128,127,127,	-1.00000,0.00000,0.00000,	3,	71,73,70
128,127,127,	-0.81931,-0.17717,0.54528,	3,	72,74,64
128,127,127,	-0.84886,0.16334,0.50275,	3,	74,76,66
128,127,127,	-1.00000,-0.00000,0.00000,	3,	75,77,74
128,127,127,	-0.78014,0.50612,0.36772,	3,	76,78,68
128,127,127,	-1.00000,-0.00000,-0.00000,	3,	77,79,78
128,127,127,	0.83891,-0.54427,-0.00000,	3,	0,11,10
128,127,127,	0.87273,-0.39495,0.28696,	3,	0,12,2
128,127,127,	1.00000,-0.00000,0.00000,	3,	2,4,1
128,127,127,	0.87273,-0.39495,-0.28696,	3,	3,13,1
128,127,127,	1.00000,0.00000,0.00000,	3,	4,5,3
128,127,127,	0.84886,0.16334,0.50275,	3,	4,16,6
128,127,127,	0.84886,0.16335,-0.50274,	3,	5,17,15
128,127,127,	0.78014,0.50612,0.36772,	3,	6,18,8
128,127,127,	-0.00000,-0.80902,0.58779,	3,	10,20,12
128,127,127,	-0.00000,-0.30902,0.95106,	3,	12,22,14
128,127,127,	-0.00000,-0.80902,-0.58779,	3,	13,23,11
128,127,127,	0.00000,0.30901,0.95106,	3,	14,24,16
128,127,127,	-0.00000,0.30901,-0.95106,	3,	15,27,25
128,127,127,	-0.00000,0.80902,-0.58778,	3,	17,29,27
128,127,127,	0.83091,0.55641,0.00000,	3,	18,19,9
128,127,127,	-0.87965,-0.47563,-0.00000,	3,	21,30,20
128,127,127,	-0.86382,-0.15568,0.47914,	3,	22,32,24
128,127,127,	-0.90634,-0.34184,-0.24836,	3,	23,31,21
128,127,127,	-0.88758,0.14235,0.43812,	3,	24,34,26
128,127,127,	-0.86382,-0.15568,-0.47914,	3,	25,33,23
128,127,127,	-0.00000,0.80902,0.58778,	3,	26,28,18
128,127,127,	-0.88758,0.14235,-0.43811,	3,	27,37,35
128,127,127,	-0.00000,1.00000,-0.00000,	3,	28,29,19
128,127,127,	-0.00000,-0.80901,0.58780,	3,	30,40,32
128,127,127,	-0.00000,-1.00000,0.00000,	3,	31,41,30
128,127,127,	-0.00000,-0.30902,0.95106,	3,	32,42,34
128,127,127,	-0.00000,-0.30902,-0.95106,	3,	33,45,43
128,127,127,	0.00000,0.30902,0.95106,	3,	34,44,36
128,127,127,	-0.00000,0.30902,-0.95106,	3,	35,47,45
128,127,127,	-0.83140,0.44955,0.32662,	3,	36,38,28
128,127,127,	-0.87321,0.48735,-0.00000,	3,	38,39,29
128,127,127,	-0.00000,0.80902,-0.58779,	3,	39,49,37
128,127,127,	0.90635,-0.34183,0.24837,	3,	40,52,42
128,127,127,	0.87965,-0.47563,-0.00000,	3,	41,51,40
128,127,127,	0.90635,-0.34183,-0.24837,	3,	43,53,41
128,127,127,	0.88758,0.14235,-0.43812,	3,	45,57,55
128,127,127,	-0.00000,0.80902,0.58779,	3,	46,48,38
128,127,127,	0.83140,0.44955,-0.32662,	3,	49,59,47
128,127,127,	-0.00000,-1.00000,0.00000,	3,	51,60,50
128,127,127,	0.00000,-0.80902,-0.58779,	3,	53,61,51
128,127,127,	0.88758,0.14235,0.43812,	3,	54,56,44
128,127,127,	0.00000,-0.30902,-0.95106,	3,	55,63,53
128,127,127,	-0.00000,1.00000,0.00000,	3,	58,69,59
128,127,127,	-0.00000,0.80902,-0.58778,	3,	59,67,57
128,127,127,	-0.87273,-0.39497,0.28696,	3,	60,70,62
128,127,127,	-0.83891,-0.54427,0.00000,	3,	61,71,70
128,127,127,	-0.81931,-0.17718,0.54529,	3,	62,72,64
128,127,127,	-0.87273,-0.39495,-0.28696,	3,	63,73,71
128,127,127,	-0.00000,0.30901,0.95106,	3,	64,66,54
128,127,127,	-0.00000,0.80902,0.58778,	3,	66,68,56
128,127,127,	-0.84886,0.16335,-0.50274,	3,	67,75,65
128,127,127,	-0.78014,0.50612,-0.36772,	3,	69,79,77
128,127,127,	-1.00000,0.00000,-0.00000,	3,	72,75,74
128,127,127,	-1.00000,0.00000,0.00000,	3,	73,75,70
128,127,127,	-1.00000,0.00000,-0.00000,	3,	74,77,76
128,127,127,	-0.83091,0.55641,-0.00000,	3,	78,79,68
128,127,127,	0.83891,-0.54427,-0.00000,	3,	1,11,0
128,127,127,	1.00000,0.00000,0.00000,	3,	6,7,4
128,127,127,	0.84886,0.16334,-0.50275,	3,	7,17,5
128,127,127,	1.00000,0.00000,0.00000,	3,	8,9,6
128,127,127,	0.78014,0.50612,-0.36772,	3,	9,19,7
128,127,127,	-0.00000,-1.00000,0.00000,	3,	11,21,10
128,127,127,	0.81931,-0.17718,0.54529,	3,	12,14,2
128,127,127,	0.84886,0.16335,0.50274,	3,	14,16,4
128,127,127,	-0.00000,-0.30902,-0.95106,	3,	15,25,13
128,127,127,	0.00000,0.80902,0.58778,	3,	16,26,18
128,127,127,	-0.00000,0.80902,-0.58778,	3,	19,29,17
128,127,127,	-0.90634,-0.34184,0.24836,	3,	20,30,22
128,127,127,	-0.86382,-0.15568,-0.47914,	3,	25,35,33
128,127,127,	-0.83142,0.44953,0.32660,	3,	26,36,28
128,127,127,	-0.83140,0.44955,-0.32662,	3,	29,39,37
128,127,127,	-0.00000,-0.80901,-0.58780,	3,	33,43,31
128,127,127,	-0.00000,0.30902,-0.95106,	3,	37,47,35
128,127,127,	0.00000,1.00000,0.00000,	3,	38,48,39
128,127,127,	0.86382,-0.15568,0.47914,	3,	42,54,44
128,127,127,	0.86382,-0.15568,-0.47914,	3,	43,55,53
128,127,127,	-0.00000,0.30902,0.95106,	3,	44,46,36
128,127,127,	0.83140,0.44955,0.32662,	3,	46,58,48
128,127,127,	0.83142,0.44953,-0.32660,	3,	47,59,57
128,127,127,	0.87321,0.48735,-0.00000,	3,	48,59,49
128,127,127,	0.90634,-0.34184,0.24836,	3,	50,52,40
128,127,127,	-0.00000,0.80902,0.58778,	3,	56,68,58
128,127,127,	-0.00000,0.30901,-0.95106,	3,	57,65,55
128,127,127,	-0.00000,0.80902,-0.58778,	3,	59,69,67
128,127,127,	-0.00000,-0.80902,0.58779,	3,	60,62,50
128,127,127,	-0.83891,-0.54427,-0.00000,	3,	61,70,60
128,127,127,	-0.00000,-0.30902,0.95106,	3,	62,64,52
128,127,127,	-0.87273,-0.39497,-0.28696,	3,	63,71,61
128,127,127,	-0.84886,0.16335,0.50274,	3,	64,74,66
128,127,127,	-0.81931,-0.17718,-0.54529,	3,	65,73,63
128,127,127,	-0.78014,0.50612,0.36772,	3,	66,76,68
128,127,127,	-0.84886,0.16334,-0.50275,	3,	67,77,75
128,127,127,	-1.00000,0.00000,0.00000,	3,	70,75,72
128,127,127,	-1.00000,-0.00000,0.00000,	3,	77,78,76
128,127,127,	0.81931,-0.17718,-0.54529,	3,	3,15,13
128,127,127,	0.88758,0.14235,0.43811,	3,	44,56,46
128,127,127,	0.86382,-0.15568,0.47914,	3,	52,54,42
128,127,127,	-0.00000,1.00000,-0.00000,	3,	68,69,58

TEXTURES
oolite_barrel_diffuse.png	1.0 1.0	0.61394 0.98678	0.59806 0.97465	0.88682 0.98678
oolite_barrel_diffuse.png	1.0 1.0	0.88682 0.98678	0.51373 0.70177	0.90270 0.97465
oolite_barrel_diffuse.png	1.0 1.0	0.88682 0.98678	0.91072 0.98666	0.89400 0.99943
oolite_barrel_diffuse.png	1.0 1.0	0.59806 0.97465	0.50128 0.69942	0.51373 0.70177
oolite_barrel_diffuse.png	1.0 1.0	0.51373 0.70177	0.98096 0.68214	0.98702 0.70177
oolite_barrel_diffuse.png	1.0 1.0	0.98702 0.70177	0.99948 0.69942	0.90270 0.97465
oolite_barrel_diffuse.png	1.0 1.0	0.51980 0.68214	0.76019 0.51349	0.98096 0.68214
oolite_barrel_diffuse.png	1.0 1.0	0.98096 0.68214	0.76071 0.50123	0.99309 0.67876
oolite_barrel_diffuse.png	1.0 1.0	0.74056 0.51349	0.74004 0.50123	0.76019 0.51349
oolite_barrel_diffuse.png	1.0 1.0	0.60676 0.99943	0.59004 0.98666	0.61394 0.98678
oolite_barrel_diffuse.png	1.0 1.0	0.19860 0.50000	0.37914 0.38889	0.19860 0.38889
oolite_barrel_diffuse.png	1.0 1.0	0.37914 0.50000	0.39103 0.38889	0.37914 0.38889
oolite_barrel_diffuse.png	1.0 1.0	0.39103 0.50000	0.58238 0.38889	0.39103 0.38889
oolite_barrel_diffuse.png	1.0 1.0	0.50766 0.67876	0.74004 0.50123	0.51980 0.68214
oolite_barrel_diffuse.png	1.0 1.0	0.59535 0.50000	0.59535 0.38889	0.58238 0.50000
oolite_barrel_diffuse.png	1.0 1.0	0.79699 0.50000	0.79699 0.38889	0.78311 0.50000
oolite_barrel_diffuse.png	1.0 1.0	0.19860 0.38889	0.18672 0.38889	0.18672 0.50000
oolite_barrel_diffuse.png	1.0 1.0	0.37914 0.38889	0.37445 0.38386	0.20357 0.38386
oolite_barrel_diffuse.png	1.0 1.0	0.18672 0.38889	0.00000 0.38889	0.00000 0.50000
oolite_barrel_diffuse.png	1.0 1.0	0.39103 0.38889	0.38710 0.38386	0.37537 0.38386
oolite_barrel_diffuse.png	1.0 1.0	1.00000 0.38889	0.98711 0.38889	0.98711 0.50000
oolite_barrel_diffuse.png	1.0 1.0	0.59535 0.38889	0.58714 0.38386	0.58238 0.38889
oolite_barrel_diffuse.png	1.0 1.0	0.79699 0.38889	0.79954 0.38386	0.78311 0.38889
oolite_barrel_diffuse.png	1.0 1.0	0.78311 0.38889	0.60055 0.38386	0.59535 0.38889
oolite_barrel_diffuse.png	1.0 1.0	0.20357 0.38386	0.19072 0.38386	0.18672 0.38889
oolite_barrel_diffuse.png	1.0 1.0	0.19860 0.38386	0.37914 0.11689	0.19860 0.11689
oolite_barrel_diffuse.png	1.0 1.0	0.37914 0.38386	0.39103 0.11689	0.37914 0.11689
oolite_barrel_diffuse.png	1.0 1.0	0.18126 0.38386	0.00520 0.38386	0.00000 0.38889
oolite_barrel_diffuse.png	1.0 1.0	0.99609 0.38386	0.98436 0.38386	0.98711 0.38889
oolite_barrel_diffuse.png	1.0 1.0	0.58238 0.38386	0.58238 0.11689	0.39103 0.38386
oolite_barrel_diffuse.png	1.0 1.0	0.98711 0.38386	0.98711 0.11689	0.79699 0.38386
oolite_barrel_diffuse.png	1.0 1.0	0.59535 0.38386	0.78311 0.11689	0.59535 0.11689
oolite_barrel_diffuse.png	1.0 1.0	0.19860 0.11689	0.18672 0.11689	0.18672 0.38386
oolite_barrel_diffuse.png	1.0 1.0	0.20353 0.11689	0.37914 0.11201	0.19860 0.11201
oolite_barrel_diffuse.png	1.0 1.0	0.37525 0.11689	0.39103 0.11201	0.37914 0.11201
oolite_barrel_diffuse.png	1.0 1.0	0.18672 0.11689	0.00000 0.11689	0.00000 0.38386
oolite_barrel_diffuse.png	1.0 1.0	0.57725 0.11689	0.58238 0.11201	0.39649 0.11689
oolite_barrel_diffuse.png	1.0 1.0	0.59843 0.11689	0.59535 0.11201	0.58670 0.11689
oolite_barrel_diffuse.png	1.0 1.0	0.79699 0.11689	0.78311 0.11689	0.78311 0.38386
oolite_barrel_diffuse.png	1.0 1.0	0.19860 0.11201	0.18672 0.00000	0.18672 0.11201
oolite_barrel_diffuse.png	1.0 1.0	0.37914 0.11201	0.37914 0.00000	0.19860 0.00000
oolite_barrel_diffuse.png	1.0 1.0	0.18672 0.11201	0.00000 0.00000	0.00000 0.11201
oolite_barrel_diffuse.png	1.0 1.0	0.39103 0.11201	0.39103 0.00000	0.37914 0.00000
oolite_barrel_diffuse.png	1.0 1.0	1.00000 0.11201	0.98711 0.00000	0.98711 0.11201
oolite_barrel_diffuse.png	1.0 1.0	0.58238 0.11201	0.58238 0.00000	0.39103 0.00000
oolite_barrel_diffuse.png	1.0 1.0	0.98711 0.11201	0.79699 0.11201	0.98088 0.11689
oolite_barrel_diffuse.png	1.0 1.0	0.59535 0.11201	0.59535 0.00000	0.58238 0.00000
oolite_barrel_diffuse.png	1.0 1.0	0.79699 0.11201	0.78311 0.11201	0.80104 0.11689
oolite_barrel_diffuse.png	1.0 1.0	0.49904 0.69942	0.48658 0.70177	0.40226 0.97465
oolite_barrel_diffuse.png	1.0 1.0	0.23960 0.50123	0.25975 0.51349	0.26027 0.50123
oolite_barrel_diffuse.png	1.0 1.0	0.26027 0.50123	0.48051 0.68214	0.49265 0.67876
oolite_barrel_diffuse.png	1.0 1.0	0.11350 0.98678	0.09761 0.97465	0.08960 0.98666
oolite_barrel_diffuse.png	1.0 1.0	0.38638 0.98678	0.40226 0.97465	0.11350 0.98678
oolite_barrel_diffuse.png	1.0 1.0	0.09761 0.97465	0.01329 0.70177	0.00084 0.69942
oolite_barrel_diffuse.png	1.0 1.0	0.01329 0.70177	0.01936 0.68214	0.00722 0.67876
oolite_barrel_diffuse.png	1.0 1.0	0.48658 0.70177	0.48051 0.68214	0.01329 0.70177
oolite_barrel_diffuse.png	1.0 1.0	0.01936 0.68214	0.24012 0.51349	0.23960 0.50123
oolite_barrel_diffuse.png	1.0 1.0	0.48051 0.68214	0.25975 0.51349	0.24012 0.51349
oolite_barrel_diffuse.png	1.0 1.0	0.61394 0.98678	0.89400 0.99943	0.60676 0.99943
oolite_barrel_diffuse.png	1.0 1.0	0.61394 0.98678	0.59004 0.98666	0.59806 0.97465
oolite_barrel_diffuse.png	1.0 1.0	0.59806 0.97465	0.51373 0.70177	0.88682 0.98678
oolite_barrel_diffuse.png	1.0 1.0	0.90270 0.97465	0.91072 0.98666	0.88682 0.98678
oolite_barrel_diffuse.png	1.0 1.0	0.51373 0.70177	0.98702 0.70177	0.90270 0.97465
oolite_barrel_diffuse.png	1.0 1.0	0.51373 0.70177	0.50766 0.67876	0.51980 0.68214
oolite_barrel_diffuse.png	1.0 1.0	0.98702 0.70177	0.99309 0.67876	0.99948 0.69942
oolite_barrel_diffuse.png	1.0 1.0	0.51980 0.68214	0.74004 0.50123	0.74056 0.51349
oolite_barrel_diffuse.png	1.0 1.0	0.19860 0.50000	0.19860 0.38889	0.18672 0.50000
oolite_barrel_diffuse.png	1.0 1.0	0.18672 0.50000	0.18672 0.38889	0.00000 0.50000
oolite_barrel_diffuse.png	1.0 1.0	0.39103 0.50000	0.39103 0.38889	0.37914 0.50000
oolite_barrel_diffuse.png	1.0 1.0	1.00000 0.50000	1.00000 0.38889	0.98711 0.50000
oolite_barrel_diffuse.png	1.0 1.0	0.58238 0.50000	0.59535 0.38889	0.58238 0.38889
oolite_barrel_diffuse.png	1.0 1.0	0.59535 0.50000	0.78311 0.38889	0.59535 0.38889
oolite_barrel_diffuse.png	1.0 1.0	0.74004 0.50123	0.76071 0.50123	0.76019 0.51349
oolite_barrel_diffuse.png	1.0 1.0	0.37914 0.38889	0.20357 0.38386	0.19860 0.38889
oolite_barrel_diffuse.png	1.0 1.0	0.18672 0.38889	0.18126 0.38386	0.00000 0.38889
oolite_barrel_diffuse.png	1.0 1.0	0.39103 0.38889	0.37537 0.38386	0.37914 0.38889
oolite_barrel_diffuse.png	1.0 1.0	1.00000 0.38889	0.99609 0.38386	0.98711 0.38889
oolite_barrel_diffuse.png	1.0 1.0	0.58238 0.38889	0.39668 0.38386	0.39103 0.38889
oolite_barrel_diffuse.png	1.0 1.0	0.98711 0.38889	0.79699 0.38889	0.79699 0.50000
oolite_barrel_diffuse.png	1.0 1.0	0.59535 0.38889	0.59887 0.38386	0.58714 0.38386
oolite_barrel_diffuse.png	1.0 1.0	0.79699 0.38889	0.78311 0.38889	0.78311 0.50000
oolite_barrel_diffuse.png	1.0 1.0	0.19860 0.38386	0.19860 0.11689	0.18672 0.38386
oolite_barrel_diffuse.png	1.0 1.0	0.37914 0.38386	0.37914 0.11689	0.19860 0.38386
oolite_barrel_diffuse.png	1.0 1.0	0.18672 0.38386	0.18672 0.11689	0.00000 0.38386
oolite_barrel_diffuse.png	1.0 1.0	0.39103 0.38386	0.58238 0.11689	0.39103 0.11689
oolite_barrel_diffuse.png	1.0 1.0	1.00000 0.38386	1.00000 0.11689	0.98711 0.38386
oolite_barrel_diffuse.png	1.0 1.0	0.58238 0.38386	0.59535 0.11689	0.58238 0.11689
oolite_barrel_diffuse.png	1.0 1.0	0.98107 0.38386	0.80219 0.38386	0.79699 0.38889
oolite_barrel_diffuse.png	1.0 1.0	0.79954 0.38386	0.78782 0.38386	0.78311 0.38889
oolite_barrel_diffuse.png	1.0 1.0	0.78311 0.38386	0.78311 0.11689	0.59535 0.38386
oolite_barrel_diffuse.png	1.0 1.0	0.20200 0.11689	0.18672 0.11201	0.19027 0.11689
oolite_barrel_diffuse.png	1.0 1.0	0.37428 0.11689	0.37914 0.11201	0.20353 0.11689
oolite_barrel_diffuse.png	1.0 1.0	0.38699 0.11689	0.39103 0.11201	0.37525 0.11689
oolite_barrel_diffuse.png	1.0 1.0	0.58670 0.11689	0.59535 0.11201	0.58238 0.11201
oolite_barrel_diffuse.png	1.0 1.0	0.98711 0.11689	0.79699 0.11689	0.79699 0.38386
oolite_barrel_diffuse.png	1.0 1.0	0.77731 0.11689	0.78311 0.11201	0.60079 0.11689
oolite_barrel_diffuse.png	1.0 1.0	0.37914 0.11201	0.19860 0.00000	0.19860 0.11201
oolite_barrel_diffuse.png	1.0 1.0	0.39103 0.11201	0.37914 0.00000	0.37914 0.11201
oolite_barrel_diffuse.png	1.0 1.0	1.00000 0.11201	0.98711 0.11201	0.99600 0.11689
oolite_barrel_diffuse.png	1.0 1.0	0.58238 0.11201	0.39103 0.00000	0.39103 0.11201
oolite_barrel_diffuse.png	1.0 1.0	0.79699 0.11201	0.78311 0.00000	0.78311 0.11201
oolite_barrel_diffuse.png	1.0 1.0	0.78311 0.11201	0.59535 0.00000	0.59535 0.11201
oolite_barrel_diffuse.png	1.0 1.0	0.10632 0.99943	0.11350 0.98678	0.08960 0.98666
oolite_barrel_diffuse.png	1.0 1.0	0.39356 0.99943	0.38638 0.98678	0.11350 0.98678
oolite_barrel_diffuse.png	1.0 1.0	0.08960 0.98666	0.09761 0.97465	0.00084 0.69942
oolite_barrel_diffuse.png	1.0 1.0	0.41027 0.98666	0.40226 0.97465	0.38638 0.98678
oolite_barrel_diffuse.png	1.0 1.0	1.00000 0.00000	0.98711 0.00000	1.00000 0.11201
oolite_barrel_diffuse.png	1.0 1.0	0.98711 0.00000	0.79699 0.00000	0.98711 0.11201
oolite_barrel_diffuse.png	1.0 1.0	0.49265 0.67876	0.48658 0.70177	0.49904 0.69942
oolite_barrel_diffuse.png	1.0 1.0	0.26027 0.50123	0.25975 0.51349	0.48051 0.68214
oolite_barrel_diffuse.png	1.0 1.0	0.09761 0.97465	0.48658 0.70177	0.01329 0.70177
oolite_barrel_diffuse.png	1.0 1.0	0.40226 0.97465	0.48658 0.70177	0.11350 0.98678
oolite_barrel_diffuse.png	1.0 1.0	0.01329 0.70177	0.48051 0.68214	0.01936 0.68214
oolite_barrel_diffuse.png	1.0 1.0	0.24012 0.51349	0.25975 0.51349	0.23960 0.50123
oolite_barrel_diffuse.png	1.0 1.0	0.88682 0.98678	0.89400 0.99943	0.61394 0.98678
oolite_barrel_diffuse.png	1.0 1.0	0.51980 0.68214	0.98096 0.68214	0.51373 0.70177
oolite_barrel_diffuse.png	1.0 1.0	0.98096 0.68214	0.99309 0.67876	0.98702 0.70177
oolite_barrel_diffuse.png	1.0 1.0	0.74056 0.51349	0.76019 0.51349	0.51980 0.68214
oolite_barrel_diffuse.png	1.0 1.0	0.76019 0.51349	0.76071 0.50123	0.98096 0.68214
oolite_barrel_diffuse.png	1.0 1.0	0.37914 0.50000	0.37914 0.38889	0.19860 0.50000
oolite_barrel_diffuse.png	1.0 1.0	0.59004 0.98666	0.50128 0.69942	0.59806 0.97465
oolite_barrel_diffuse.png	1.0 1.0	0.50128 0.69942	0.50766 0.67876	0.51373 0.70177
oolite_barrel_diffuse.png	1.0 1.0	0.58238 0.50000	0.58238 0.38889	0.39103 0.50000
oolite_barrel_diffuse.png	1.0 1.0	0.98711 0.50000	0.98711 0.38889	0.79699 0.50000
oolite_barrel_diffuse.png	1.0 1.0	0.78311 0.50000	0.78311 0.38889	0.59535 0.50000
oolite_barrel_diffuse.png	1.0 1.0	0.19860 0.38889	0.20357 0.38386	0.18672 0.38889
oolite_barrel_diffuse.png	1.0 1.0	0.58238 0.38889	0.57744 0.38386	0.39668 0.38386
oolite_barrel_diffuse.png	1.0 1.0	0.98711 0.38889	0.98107 0.38386	0.79699 0.38889
oolite_barrel_diffuse.png	1.0 1.0	0.78311 0.38889	0.77707 0.38386	0.60055 0.38386
oolite_barrel_diffuse.png	1.0 1.0	0.39103 0.38386	0.39103 0.11689	0.37914 0.38386
oolite_barrel_diffuse.png	1.0 1.0	0.59535 0.38386	0.59535 0.11689	0.58238 0.38386
oolite_barrel_diffuse.png	1.0 1.0	0.79699 0.38386	0.79699 0.11689	0.78311 0.38386
oolite_barrel_diffuse.png	1.0 1.0	0.18138 0.11689	0.00000 0.11201	0.00525 0.11689
oolite_barrel_diffuse.png	1.0 1.0	0.39649 0.11689	0.58238 0.11201	0.39103 0.11201
oolite_barrel_diffuse.png	1.0 1.0	1.00000 0.11689	0.98711 0.11689	0.98711 0.38386
oolite_barrel_diffuse.png	1.0 1.0	0.98088 0.11689	0.79699 0.11201	0.80201 0.11689
oolite_barrel_diffuse.png	1.0 1.0	0.60079 0.11689	0.78311 0.11201	0.59535 0.11201
oolite_barrel_diffuse.png	1.0 1.0	0.80104 0.11689	0.78311 0.11201	0.78714 0.11689
oolite_barrel_diffuse.png	1.0 1.0	0.19860 0.11201	0.18672 0.11201	0.20200 0.11689
oolite_barrel_diffuse.png	1.0 1.0	0.98711 0.11201	0.79699 0.00000	0.79699 0.11201
oolite_barrel_diffuse.png	1.0 1.0	0.59535 0.11201	0.58238 0.00000	0.58238 0.11201
oolite_barrel_diffuse.png	1.0 1.0	0.78311 0.11201	0.78311 0.00000	0.59535 0.00000
oolite_barrel_diffuse.png	1.0 1.0	0.19860 0.00000	0.18672 0.00000	0.19860 0.11201
oolite_barrel_diffuse.png	1.0 1.0	0.39356 0.99943	0.11350 0.98678	0.10632 0.99943
oolite_barrel_diffuse.png	1.0 1.0	0.18672 0.00000	0.00000 0.00000	0.18672 0.11201
oolite_barrel_diffuse.png	1.0 1.0	0.41027 0.98666	0.38638 0.98678	0.39356 0.99943
oolite_barrel_diffuse.png	1.0 1.0	0.00084 0.69942	0.01329 0.70177	0.00722 0.67876
oolite_barrel_diffuse.png	1.0 1.0	0.49904 0.69942	0.40226 0.97465	0.41027 0.98666
oolite_barrel_diffuse.png	1.0 1.0	0.00722 0.67876	0.01936 0.68214	0.23960 0.50123
oolite_barrel_diffuse.png	1.0 1.0	0.49265 0.67876	0.48051 0.68214	0.48658 0.70177
oolite_barrel_diffuse.png	1.0 1.0	0.11350 0.98678	0.48658 0.70177	0.09761 0.97465
oolite_barrel_diffuse.png	1.0 1.0	0.48051 0.68214	0.24012 0.51349	0.01936 0.68214
oolite_barrel_diffuse.png	1.0 1.0	0.90270 0.97465	0.99948 0.69942	0.91072 0.98666
oolite_barrel_diffuse.png	1.0 1.0	0.99600 0.11689	0.98711 0.11201	0.98427 0.11689
oolite_barrel_diffuse.png	1.0 1.0	0.18672 0.11201	0.00000 0.11201	0.18138 0.11689
oolite_barrel_diffuse.png	1.0 1.0	0.79699 0.00000	0.78311 0.00000	0.79699 0.11201

END
