// output from Obj2DatTex.py Wavefront text file conversion script
// (c) 2005 By Giles Williams
// 
// original file: "griff_thargoid.obj"
// 
// model size: 168.109 x 49.424 x 168.109
// 
// textures used: ['oolite_thargoid_diffuse.png']
// 
NVERTS 334
NFACES 624

VERTEX
-3.45209, -20.56840, -76.16880
-4.38092, -20.57840, -80.69250
-4.56346, -18.31590, -84.05460
-4.56346, -17.04480, -84.05460
-2.92133, -17.98340, -73.58390
3.45209, -20.56840, -76.16880
4.38092, -20.57840, -80.69250
4.56346, -18.31590, -84.05460
4.56346, -17.04480, -84.05460
2.92133, -17.98340, -73.58390
16.41030, 7.03372, -52.13710
15.18470, 8.82432, -51.29460
27.08450, 8.81566, -46.29160
26.86260, 7.03372, -47.80760
14.57120, -2.51121, -60.02240
13.08530, -2.51121, -60.64580
33.60250, -2.51121, -52.14730
35.39030, -2.51121, -51.40670
-50.85720, -20.56840, -55.84470
-55.84470, -20.56840, -50.85720
-59.65920, -20.57840, -53.44010
-53.44010, -20.57840, -59.65920
-55.66680, -18.32540, -62.14500
-62.14500, -18.32540, -55.66680
-62.14500, -17.05420, -55.66680
-55.66680, -17.05420, -62.14500
-49.38120, -17.98340, -53.66500
-53.66500, -17.98340, -49.38120
-4.80782, -25.55240, -43.79740
-6.29506, -17.98340, -52.49870
-5.45572, -25.77640, -45.49880
4.81722, -25.55240, -43.79740
6.29506, -17.98340, -52.49870
5.45572, -25.77640, -45.49880
55.84470, -20.56840, -50.85720
59.65920, -20.57840, -53.44010
62.14500, -18.32540, -55.66680
62.14500, -17.05420, -55.66680
50.85720, -20.56840, -55.84470
53.44010, -20.57840, -59.65920
55.66680, -18.32540, -62.14500
55.66680, -17.05420, -62.14500
53.66500, -17.98340, -49.38120
49.38120, -17.98340, -53.66500
-30.73330, 17.16130, -21.10170
-29.77440, 17.16130, -23.28660
-23.28660, 17.16130, -29.77440
-26.56700, 18.34150, -21.09720
-21.09360, 18.34150, -26.57060
-4.55595, 17.16130, -37.99510
-2.52309, 14.69160, -26.35220
-2.86700, 14.69160, -29.94420
-3.75225, 18.34150, -34.18150
-18.66460, 14.69160, -23.01090
8.05729, 17.16130, -36.45840
4.55595, 17.16130, -37.99510
2.52308, 14.69160, -26.35220
3.75959, 18.34150, -34.18150
2.86699, 14.69160, -29.94420
18.66450, 14.69160, -23.01090
21.10170, 17.16130, -30.73330
23.28660, 17.16130, -29.77440
29.77440, 17.16130, -23.28660
21.10090, 18.34150, -26.57060
26.57430, 18.34150, -21.09720
-46.29160, 8.81566, -27.08450
-47.80760, 7.03372, -26.86260
-36.74320, 7.03372, -22.27960
11.82720, 7.03372, -41.07270
22.27960, 7.03372, -36.74320
-52.14730, -2.51121, -33.60250
-51.40670, -2.51121, -35.39030
-34.04070, -25.55240, -27.03230
-27.02750, -25.55240, -34.04540
-41.14000, -17.98340, -32.17570
-35.65470, -25.77640, -27.88560
-32.17570, -17.98340, -41.14000
-27.88560, -25.77640, -35.65470
-0.78880, -25.44410, -24.63960
-0.68008, -23.70040, -21.19820
0.79821, -25.44410, -24.63960
0.68816, -23.70040, -21.19820
27.03690, -25.55240, -34.04540
34.05010, -25.55240, -27.03220
32.17570, -17.98340, -41.14000
27.88560, -25.77640, -35.65470
41.14000, -17.98340, -32.17570
35.65470, -25.77640, -27.88560
-36.45840, 17.16130, -8.05729
-37.99510, 17.16130, -4.55595
-26.35230, 14.69160, -2.52310
-34.17780, 18.34150, -3.75593
-29.94420, 14.69160, -2.86701
-23.01090, 14.69160, -18.66460
-6.16198, 23.64720, -6.46800
-0.28213, 23.64720, -9.21671
-6.44509, 23.64720, -6.18490
-5.06418, 22.53390, -5.29531
-0.20311, 22.53380, -7.56949
-5.28445, 22.53390, -5.07518
-0.72296, 23.20000, -15.05580
-13.12880, 21.95930, -11.57850
-1.01937, 21.95930, -17.90940
-9.91131, 23.20000, -10.76040
-10.73150, 23.20000, -9.94025
-11.54960, 21.95930, -13.15780
-16.42560, 14.69160, -20.25060
-20.25060, 14.69160, -16.42560
-15.02690, 23.20000, -0.75194
-17.88050, 21.95930, -1.06023
0.28662, 23.64720, -9.21671
9.21901, 23.64720, -0.28436
7.61916, 22.53380, -0.19578
0.24511, 22.53380, -7.56960
6.16648, 23.64720, -6.46801
5.10630, 22.53390, -5.29555
6.47030, 23.64720, -6.16419
5.34499, 22.53390, -5.05696
0.78084, 23.20000, -15.05580
9.96920, 23.20000, -10.76050
15.08480, 23.20000, -0.75189
1.10099, 21.95930, -17.90940
16.42560, 14.69160, -20.25060
20.25060, 14.69160, -16.42560
17.93840, 21.95930, -1.06016
10.78950, 23.20000, -9.94022
11.60750, 21.95930, -13.15780
13.18680, 21.95930, -11.57850
37.99510, 17.16130, -4.55595
26.35230, 14.69160, -2.52308
23.01090, 14.69160, -18.66450
34.18520, 18.34150, -3.75591
29.94420, 14.69160, -2.86699
-52.13710, 7.03372, -16.41030
-51.29460, 8.82432, -15.18470
-41.07270, 7.03372, -11.82720
-60.02240, -2.51121, -14.57120
-60.64580, -2.51121, -13.08530
-76.16880, -20.56840, -3.45209
-80.69250, -20.57840, -4.38092
-84.05460, -18.31590, -4.56346
-84.05460, -17.04480, -4.56346
-73.58390, -17.98340, -2.92133
-43.79270, -25.55240, -4.81254
-52.49870, -17.98340, -6.29506
-45.49880, -25.77640, -5.45572
-24.63490, -25.44410, -0.79351
-21.19420, -23.70040, -0.68412
-16.02890, -25.44410, -17.95100
-17.94630, -25.44410, -16.03360
-13.78950, -23.70040, -15.44470
-15.44070, -23.70040, -13.79360
17.95570, -25.44410, -16.03360
16.03830, -25.44410, -17.95100
15.44880, -23.70040, -13.79360
13.79760, -23.70040, -15.44470
24.64430, -25.44410, -0.79349
21.20230, -23.70040, -0.68411
43.80210, -25.55240, -4.81252
52.49870, -17.98340, -6.29506
45.49880, -25.77640, -5.45572
76.16880, -20.56840, -3.45209
80.69250, -20.57840, -4.38092
84.05460, -18.31590, -4.56346
84.05460, -17.04480, -4.56346
73.58390, -17.98340, -2.92133
-37.99510, 17.16130, 4.55595
-26.35230, 14.69160, 2.52310
-23.01090, 14.69160, 18.66460
-34.17780, 18.34150, 3.75593
-29.94420, 14.69160, 2.86701
-0.28213, 23.64720, 9.21671
-6.16198, 23.64720, 6.46800
-6.46578, 23.64720, 6.16421
-9.12281, 23.64720, 0.48054
-5.06418, 22.53390, 5.35205
-0.20311, 22.53380, 7.62623
-5.30267, 22.53390, 5.11348
-7.50056, 22.53380, 0.42595
-16.42560, 14.69160, 20.25060
-20.25060, 14.69160, 16.42560
-0.72296, 23.20000, 15.05580
-17.88050, 21.95930, 1.06023
-13.12880, 21.95930, 11.57850
-15.02690, 23.20000, 0.75194
-1.01937, 21.95930, 17.90940
-10.73150, 23.20000, 9.94025
-9.91131, 23.20000, 10.76040
-11.54960, 21.95930, 13.15780
9.21901, 23.64720, 0.28436
6.47030, 23.64720, 6.16419
6.16648, 23.64720, 6.46801
0.28662, 23.64720, 9.21671
5.34499, 22.53390, 5.11369
7.61916, 22.53380, 0.25252
5.10630, 22.53390, 5.35229
0.24511, 22.53380, 7.62633
10.78950, 23.20000, 9.94022
9.96920, 23.20000, 10.76050
15.08480, 23.20000, 0.75189
13.18680, 21.95930, 11.57850
20.25060, 14.69160, 16.42560
11.60750, 21.95930, 13.15780
16.42560, 14.69160, 20.25060
17.93840, 21.95930, 1.06016
0.78084, 23.20000, 15.05580
1.10099, 21.95930, 17.90940
36.45840, 17.16130, 8.05729
37.99510, 17.16130, 4.55595
26.35230, 14.69160, 2.52308
23.01090, 14.69160, 18.66450
34.18520, 18.34150, 3.75591
29.94420, 14.69160, 2.86699
41.07270, 7.03372, 11.82720
52.13710, 7.03372, 16.41030
51.29460, 8.82432, 15.18470
60.02240, -2.51121, 14.57120
60.64580, -2.51121, 13.08530
-76.16880, -20.56840, 3.45209
-80.69250, -20.57840, 4.38092
-84.05460, -18.31590, 4.56346
-84.05460, -17.04480, 4.56346
-73.58390, -17.98340, 2.92133
-43.79270, -25.55240, 4.81254
-52.49870, -17.98340, 6.29506
-45.49880, -25.77640, 5.45572
-24.63490, -25.44410, 0.79351
-21.19420, -23.70040, 0.68412
-17.94630, -25.44410, 16.03360
-16.02890, -25.44410, 17.95100
-15.44070, -23.70040, 13.79360
-13.78950, -23.70040, 15.44470
16.03830, -25.44410, 17.95100
17.95570, -25.44410, 16.03360
15.44880, -23.70040, 13.79360
13.79760, -23.70040, 15.44470
24.64430, -25.44410, 0.79349
21.20230, -23.70040, 0.68411
43.80210, -25.55240, 4.81252
52.49870, -17.98340, 6.29506
45.49880, -25.77640, 5.45572
76.16880, -20.56840, 3.45209
80.69250, -20.57840, 4.38092
84.05460, -18.31590, 4.56346
84.05460, -17.04480, 4.56346
73.58390, -17.98340, 2.92133
-21.10170, 17.16130, 30.73330
-23.28660, 17.16130, 29.77440
-29.77440, 17.16130, 23.28660
-21.09360, 18.34150, 26.57060
-26.56700, 18.34150, 21.09720
-8.05729, 17.16130, 36.45840
-4.55595, 17.16130, 37.99510
-2.52309, 14.69160, 26.35220
-3.75225, 18.34150, 34.18150
-2.86700, 14.69160, 29.94420
-18.66460, 14.69160, 23.01090
4.55595, 17.16130, 37.99510
18.66450, 14.69160, 23.01090
3.75959, 18.34150, 34.18150
2.86699, 14.69160, 29.94420
2.52308, 14.69160, 26.35220
30.73330, 17.16130, 21.10170
29.77440, 17.16130, 23.28660
23.28660, 17.16130, 29.77440
26.57430, 18.34150, 21.09720
21.10090, 18.34150, 26.57060
-22.27960, 7.03372, 36.74320
-11.82720, 7.03372, 41.07270
36.74320, 7.03372, 22.27960
46.29160, 8.81566, 27.08450
47.80760, 7.03372, 26.86260
52.14730, -2.51121, 33.60250
51.40670, -2.51121, 35.39030
-27.02750, -25.55240, 34.04540
-34.04070, -25.55240, 27.03230
-32.17570, -17.98340, 41.14000
-27.88560, -25.77640, 35.65470
-41.14000, -17.98340, 32.17570
-35.65470, -25.77640, 27.88560
-0.78880, -25.44410, 24.63960
-0.68008, -23.70040, 21.19820
0.79821, -25.44410, 24.63960
0.68816, -23.70040, 21.19820
34.05010, -25.55240, 27.03220
27.03690, -25.55240, 34.04540
41.14000, -17.98340, 32.17570
35.65470, -25.77640, 27.88560
32.17570, -17.98340, 41.14000
27.88560, -25.77640, 35.65470
-27.08450, 8.81566, 46.29160
-26.86260, 7.03372, 47.80760
-16.41030, 7.03372, 52.13710
-15.18470, 8.82432, 51.29460
-33.60250, -2.51121, 52.14730
-35.39030, -2.51121, 51.40670
-14.57120, -2.51121, 60.02240
-13.08530, -2.51121, 60.64580
-55.84470, -20.56840, 50.85720
-59.65920, -20.57840, 53.44010
-62.14500, -18.32540, 55.66680
-62.14500, -17.05420, 55.66680
-50.85720, -20.56840, 55.84470
-53.44010, -20.57840, 59.65920
-55.66680, -18.32540, 62.14500
-55.66680, -17.05420, 62.14500
-53.66500, -17.98340, 49.38120
-49.38120, -17.98340, 53.66500
-4.80782, -25.55240, 43.79740
-6.29506, -17.98340, 52.49870
-5.45572, -25.77640, 45.49880
4.81722, -25.55240, 43.79740
6.29506, -17.98340, 52.49870
5.45572, -25.77640, 45.49880
50.85720, -20.56840, 55.84470
53.44010, -20.57840, 59.65920
55.66680, -18.32540, 62.14500
55.66680, -17.05420, 62.14500
55.84470, -20.56840, 50.85720
59.65920, -20.57840, 53.44010
62.14500, -18.32540, 55.66680
62.14500, -17.05420, 55.66680
49.38120, -17.98340, 53.66500
53.66500, -17.98340, 49.38120
-3.45209, -20.56840, 76.16880
-4.38092, -20.57840, 80.69250
-4.56346, -18.31590, 84.05460
-4.56346, -17.04480, 84.05460
-2.92133, -17.98340, 73.58390
3.45209, -20.56840, 76.16880
4.38092, -20.57840, 80.69250
4.56346, -18.31590, 84.05460
4.56346, -17.04480, 84.05460
2.92133, -17.98340, 73.58390

FACES
128,127,127,	-0.00000,-1.00000,0.00221,	3,	0,6,1
128,127,127,	0.27864,-0.70709,0.64991,	3,	0,18,4
128,127,127,	0.00087,-1.00000,0.00203,	3,	0,21,18
128,127,127,	-0.00000,-0.82964,-0.55830,	3,	1,7,2
128,127,127,	0.00087,-1.00000,0.00203,	3,	1,21,0
128,127,127,	-0.22865,-0.81442,-0.53333,	3,	1,22,21
128,127,127,	-0.00000,0.00000,-1.00000,	3,	2,8,3
128,127,127,	-0.22916,-0.81328,-0.53485,	3,	2,22,1
128,127,127,	-0.39404,-0.00000,-0.91909,	3,	2,25,22
128,127,127,	-0.39404,-0.00000,-0.91909,	3,	3,25,2
128,127,127,	-0.24778,0.77781,-0.57760,	3,	3,49,25
128,127,127,	-0.00000,-0.70709,0.70712,	3,	4,5,0
128,127,127,	-0.00000,-0.70709,0.70712,	3,	4,9,5
128,127,127,	0.00000,-1.00000,0.00000,	3,	4,29,9
128,127,127,	-0.00000,-1.00000,0.00221,	3,	5,6,0
128,127,127,	-0.00087,-1.00000,0.00203,	3,	5,39,6
128,127,127,	-0.00000,-0.82964,-0.55830,	3,	6,7,1
128,127,127,	0.22916,-0.81328,-0.53485,	3,	6,40,7
128,127,127,	-0.00000,0.00000,-1.00000,	3,	7,8,2
128,127,127,	0.39404,-0.00000,-0.91909,	3,	7,41,8
128,127,127,	-0.00000,0.80282,-0.59622,	3,	8,49,3
128,127,127,	-0.00000,0.80282,-0.59622,	3,	8,55,49
128,127,127,	-0.27864,-0.70709,0.64991,	3,	9,38,5
128,127,127,	-0.27863,-0.70710,0.64990,	3,	9,43,38
128,127,127,	0.31798,0.57304,-0.75533,	3,	10,12,11
128,127,127,	0.30786,0.59398,-0.74324,	3,	10,13,12
128,127,127,	0.31884,0.56639,-0.75996,	3,	10,15,14
128,127,127,	0.00000,-1.00000,-0.00000,	3,	10,69,13
128,127,127,	0.31005,0.57017,-0.76077,	3,	11,15,10
128,127,127,	-0.54536,0.59119,-0.59420,	3,	11,54,15
128,127,127,	0.18168,0.89198,-0.41396,	3,	11,60,54
128,127,127,	0.17414,0.89409,-0.41264,	3,	12,60,11
128,127,127,	0.34258,0.58366,-0.73619,	3,	13,17,12
128,127,127,	-0.83342,-0.43155,-0.34521,	3,	13,69,16
128,127,127,	0.82827,-0.44302,0.34309,	3,	14,68,10
128,127,127,	0.31496,0.56809,-0.76031,	3,	16,17,13
128,127,127,	0.80437,0.59405,-0.00934,	3,	17,60,12
128,127,127,	0.00156,-1.00000,0.00156,	3,	18,21,19
128,127,127,	0.27863,-0.70710,0.64990,	3,	18,26,4
128,127,127,	0.50000,-0.70710,0.50000,	3,	18,27,26
128,127,127,	0.00156,-1.00000,0.00156,	3,	19,21,20
128,127,127,	0.50000,-0.70710,0.50000,	3,	19,27,18
128,127,127,	0.64990,-0.70710,0.27863,	3,	19,142,27
128,127,127,	0.00203,-1.00000,0.00087,	3,	20,138,19
128,127,127,	0.00203,-1.00000,0.00087,	3,	20,139,138
128,127,127,	-0.39606,-0.82842,-0.39606,	3,	21,22,20
128,127,127,	-0.39606,-0.82842,-0.39606,	3,	22,23,20
128,127,127,	-0.70711,0.00000,-0.70711,	3,	22,25,23
128,127,127,	-0.70711,-0.00000,-0.70711,	3,	23,25,24
128,127,127,	-0.53333,-0.81442,-0.22865,	3,	23,139,20
128,127,127,	-0.53485,-0.81328,-0.22916,	3,	23,140,139
128,127,127,	-0.91909,-0.00000,-0.39404,	3,	24,140,23
128,127,127,	-0.91909,-0.00000,-0.39404,	3,	24,141,140
128,127,127,	-0.42328,0.80104,-0.42328,	3,	25,45,24
128,127,127,	-0.42328,0.80104,-0.42328,	3,	25,46,45
128,127,127,	-0.25147,0.78005,-0.57296,	3,	25,49,46
128,127,127,	0.00000,-1.00000,-0.00000,	3,	26,29,4
128,127,127,	0.00000,-1.00000,-0.00000,	3,	26,76,29
128,127,127,	0.00000,-1.00000,-0.00000,	3,	27,76,26
128,127,127,	0.00000,-1.00000,-0.00000,	3,	27,144,74
128,127,127,	-0.00000,-0.99144,0.13053,	3,	28,33,30
128,127,127,	-0.00000,-0.99998,0.00565,	3,	28,78,31
128,127,127,	0.00000,-1.00000,-0.00000,	3,	29,32,9
128,127,127,	-0.30383,-0.65455,-0.69228,	3,	29,77,30
128,127,127,	-0.00000,-0.66824,-0.74395,	3,	30,32,29
128,127,127,	0.00000,-0.66824,-0.74395,	3,	30,33,32
128,127,127,	0.04914,-0.99250,0.11196,	3,	30,73,28
128,127,127,	0.04913,-0.99250,0.11195,	3,	30,77,73
128,127,127,	-0.00000,-0.99144,0.13053,	3,	31,33,28
128,127,127,	-0.04924,-0.99247,0.11219,	3,	31,82,33
128,127,127,	-0.00000,-1.00000,-0.00000,	3,	32,43,9
128,127,127,	0.00000,-1.00000,-0.00000,	3,	32,84,43
128,127,127,	0.30383,-0.65454,-0.69228,	3,	32,85,84
128,127,127,	0.30383,-0.65455,-0.69228,	3,	33,85,32
128,127,127,	-0.50000,-0.70710,0.50000,	3,	34,43,42
128,127,127,	-0.00203,-1.00000,0.00087,	3,	34,161,35
128,127,127,	-0.64991,-0.70709,0.27864,	3,	34,165,161
128,127,127,	-0.00156,-1.00000,0.00156,	3,	35,38,34
128,127,127,	-0.00156,-1.00000,0.00156,	3,	35,39,38
128,127,127,	0.53333,-0.81442,-0.22865,	3,	35,162,36
128,127,127,	0.39606,-0.82842,-0.39606,	3,	36,39,35
128,127,127,	0.39606,-0.82842,-0.39606,	3,	36,40,39
128,127,127,	0.91909,-0.00000,-0.39404,	3,	36,163,37
128,127,127,	0.70711,-0.00000,-0.70711,	3,	37,40,36
128,127,127,	0.70711,-0.00000,-0.70711,	3,	37,41,40
128,127,127,	0.42328,0.80104,-0.42328,	3,	37,61,41
128,127,127,	0.42328,0.80104,-0.42328,	3,	37,62,61
128,127,127,	0.57296,0.78005,-0.25147,	3,	37,128,62
128,127,127,	0.57760,0.77781,-0.24778,	3,	37,164,128
128,127,127,	-0.00087,-1.00000,0.00203,	3,	38,39,5
128,127,127,	-0.50000,-0.70710,0.50000,	3,	38,43,34
128,127,127,	0.22865,-0.81442,-0.53333,	3,	39,40,6
128,127,127,	0.39404,-0.00000,-0.91909,	3,	40,41,7
128,127,127,	0.24778,0.77781,-0.57760,	3,	41,55,8
128,127,127,	0.25147,0.78005,-0.57296,	3,	41,61,55
128,127,127,	-0.64990,-0.70710,0.27863,	3,	42,165,34
128,127,127,	0.00000,-1.00000,0.00000,	3,	43,84,42
128,127,127,	-0.41264,0.89409,-0.17414,	3,	44,134,65
128,127,127,	-0.57296,0.78005,-0.25147,	3,	45,89,24
128,127,127,	-0.27049,0.95537,-0.11872,	3,	45,91,89
128,127,127,	-0.20892,0.95536,-0.20892,	3,	46,47,45
128,127,127,	-0.20892,0.95536,-0.20892,	3,	46,48,47
128,127,127,	-0.11877,0.95533,-0.27062,	3,	46,52,48
128,127,127,	-0.27050,0.95537,-0.11872,	3,	47,91,45
128,127,127,	0.59789,0.75741,0.26240,	3,	47,92,91
128,127,127,	0.59789,0.75741,0.26240,	3,	47,93,92
128,127,127,	0.26234,0.75756,0.59773,	3,	48,52,51
128,127,127,	0.46165,0.75747,0.46165,	3,	48,53,47
128,127,127,	-0.11877,0.95533,-0.27062,	3,	49,52,46
128,127,127,	-0.00000,0.95530,-0.29564,	3,	49,55,52
128,127,127,	0.00000,1.00000,0.00000,	3,	50,53,51
128,127,127,	-0.00000,1.00000,-0.00000,	3,	50,58,56
128,127,127,	0.00000,1.00000,-0.00000,	3,	50,106,53
128,127,127,	0.26234,0.75755,0.59774,	3,	51,53,48
128,127,127,	-0.00000,1.00000,-0.00000,	3,	51,58,50
128,127,127,	0.00000,0.75767,0.65264,	3,	52,58,51
128,127,127,	0.46165,0.75747,0.46165,	3,	53,93,47
128,127,127,	0.00000,1.00000,-0.00000,	3,	53,107,93
128,127,127,	-0.00000,0.95530,-0.29564,	3,	55,57,52
128,127,127,	0.11886,0.95527,-0.27081,	3,	55,61,57
128,127,127,	-0.00000,0.75788,-0.65239,	3,	56,102,50
128,127,127,	-0.00000,0.75788,-0.65239,	3,	56,121,102
128,127,127,	0.26470,0.75244,-0.60313,	3,	56,122,121
128,127,127,	-0.00000,0.75767,0.65264,	3,	57,58,52
128,127,127,	-0.26223,0.75778,0.59749,	3,	57,63,58
128,127,127,	0.00000,1.00000,-0.00000,	3,	58,59,56
128,127,127,	-0.26223,0.75778,0.59750,	3,	58,63,59
128,127,127,	0.00000,1.00000,-0.00000,	3,	59,122,56
128,127,127,	0.00000,1.00000,-0.00000,	3,	59,123,122
128,127,127,	-0.00000,1.00000,-0.00000,	3,	59,130,123
128,127,127,	0.11886,0.95527,-0.27081,	3,	61,63,57
128,127,127,	0.20918,0.95524,-0.20918,	3,	62,63,61
128,127,127,	0.20918,0.95524,-0.20918,	3,	62,64,63
128,127,127,	0.27093,0.95523,-0.11891,	3,	62,131,64
128,127,127,	-0.46132,0.75787,0.46132,	3,	63,130,59
128,127,127,	-0.46132,0.75787,0.46132,	3,	64,130,63
128,127,127,	-0.59734,0.75792,0.26217,	3,	64,132,130
128,127,127,	-0.00934,0.59405,-0.80437,	3,	65,71,44
128,127,127,	-0.74324,0.59398,-0.30786,	3,	65,133,66
128,127,127,	-0.75533,0.57304,-0.31798,	3,	65,134,133
128,127,127,	-0.73619,0.58366,-0.34258,	3,	66,71,65
128,127,127,	0.00000,-1.00000,0.00000,	3,	66,133,67
128,127,127,	-0.34521,-0.43155,0.83342,	3,	67,70,66
128,127,127,	0.00000,-1.00000,-0.00000,	3,	68,69,10
128,127,127,	-0.76031,0.56809,-0.31496,	3,	70,71,66
128,127,127,	0.09005,-0.99186,0.09005,	3,	72,77,75
128,127,127,	0.11181,-0.99252,0.04907,	3,	72,145,143
128,127,127,	0.00400,-0.99998,0.00400,	3,	72,149,73
128,127,127,	0.09004,-0.99186,0.09005,	3,	73,77,72
128,127,127,	0.00227,-0.99998,0.00518,	3,	73,78,28
128,127,127,	0.00227,-0.99998,0.00518,	3,	73,148,78
128,127,127,	0.00400,-0.99998,0.00400,	3,	73,149,148
128,127,127,	-0.00000,-1.00000,-0.00000,	3,	74,76,27
128,127,127,	-0.69228,-0.65454,-0.30383,	3,	74,144,75
128,127,127,	-0.52900,-0.66357,-0.52900,	3,	75,76,74
128,127,127,	-0.52900,-0.66357,-0.52900,	3,	75,77,76
128,127,127,	0.11180,-0.99252,0.04907,	3,	75,145,72
128,127,127,	-0.30383,-0.65454,-0.69228,	3,	76,77,29
128,127,127,	-0.00000,-0.99998,0.00565,	3,	78,80,31
128,127,127,	-0.00000,-0.89203,0.45198,	3,	78,81,80
128,127,127,	0.19253,-0.87778,0.43867,	3,	78,148,79
128,127,127,	-0.00000,-0.89203,0.45198,	3,	79,81,78
128,127,127,	-0.00000,-1.00000,-0.00000,	3,	79,151,147
128,127,127,	0.00000,-1.00000,-0.00000,	3,	79,281,81
128,127,127,	-0.00227,-0.99998,0.00518,	3,	80,82,31
128,127,127,	-0.00227,-0.99998,0.00518,	3,	80,153,82
128,127,127,	-0.19250,-0.87781,0.43862,	3,	81,153,80
128,127,127,	-0.19250,-0.87781,0.43862,	3,	81,155,153
128,127,127,	0.00000,-1.00000,-0.00000,	3,	81,157,155
128,127,127,	0.00000,-1.00000,-0.00000,	3,	81,283,157
128,127,127,	-0.04923,-0.99247,0.11218,	3,	82,85,33
128,127,127,	-0.09038,-0.99180,0.09038,	3,	82,87,85
128,127,127,	-0.00400,-0.99998,0.00400,	3,	82,152,83
128,127,127,	-0.00400,-0.99998,0.00400,	3,	82,153,152
128,127,127,	-0.09038,-0.99180,0.09038,	3,	83,87,82
128,127,127,	-0.11233,-0.99245,0.04930,	3,	83,160,87
128,127,127,	0.00000,-1.00000,-0.00000,	3,	84,86,42
128,127,127,	0.52900,-0.66357,-0.52900,	3,	85,86,84
128,127,127,	0.52900,-0.66357,-0.52900,	3,	85,87,86
128,127,127,	0.00000,-1.00000,-0.00000,	3,	86,159,42
128,127,127,	0.69228,-0.65454,-0.30383,	3,	87,159,86
128,127,127,	0.69228,-0.65455,-0.30383,	3,	87,160,159
128,127,127,	-0.41396,0.89198,-0.18168,	3,	88,134,44
128,127,127,	-0.59420,0.59119,0.54536,	3,	88,137,134
128,127,127,	-0.57760,0.77781,-0.24778,	3,	89,141,24
128,127,127,	-0.59622,0.80282,-0.00000,	3,	89,166,141
128,127,127,	-0.29538,0.95538,-0.00000,	3,	89,169,166
128,127,127,	0.00000,1.00000,-0.00000,	3,	90,167,92
128,127,127,	-0.65111,0.75898,-0.00000,	3,	90,182,167
128,127,127,	-0.29538,0.95538,-0.00000,	3,	91,169,89
128,127,127,	-0.00000,1.00000,-0.00000,	3,	92,93,90
128,127,127,	0.65296,0.75739,0.00000,	3,	92,169,91
128,127,127,	0.65296,0.75739,-0.00000,	3,	92,170,169
128,127,127,	-0.00000,1.00000,-0.00000,	3,	93,107,90
128,127,127,	0.40293,0.82176,0.40294,	3,	94,97,96
128,127,127,	0.24961,0.80812,0.53352,	3,	94,98,97
128,127,127,	-0.03447,0.99668,-0.07373,	3,	94,103,95
128,127,127,	-0.05544,0.99692,-0.05544,	3,	94,104,103
128,127,127,	0.24964,0.80777,0.53402,	3,	95,98,94
128,127,127,	-0.03447,0.99668,-0.07373,	3,	95,103,100
128,127,127,	-0.00000,0.82849,0.56000,	3,	95,110,98
128,127,127,	-0.05544,0.99692,-0.05544,	3,	96,104,94
128,127,127,	-0.07690,0.99656,-0.03089,	3,	96,174,104
128,127,127,	0.55665,0.80008,0.22362,	3,	96,178,174
128,127,127,	0.40283,0.82174,0.40308,	3,	97,99,96
128,127,127,	0.00000,1.00000,-0.00000,	3,	97,195,99
128,127,127,	-0.00000,1.00000,-0.00004,	3,	98,115,97
128,127,127,	0.55489,0.80132,0.22355,	3,	99,178,96
128,127,127,	0.00000,1.00000,-0.00000,	3,	99,195,177
128,127,127,	-0.17054,0.90999,-0.37794,	3,	100,105,102
128,127,127,	-0.00000,0.99708,-0.07636,	3,	100,110,95
128,127,127,	-0.00000,0.99708,-0.07636,	3,	100,118,110
128,127,127,	-0.28195,0.91707,-0.28194,	3,	101,105,104
128,127,127,	-0.46069,0.75866,-0.46066,	3,	101,106,105
128,127,127,	-0.46067,0.75866,-0.46067,	3,	101,107,106
128,127,127,	-0.59281,0.75951,-0.26780,	3,	101,109,107
128,127,127,	-0.26411,0.75373,-0.60178,	3,	102,106,50
128,127,127,	-0.00000,0.91707,-0.39873,	3,	102,118,100
128,127,127,	-0.00000,0.91707,-0.39873,	3,	102,121,118
128,127,127,	-0.16826,0.91768,-0.35993,	3,	103,105,100
128,127,127,	-0.28193,0.91707,-0.28194,	3,	104,105,103
128,127,127,	-0.35994,0.91767,-0.16827,	3,	104,108,101
128,127,127,	0.00000,1.00000,0.00000,	3,	104,184,108
128,127,127,	-0.26782,0.75894,-0.59354,	3,	105,106,102
128,127,127,	0.00000,1.00000,0.00000,	3,	106,107,53
128,127,127,	-0.60136,0.75412,-0.26393,	3,	107,109,90
128,127,127,	-0.37734,0.91025,-0.17047,	3,	108,109,101
128,127,127,	-0.39873,0.91707,-0.00000,	3,	108,184,109
128,127,127,	-0.65111,0.75898,-0.00000,	3,	109,182,90
128,127,127,	-0.39873,0.91707,-0.00000,	3,	109,184,182
128,127,127,	0.00014,0.82847,0.56003,	3,	110,113,98
128,127,127,	-0.25136,0.80480,0.53769,	3,	110,114,113
128,127,127,	0.03433,0.99671,-0.07343,	3,	110,119,114
128,127,127,	0.07326,0.99672,-0.03425,	3,	111,125,120
128,127,127,	-0.57122,0.82079,-0.00000,	3,	111,189,112
128,127,127,	-0.54301,0.80044,0.25384,	3,	112,116,111
128,127,127,	-0.54251,0.80079,0.25381,	3,	112,117,116
128,127,127,	0.00004,1.00000,0.00000,	3,	112,193,117
128,127,127,	0.00004,1.00000,-0.00000,	3,	112,194,193
128,127,127,	-0.00000,1.00000,-0.00004,	3,	113,115,98
128,127,127,	-0.25133,0.80512,0.53723,	3,	114,115,113
128,127,127,	-0.40751,0.81723,0.40751,	3,	114,116,115
128,127,127,	0.05507,0.99696,-0.05507,	3,	114,119,116
128,127,127,	0.00000,1.00000,-0.00000,	3,	115,193,97
128,127,127,	-0.40744,0.81722,0.40761,	3,	116,117,115
128,127,127,	0.07326,0.99672,-0.03425,	3,	116,125,111
128,127,127,	0.00000,1.00000,-0.00000,	3,	117,193,115
128,127,127,	0.03433,0.99671,-0.07343,	3,	118,119,110
128,127,127,	0.16826,0.91768,-0.35994,	3,	118,126,119
128,127,127,	0.05507,0.99696,-0.05508,	3,	119,125,116
128,127,127,	0.28194,0.91707,-0.28195,	3,	119,126,125
128,127,127,	0.37735,0.91025,-0.17046,	3,	120,127,124
128,127,127,	0.07602,0.99711,0.00000,	3,	120,189,111
128,127,127,	0.07602,0.99711,-0.00000,	3,	120,199,189
128,127,127,	0.17039,0.91051,-0.37676,	3,	121,126,118
128,127,127,	0.26874,0.75808,-0.59422,	3,	122,126,121
128,127,127,	0.46196,0.75709,-0.46196,	3,	123,126,122
128,127,127,	0.46196,0.75709,-0.46196,	3,	123,127,126
128,127,127,	0.60354,0.75205,-0.26489,	3,	123,129,124
128,127,127,	-0.00000,1.00000,-0.00000,	3,	123,130,129
128,127,127,	0.59494,0.75750,-0.26876,	3,	124,127,123
128,127,127,	0.39873,0.91707,0.00000,	3,	124,199,120
128,127,127,	0.39873,0.91707,-0.00000,	3,	124,204,199
128,127,127,	0.35994,0.91767,-0.16826,	3,	125,127,120
128,127,127,	0.28194,0.91707,-0.28194,	3,	126,127,125
128,127,127,	0.27093,0.95523,-0.11891,	3,	128,131,62
128,127,127,	0.29590,0.95522,0.00000,	3,	128,211,131
128,127,127,	0.59622,0.80282,-0.00000,	3,	128,244,208
128,127,127,	0.65368,0.75677,0.00000,	3,	129,204,124
128,127,127,	0.65368,0.75677,-0.00000,	3,	129,209,204
128,127,127,	0.00000,1.00000,-0.00000,	3,	129,212,209
128,127,127,	-0.00000,1.00000,-0.00000,	3,	130,132,129
128,127,127,	-0.59734,0.75793,0.26217,	3,	131,132,64
128,127,127,	-0.65231,0.75795,-0.00000,	3,	131,211,132
128,127,127,	0.00000,1.00000,-0.00000,	3,	132,212,129
128,127,127,	0.00000,-1.00000,-0.00000,	3,	133,135,67
128,127,127,	0.34309,-0.44302,-0.82827,	3,	133,136,135
128,127,127,	-0.75996,0.56639,-0.31884,	3,	133,137,136
128,127,127,	-0.76077,0.57017,-0.31005,	3,	134,137,133
128,127,127,	0.64991,-0.70709,0.27864,	3,	138,142,19
128,127,127,	0.70712,-0.70709,-0.00000,	3,	138,222,142
128,127,127,	0.00221,-1.00000,-0.00000,	3,	139,218,138
128,127,127,	0.00221,-1.00000,-0.00000,	3,	139,219,218
128,127,127,	-0.55830,-0.82964,-0.00000,	3,	140,219,139
128,127,127,	-0.55830,-0.82964,0.00000,	3,	140,220,219
128,127,127,	-1.00000,-0.00000,-0.00000,	3,	141,220,140
128,127,127,	-1.00000,-0.00000,0.00000,	3,	141,221,220
128,127,127,	-0.00000,-1.00000,-0.00000,	3,	142,144,27
128,127,127,	0.00000,-1.00000,-0.00000,	3,	142,224,144
128,127,127,	0.00518,-0.99998,0.00227,	3,	143,146,72
128,127,127,	0.00565,-0.99998,-0.00000,	3,	143,226,146
128,127,127,	-0.69228,-0.65455,-0.30383,	3,	144,145,75
128,127,127,	-0.74395,-0.66824,-0.00000,	3,	144,225,145
128,127,127,	0.13018,-0.99149,-0.00000,	3,	145,223,143
128,127,127,	0.13018,-0.99149,-0.00000,	3,	145,225,223
128,127,127,	0.00518,-0.99998,0.00227,	3,	146,149,72
128,127,127,	0.45205,-0.89199,-0.00000,	3,	146,227,147
128,127,127,	0.43871,-0.87776,0.19254,	3,	147,149,146
128,127,127,	0.43872,-0.87776,0.19254,	3,	147,151,149
128,127,127,	0.00000,-1.00000,-0.00000,	3,	147,227,79
128,127,127,	0.19253,-0.87778,0.43867,	3,	148,150,79
128,127,127,	0.32604,-0.88735,0.32604,	3,	149,150,148
128,127,127,	0.32603,-0.88735,0.32605,	3,	149,151,150
128,127,127,	0.00000,-1.00000,0.00000,	3,	150,151,79
128,127,127,	-0.00518,-0.99998,0.00227,	3,	152,156,83
128,127,127,	-0.43859,-0.87783,0.19249,	3,	152,157,156
128,127,127,	-0.32597,-0.88740,0.32597,	3,	153,154,152
128,127,127,	-0.32596,-0.88741,0.32598,	3,	153,155,154
128,127,127,	-0.43859,-0.87783,0.19249,	3,	154,157,152
128,127,127,	0.00000,-1.00000,-0.00000,	3,	155,157,154
128,127,127,	-0.00518,-0.99998,0.00227,	3,	156,158,83
128,127,127,	-0.00565,-0.99998,0.00000,	3,	156,236,158
128,127,127,	-0.45191,-0.89206,-0.00000,	3,	156,237,236
128,127,127,	-0.45191,-0.89206,0.00000,	3,	157,237,156
128,127,127,	0.00000,-1.00000,0.00000,	3,	157,283,237
128,127,127,	-0.11233,-0.99245,0.04930,	3,	158,160,83
128,127,127,	-0.13089,-0.99140,0.00000,	3,	158,238,160
128,127,127,	0.00000,-1.00000,-0.00000,	3,	159,165,42
128,127,127,	0.00000,-1.00000,-0.00000,	3,	159,245,165
128,127,127,	0.74395,-0.66824,-0.00000,	3,	160,239,159
128,127,127,	0.74395,-0.66824,-0.00000,	3,	160,240,239
128,127,127,	-0.00203,-1.00000,0.00087,	3,	161,162,35
128,127,127,	-0.00221,-1.00000,-0.00000,	3,	161,242,162
128,127,127,	0.53485,-0.81328,-0.22916,	3,	162,163,36
128,127,127,	0.55830,-0.82964,-0.00000,	3,	162,243,163
128,127,127,	0.91909,-0.00000,-0.39404,	3,	163,164,37
128,127,127,	1.00000,-0.00000,-0.00000,	3,	163,244,164
128,127,127,	0.59622,0.80282,-0.00000,	3,	164,244,128
128,127,127,	-0.70712,-0.70709,-0.00000,	3,	165,241,161
128,127,127,	-0.70712,-0.70709,0.00000,	3,	165,245,241
128,127,127,	-0.59622,0.80282,-0.00000,	3,	166,221,141
128,127,127,	-0.57760,0.77781,0.24778,	3,	166,301,221
128,127,127,	0.00000,1.00000,0.00000,	3,	167,170,92
128,127,127,	-0.00000,1.00000,-0.00000,	3,	167,180,168
128,127,127,	-0.60136,0.75412,0.26393,	3,	167,182,180
128,127,127,	-0.00000,1.00000,0.00000,	3,	168,170,167
128,127,127,	0.59789,0.75741,-0.26240,	3,	168,250,170
128,127,127,	0.46165,0.75747,-0.46165,	3,	168,256,250
128,127,127,	-0.27049,0.95537,0.11872,	3,	169,248,166
128,127,127,	-0.27050,0.95537,0.11872,	3,	169,250,248
128,127,127,	0.59789,0.75741,-0.26240,	3,	170,250,169
128,127,127,	-0.03447,0.99668,0.07373,	3,	171,187,172
128,127,127,	-0.00000,0.99708,0.07636,	3,	171,192,181
128,127,127,	0.25522,0.79800,-0.54595,	3,	172,176,171
128,127,127,	0.40989,0.81492,-0.40976,	3,	172,177,175
128,127,127,	-0.05544,0.99692,0.05544,	3,	172,186,173
128,127,127,	-0.05544,0.99692,0.05544,	3,	172,187,186
128,127,127,	0.40981,0.81493,-0.40982,	3,	173,177,172
128,127,127,	0.53980,0.80284,-0.25312,	3,	173,178,177
128,127,127,	-0.07390,0.99667,0.03455,	3,	173,186,174
128,127,127,	0.54163,0.80158,-0.25320,	3,	174,178,173
128,127,127,	-0.07690,0.99656,-0.03089,	3,	174,184,104
128,127,127,	-0.07390,0.99667,0.03455,	3,	174,186,184
128,127,127,	0.25519,0.79836,-0.54543,	3,	175,176,172
128,127,127,	-0.00000,1.00000,0.00004,	3,	175,195,176
128,127,127,	-0.00000,0.81922,-0.57348,	3,	176,192,171
128,127,127,	0.00013,0.81920,-0.57351,	3,	176,196,192
128,127,127,	-0.00005,1.00000,-0.00000,	3,	177,178,99
128,127,127,	0.00000,1.00000,-0.00000,	3,	177,195,175
128,127,127,	-0.26782,0.75894,0.59354,	3,	179,188,185
128,127,127,	0.00000,1.00000,-0.00000,	3,	179,256,180
128,127,127,	-0.46067,0.75866,0.46067,	3,	180,183,179
128,127,127,	0.00000,1.00000,-0.00000,	3,	180,256,168
128,127,127,	-0.03447,0.99668,0.07373,	3,	181,187,171
128,127,127,	-0.16826,0.91768,0.35993,	3,	181,188,187
128,127,127,	-0.00000,0.91707,0.39873,	3,	181,205,185
128,127,127,	-0.59281,0.75951,0.26780,	3,	182,183,180
128,127,127,	-0.37734,0.91025,0.17047,	3,	182,184,183
128,127,127,	-0.46069,0.75866,0.46066,	3,	183,188,179
128,127,127,	-0.35994,0.91767,0.16827,	3,	184,186,183
128,127,127,	-0.17054,0.90999,0.37794,	3,	185,188,181
128,127,127,	-0.26411,0.75373,0.60178,	3,	185,253,179
128,127,127,	0.00000,0.75788,0.65239,	3,	185,261,253
128,127,127,	-0.28195,0.91707,0.28194,	3,	186,188,183
128,127,127,	-0.28193,0.91707,0.28194,	3,	187,188,186
128,127,127,	-0.57122,0.82079,-0.00000,	3,	189,194,112
128,127,127,	0.07326,0.99672,0.03425,	3,	189,197,190
128,127,127,	0.07326,0.99672,0.03425,	3,	189,199,197
128,127,127,	-0.54867,0.79572,-0.25649,	3,	190,194,189
128,127,127,	0.05507,0.99696,0.05507,	3,	190,198,191
128,127,127,	-0.41453,0.81014,-0.41453,	3,	191,193,190
128,127,127,	-0.41444,0.81016,-0.41459,	3,	191,195,193
128,127,127,	-0.25696,0.79516,-0.54927,	3,	191,196,195
128,127,127,	0.03433,0.99671,0.07343,	3,	191,198,192
128,127,127,	-0.25699,0.79482,-0.54974,	3,	192,196,191
128,127,127,	0.00000,0.99708,0.07636,	3,	192,205,181
128,127,127,	-0.54817,0.79608,-0.25646,	3,	193,194,190
128,127,127,	0.00000,1.00000,-0.00000,	3,	193,195,97
128,127,127,	-0.00000,1.00000,0.00004,	3,	195,196,176
128,127,127,	0.05507,0.99696,0.05508,	3,	197,198,190
128,127,127,	0.28194,0.91707,0.28195,	3,	197,202,198
128,127,127,	0.03433,0.99671,0.07343,	3,	198,205,192
128,127,127,	0.35994,0.91767,0.16826,	3,	199,200,197
128,127,127,	0.37735,0.91025,0.17046,	3,	199,204,200
128,127,127,	0.28194,0.91707,0.28194,	3,	200,202,197
128,127,127,	0.59494,0.75750,0.26876,	3,	200,204,201
128,127,127,	0.46196,0.75709,0.46196,	3,	201,202,200
128,127,127,	0.46196,0.75709,0.46196,	3,	201,203,202
128,127,127,	0.00000,1.00000,-0.00000,	3,	201,258,203
128,127,127,	0.16826,0.91768,0.35994,	3,	202,205,198
128,127,127,	0.17039,0.91051,0.37676,	3,	202,206,205
128,127,127,	0.26874,0.75808,0.59422,	3,	203,206,202
128,127,127,	0.26470,0.75244,0.60313,	3,	203,261,206
128,127,127,	0.60354,0.75205,0.26489,	3,	204,209,201
128,127,127,	0.00000,0.91707,0.39873,	3,	205,206,185
128,127,127,	-0.00000,0.75788,0.65239,	3,	206,261,185
128,127,127,	0.59420,0.59119,-0.54536,	3,	207,217,215
128,127,127,	0.29590,0.95522,-0.00000,	3,	208,211,128
128,127,127,	0.27093,0.95523,0.11891,	3,	208,263,211
128,127,127,	0.57296,0.78005,0.25147,	3,	208,321,263
128,127,127,	0.00000,1.00000,-0.00000,	3,	209,210,201
128,127,127,	-0.00000,1.00000,-0.00000,	3,	209,212,210
128,127,127,	0.00000,1.00000,0.00000,	3,	210,258,201
128,127,127,	-0.46132,0.75787,-0.46132,	3,	210,266,258
128,127,127,	-0.65231,0.75795,-0.00000,	3,	211,212,132
128,127,127,	-0.59734,0.75793,-0.26217,	3,	211,265,212
128,127,127,	-0.59734,0.75792,-0.26217,	3,	212,265,210
128,127,127,	0.00000,-1.00000,0.00000,	3,	213,269,214
128,127,127,	-0.34309,-0.44302,0.82827,	3,	214,216,213
128,127,127,	0.75996,0.56639,0.31884,	3,	214,217,216
128,127,127,	0.75533,0.57304,0.31798,	3,	214,270,215
128,127,127,	0.74324,0.59398,0.30786,	3,	214,271,270
128,127,127,	0.76077,0.57017,0.31005,	3,	215,217,214
128,127,127,	0.41396,0.89198,0.18168,	3,	215,262,207
128,127,127,	0.41264,0.89409,0.17414,	3,	215,270,262
128,127,127,	0.70712,-0.70709,-0.00000,	3,	218,222,138
128,127,127,	0.64991,-0.70709,-0.27864,	3,	218,298,222
128,127,127,	0.00203,-1.00000,-0.00087,	3,	218,299,298
128,127,127,	0.00203,-1.00000,-0.00087,	3,	219,299,218
128,127,127,	-0.53333,-0.81442,0.22865,	3,	219,300,299
128,127,127,	-0.53485,-0.81328,0.22916,	3,	220,300,219
128,127,127,	-0.91909,-0.00000,0.39404,	3,	220,301,300
128,127,127,	-0.91909,-0.00000,0.39404,	3,	221,301,220
128,127,127,	0.00000,-1.00000,-0.00000,	3,	222,224,142
128,127,127,	0.00000,-1.00000,-0.00000,	3,	222,306,224
128,127,127,	0.00565,-0.99998,-0.00000,	3,	223,226,143
128,127,127,	0.00518,-0.99998,-0.00227,	3,	223,275,226
128,127,127,	-0.74395,-0.66824,-0.00000,	3,	224,225,144
128,127,127,	-0.69228,-0.65455,0.30383,	3,	224,279,225
128,127,127,	0.00000,-1.00000,0.00000,	3,	224,306,278
128,127,127,	0.11181,-0.99252,-0.04907,	3,	225,275,223
128,127,127,	0.11180,-0.99252,-0.04907,	3,	225,279,275
128,127,127,	0.45205,-0.89199,-0.00000,	3,	226,227,146
128,127,127,	0.43871,-0.87776,-0.19254,	3,	226,228,227
128,127,127,	0.00518,-0.99998,-0.00227,	3,	226,275,228
128,127,127,	0.00000,-1.00000,-0.00000,	3,	227,281,79
128,127,127,	0.43872,-0.87776,-0.19254,	3,	228,230,227
128,127,127,	0.32603,-0.88735,-0.32605,	3,	228,231,230
128,127,127,	0.00400,-0.99998,-0.00400,	3,	228,274,229
128,127,127,	0.00400,-0.99998,-0.00400,	3,	228,275,274
128,127,127,	0.32604,-0.88735,-0.32604,	3,	229,231,228
128,127,127,	0.19253,-0.87778,-0.43867,	3,	229,281,231
128,127,127,	0.00000,-1.00000,-0.00000,	3,	230,281,227
128,127,127,	0.00000,-1.00000,-0.00000,	3,	231,281,230
128,127,127,	-0.19250,-0.87781,-0.43862,	3,	232,283,282
128,127,127,	-0.00400,-0.99998,-0.00400,	3,	232,285,233
128,127,127,	-0.32597,-0.88740,-0.32597,	3,	233,234,232
128,127,127,	-0.43859,-0.87783,-0.19249,	3,	233,237,234
128,127,127,	-0.00518,-0.99998,-0.00227,	3,	233,284,236
128,127,127,	-0.00400,-0.99998,-0.00400,	3,	233,285,284
128,127,127,	-0.32596,-0.88741,-0.32598,	3,	234,235,232
128,127,127,	-0.00000,-1.00000,-0.00000,	3,	234,237,235
128,127,127,	-0.19250,-0.87781,-0.43862,	3,	235,283,232
128,127,127,	-0.43859,-0.87783,-0.19249,	3,	236,237,233
128,127,127,	-0.00565,-0.99998,-0.00000,	3,	236,238,158
128,127,127,	-0.00518,-0.99998,-0.00227,	3,	236,284,238
128,127,127,	0.00000,-1.00000,0.00000,	3,	237,283,235
128,127,127,	-0.13089,-0.99140,-0.00000,	3,	238,240,160
128,127,127,	-0.11233,-0.99245,-0.04930,	3,	238,284,240
128,127,127,	-0.00000,-1.00000,-0.00000,	3,	239,245,159
128,127,127,	0.69228,-0.65454,0.30383,	3,	239,287,286
128,127,127,	0.00000,-1.00000,-0.00000,	3,	239,323,245
128,127,127,	0.69228,-0.65455,0.30383,	3,	240,287,239
128,127,127,	-0.00221,-1.00000,-0.00000,	3,	241,242,161
128,127,127,	-0.00203,-1.00000,-0.00087,	3,	241,319,242
128,127,127,	0.55830,-0.82964,-0.00000,	3,	242,243,162
128,127,127,	0.53485,-0.81328,0.22916,	3,	242,320,243
128,127,127,	1.00000,-0.00000,0.00000,	3,	243,244,163
128,127,127,	0.91909,-0.00000,0.39404,	3,	243,321,244
128,127,127,	0.57760,0.77781,0.24778,	3,	244,321,208
128,127,127,	-0.64991,-0.70709,-0.27864,	3,	245,318,241
128,127,127,	-0.64990,-0.70710,-0.27863,	3,	245,323,318
128,127,127,	-0.17414,0.89409,0.41264,	3,	246,293,290
128,127,127,	-0.20892,0.95536,0.20892,	3,	247,250,249
128,127,127,	-0.11877,0.95533,0.27062,	3,	247,254,252
128,127,127,	-0.42328,0.80104,0.42328,	3,	247,301,248
128,127,127,	-0.42328,0.80104,0.42328,	3,	247,305,301
128,127,127,	-0.20892,0.95536,0.20892,	3,	248,250,247
128,127,127,	-0.57296,0.78005,0.25147,	3,	248,301,166
128,127,127,	-0.11877,0.95533,0.27062,	3,	249,254,247
128,127,127,	0.26234,0.75756,-0.59773,	3,	249,255,254
128,127,127,	0.26234,0.75755,-0.59774,	3,	249,256,255
128,127,127,	0.46165,0.75747,-0.46165,	3,	250,256,249
128,127,127,	-0.18168,0.89198,0.41396,	3,	251,293,246
128,127,127,	0.54536,0.59119,0.59420,	3,	251,297,293
128,127,127,	-0.25147,0.78005,0.57296,	3,	252,305,247
128,127,127,	-0.24778,0.77781,0.57760,	3,	252,327,305
128,127,127,	-0.00000,1.00000,0.00000,	3,	253,256,179
128,127,127,	-0.00000,1.00000,-0.00000,	3,	253,260,255
128,127,127,	-0.00000,1.00000,-0.00000,	3,	253,261,260
128,127,127,	0.00000,0.95530,0.29564,	3,	254,257,252
128,127,127,	-0.00000,0.95530,0.29564,	3,	254,259,257
128,127,127,	-0.00000,0.75767,-0.65264,	3,	254,260,259
128,127,127,	-0.00000,1.00000,0.00000,	3,	255,256,253
128,127,127,	-0.00000,0.75767,-0.65264,	3,	255,260,254
128,127,127,	-0.00000,0.80282,0.59622,	3,	257,327,252
128,127,127,	0.00000,0.80282,0.59622,	3,	257,332,327
128,127,127,	0.00000,1.00000,0.00000,	3,	258,261,203
128,127,127,	-0.26223,0.75778,-0.59750,	3,	258,266,260
128,127,127,	0.11886,0.95527,0.27081,	3,	259,264,257
128,127,127,	0.11886,0.95527,0.27081,	3,	259,266,264
128,127,127,	-0.00000,1.00000,0.00000,	3,	260,261,258
128,127,127,	-0.26223,0.75778,-0.59749,	3,	260,266,259
128,127,127,	0.27093,0.95523,0.11891,	3,	263,265,211
128,127,127,	0.20918,0.95524,0.20918,	3,	263,266,265
128,127,127,	0.42328,0.80104,0.42328,	3,	263,317,264
128,127,127,	0.42328,0.80104,0.42328,	3,	263,321,317
128,127,127,	0.20918,0.95524,0.20918,	3,	264,266,263
128,127,127,	0.25147,0.78005,0.57296,	3,	264,317,257
128,127,127,	-0.46132,0.75787,-0.46132,	3,	265,266,210
128,127,127,	0.00000,-1.00000,-0.00000,	3,	267,292,268
128,127,127,	0.83342,-0.43155,0.34521,	3,	267,294,291
128,127,127,	0.00000,-1.00000,-0.00000,	3,	269,271,214
128,127,127,	0.34521,-0.43155,-0.83342,	3,	269,272,271
128,127,127,	0.00934,0.59405,0.80437,	3,	270,273,262
128,127,127,	0.73619,0.58366,0.34258,	3,	271,273,270
128,127,127,	0.76031,0.56809,0.31496,	3,	272,273,271
128,127,127,	0.00227,-0.99998,-0.00518,	3,	274,280,229
128,127,127,	0.00227,-0.99998,-0.00518,	3,	274,308,280
128,127,127,	0.04914,-0.99250,-0.11196,	3,	274,310,308
128,127,127,	0.09004,-0.99186,-0.09005,	3,	275,277,274
128,127,127,	0.09005,-0.99186,-0.09005,	3,	275,279,277
128,127,127,	-0.30383,-0.65454,0.69228,	3,	276,309,277
128,127,127,	-0.52900,-0.66357,0.52900,	3,	277,278,276
128,127,127,	-0.52900,-0.66357,0.52900,	3,	277,279,278
128,127,127,	0.04913,-0.99250,-0.11195,	3,	277,310,274
128,127,127,	-0.69228,-0.65454,0.30383,	3,	278,279,224
128,127,127,	0.00000,-1.00000,0.00000,	3,	278,306,276
128,127,127,	0.19253,-0.87778,-0.43867,	3,	280,281,229
128,127,127,	-0.00000,-0.89203,-0.45198,	3,	280,283,281
128,127,127,	-0.00000,-0.99998,-0.00565,	3,	280,311,282
128,127,127,	0.00000,-1.00000,-0.00000,	3,	281,283,81
128,127,127,	-0.00000,-0.89203,-0.45198,	3,	282,283,280
128,127,127,	-0.00227,-0.99998,-0.00518,	3,	282,285,232
128,127,127,	-0.00227,-0.99998,-0.00518,	3,	282,311,285
128,127,127,	-0.11233,-0.99245,-0.04930,	3,	284,287,240
128,127,127,	-0.09038,-0.99180,-0.09038,	3,	285,287,284
128,127,127,	-0.09038,-0.99180,-0.09038,	3,	285,289,287
128,127,127,	-0.04923,-0.99247,-0.11218,	3,	285,313,289
128,127,127,	0.00000,-1.00000,-0.00000,	3,	286,323,239
128,127,127,	0.52900,-0.66357,0.52900,	3,	287,288,286
128,127,127,	0.52900,-0.66357,0.52900,	3,	287,289,288
128,127,127,	0.00000,-1.00000,-0.00000,	3,	288,323,286
128,127,127,	0.30383,-0.65454,0.69228,	3,	289,312,288
128,127,127,	0.30383,-0.65455,0.69228,	3,	289,313,312
128,127,127,	-0.30786,0.59398,0.74324,	3,	290,292,291
128,127,127,	-0.31798,0.57304,0.75533,	3,	290,293,292
128,127,127,	-0.80437,0.59405,0.00934,	3,	290,295,246
128,127,127,	0.00000,-1.00000,-0.00000,	3,	291,292,267
128,127,127,	-0.34258,0.58366,0.73619,	3,	291,295,290
128,127,127,	-0.82827,-0.44302,-0.34309,	3,	292,296,268
128,127,127,	-0.31884,0.56639,0.75996,	3,	292,297,296
128,127,127,	-0.31005,0.57017,0.76077,	3,	293,297,292
128,127,127,	-0.31496,0.56809,0.76031,	3,	294,295,291
128,127,127,	0.64990,-0.70710,-0.27863,	3,	298,306,222
128,127,127,	0.50000,-0.70710,-0.50000,	3,	298,307,306
128,127,127,	0.00156,-1.00000,-0.00156,	3,	299,302,298
128,127,127,	0.00156,-1.00000,-0.00156,	3,	299,303,302
128,127,127,	-0.39606,-0.82842,0.39606,	3,	300,303,299
128,127,127,	-0.39606,-0.82842,0.39606,	3,	300,304,303
128,127,127,	-0.70711,-0.00000,0.70711,	3,	301,304,300
128,127,127,	-0.70711,-0.00000,0.70711,	3,	301,305,304
128,127,127,	0.50000,-0.70710,-0.50000,	3,	302,307,298
128,127,127,	0.27863,-0.70710,-0.64990,	3,	302,328,307
128,127,127,	0.00087,-1.00000,-0.00203,	3,	303,324,302
128,127,127,	0.00087,-1.00000,-0.00203,	3,	303,325,324
128,127,127,	-0.22865,-0.81442,0.53333,	3,	304,325,303
128,127,127,	-0.22916,-0.81328,0.53485,	3,	304,326,325
128,127,127,	-0.39404,-0.00000,0.91909,	3,	305,326,304
128,127,127,	-0.39404,-0.00000,0.91909,	3,	305,327,326
128,127,127,	0.00000,-1.00000,-0.00000,	3,	306,307,276
128,127,127,	-0.00000,-1.00000,-0.00000,	3,	307,309,276
128,127,127,	0.00000,-1.00000,-0.00000,	3,	307,328,309
128,127,127,	0.00000,-0.99998,-0.00565,	3,	308,311,280
128,127,127,	-0.00000,-0.99144,-0.13053,	3,	308,313,311
128,127,127,	-0.30383,-0.65455,0.69228,	3,	309,310,277
128,127,127,	-0.00000,-0.66824,0.74395,	3,	309,313,310
128,127,127,	0.00000,-1.00000,-0.00000,	3,	309,328,312
128,127,127,	0.00000,-0.99144,-0.13053,	3,	310,313,308
128,127,127,	-0.04924,-0.99247,-0.11219,	3,	311,313,285
128,127,127,	-0.00000,-0.66824,0.74395,	3,	312,313,309
128,127,127,	0.00000,-1.00000,-0.00000,	3,	312,322,288
128,127,127,	0.00000,-1.00000,0.00000,	3,	312,333,322
128,127,127,	-0.50000,-0.70710,-0.50000,	3,	314,323,322
128,127,127,	-0.00087,-1.00000,-0.00203,	3,	314,329,315
128,127,127,	-0.27864,-0.70709,-0.64991,	3,	314,333,329
128,127,127,	-0.00156,-1.00000,-0.00156,	3,	315,318,314
128,127,127,	-0.00156,-1.00000,-0.00156,	3,	315,319,318
128,127,127,	0.22865,-0.81442,0.53333,	3,	315,330,316
128,127,127,	0.39606,-0.82842,0.39606,	3,	316,319,315
128,127,127,	0.39606,-0.82842,0.39606,	3,	316,320,319
128,127,127,	0.39404,-0.00000,0.91909,	3,	316,331,317
128,127,127,	0.70711,-0.00000,0.70711,	3,	317,320,316
128,127,127,	0.70711,0.00000,0.70711,	3,	317,321,320
128,127,127,	0.24778,0.77781,0.57760,	3,	317,332,257
128,127,127,	-0.00203,-1.00000,-0.00087,	3,	318,319,241
128,127,127,	-0.50000,-0.70710,-0.50000,	3,	318,323,314
128,127,127,	0.53333,-0.81442,0.22865,	3,	319,320,242
128,127,127,	0.91909,-0.00000,0.39404,	3,	320,321,243
128,127,127,	-0.00000,-1.00000,-0.00000,	3,	322,323,288
128,127,127,	-0.27863,-0.70710,-0.64990,	3,	322,333,314
128,127,127,	0.27864,-0.70709,-0.64991,	3,	324,328,302
128,127,127,	-0.00000,-0.70709,-0.70712,	3,	324,333,328
128,127,127,	-0.00000,-1.00000,-0.00221,	3,	325,329,324
128,127,127,	0.00000,-1.00000,-0.00221,	3,	325,330,329
128,127,127,	-0.00000,-0.82964,0.55830,	3,	326,330,325
128,127,127,	-0.00000,-0.82964,0.55830,	3,	326,331,330
128,127,127,	0.00000,0.00000,1.00000,	3,	327,331,326
128,127,127,	-0.00000,-0.00000,1.00000,	3,	327,332,331
128,127,127,	0.00000,-1.00000,-0.00000,	3,	328,333,312
128,127,127,	-0.00087,-1.00000,-0.00203,	3,	329,330,315
128,127,127,	-0.00000,-0.70709,-0.70712,	3,	329,333,324
128,127,127,	0.22916,-0.81328,0.53485,	3,	330,331,316
128,127,127,	0.39404,-0.00000,0.91909,	3,	331,332,317

TEXTURES
oolite_thargoid_diffuse.png	1.0 1.0	0.42708 0.44479	0.47780 0.41584	0.42125 0.41584
oolite_thargoid_diffuse.png	1.0 1.0	0.40657 0.44479	0.07541 0.44479	0.40262 0.46831
oolite_thargoid_diffuse.png	1.0 1.0	0.40657 0.44479	0.06924 0.41584	0.07541 0.44479
oolite_thargoid_diffuse.png	1.0 1.0	0.42125 0.41584	0.47968 0.39015	0.41979 0.39015
oolite_thargoid_diffuse.png	1.0 1.0	0.41246 0.41584	0.06924 0.41584	0.40657 0.44479
oolite_thargoid_diffuse.png	1.0 1.0	0.41246 0.41584	0.06198 0.39015	0.06924 0.41584
oolite_thargoid_diffuse.png	1.0 1.0	0.41979 0.39015	0.47968 0.38192	0.41979 0.38192
oolite_thargoid_diffuse.png	1.0 1.0	0.41979 0.39015	0.06198 0.39015	0.41246 0.41584
oolite_thargoid_diffuse.png	1.0 1.0	0.41979 0.39015	0.06198 0.38192	0.06198 0.39015
oolite_thargoid_diffuse.png	1.0 1.0	0.41979 0.38192	0.06198 0.38192	0.41979 0.39015
oolite_thargoid_diffuse.png	1.0 1.0	0.41979 0.38192	0.29849 0.02979	0.06198 0.38192
oolite_thargoid_diffuse.png	1.0 1.0	0.43017 0.46831	0.47270 0.44479	0.42708 0.44479
oolite_thargoid_diffuse.png	1.0 1.0	0.43017 0.46831	0.46980 0.46831	0.47270 0.44479
oolite_thargoid_diffuse.png	1.0 1.0	0.27937 0.47161	0.29146 0.54716	0.25844 0.47161
oolite_thargoid_diffuse.png	1.0 1.0	0.47270 0.44479	0.47780 0.41584	0.42708 0.44479
oolite_thargoid_diffuse.png	1.0 1.0	0.49304 0.44479	0.83009 0.41584	0.48687 0.41584
oolite_thargoid_diffuse.png	1.0 1.0	0.47780 0.41584	0.47968 0.39015	0.42125 0.41584
oolite_thargoid_diffuse.png	1.0 1.0	0.48687 0.41584	0.83742 0.39015	0.47968 0.39015
oolite_thargoid_diffuse.png	1.0 1.0	0.47968 0.39015	0.47968 0.38192	0.41979 0.39015
oolite_thargoid_diffuse.png	1.0 1.0	0.47968 0.39015	0.83742 0.38192	0.47968 0.38192
oolite_thargoid_diffuse.png	1.0 1.0	0.47968 0.38192	0.41979 0.02979	0.41979 0.38192
oolite_thargoid_diffuse.png	1.0 1.0	0.47968 0.38192	0.47968 0.02979	0.41979 0.02979
oolite_thargoid_diffuse.png	1.0 1.0	0.49610 0.46831	0.82420 0.44479	0.49304 0.44479
oolite_thargoid_diffuse.png	1.0 1.0	0.49610 0.46831	0.82025 0.46831	0.82420 0.44479
oolite_thargoid_diffuse.png	1.0 1.0	0.56625 0.80261	0.63815 0.78897	0.56141 0.78897
oolite_thargoid_diffuse.png	1.0 1.0	0.56625 0.80261	0.63412 0.80266	0.63815 0.78897
oolite_thargoid_diffuse.png	1.0 1.0	0.56625 0.80261	0.52903 0.87217	0.53861 0.87217
oolite_thargoid_diffuse.png	1.0 1.0	0.56625 0.80261	0.63412 0.87390	0.63412 0.80266
oolite_thargoid_diffuse.png	1.0 1.0	0.56141 0.78897	0.52903 0.87217	0.56625 0.80261
oolite_thargoid_diffuse.png	1.0 1.0	0.56141 0.78897	0.56106 0.67828	0.50861 0.86033
oolite_thargoid_diffuse.png	1.0 1.0	0.56141 0.78897	0.64549 0.67866	0.56106 0.67828
oolite_thargoid_diffuse.png	1.0 1.0	0.63815 0.78897	0.64549 0.67866	0.56141 0.78897
oolite_thargoid_diffuse.png	1.0 1.0	0.63412 0.80266	0.67457 0.87217	0.63815 0.78897
oolite_thargoid_diffuse.png	1.0 1.0	0.68167 0.92434	0.63412 0.87390	0.65971 0.99840
oolite_thargoid_diffuse.png	1.0 1.0	0.53705 0.99840	0.56625 0.87390	0.51773 0.92434
oolite_thargoid_diffuse.png	1.0 1.0	0.66277 0.87217	0.67457 0.87217	0.63412 0.80266
oolite_thargoid_diffuse.png	1.0 1.0	0.68700 0.86396	0.64549 0.67866	0.63815 0.78897
oolite_thargoid_diffuse.png	1.0 1.0	0.05547 0.44479	0.06058 0.41584	0.00985 0.44479
oolite_thargoid_diffuse.png	1.0 1.0	0.07541 0.44479	0.07847 0.46831	0.40262 0.46831
oolite_thargoid_diffuse.png	1.0 1.0	0.05547 0.44479	0.01294 0.46831	0.05257 0.46831
oolite_thargoid_diffuse.png	1.0 1.0	0.00985 0.44479	0.06058 0.41584	0.00403 0.41584
oolite_thargoid_diffuse.png	1.0 1.0	0.00985 0.44479	0.01294 0.46831	0.05547 0.44479
oolite_thargoid_diffuse.png	1.0 1.0	0.82420 0.44479	0.49610 0.46831	0.82025 0.46831
oolite_thargoid_diffuse.png	1.0 1.0	0.83009 0.41584	0.49304 0.44479	0.82420 0.44479
oolite_thargoid_diffuse.png	1.0 1.0	0.83009 0.41584	0.48687 0.41584	0.49304 0.44479
oolite_thargoid_diffuse.png	1.0 1.0	0.06058 0.41584	0.06198 0.39015	0.00403 0.41584
oolite_thargoid_diffuse.png	1.0 1.0	0.06198 0.39015	0.00256 0.39015	0.00403 0.41584
oolite_thargoid_diffuse.png	1.0 1.0	0.06198 0.39015	0.06198 0.38192	0.00256 0.39015
oolite_thargoid_diffuse.png	1.0 1.0	0.00256 0.39015	0.06198 0.38192	0.00256 0.38192
oolite_thargoid_diffuse.png	1.0 1.0	0.83742 0.39015	0.48687 0.41584	0.83009 0.41584
oolite_thargoid_diffuse.png	1.0 1.0	0.83742 0.39015	0.47968 0.39015	0.48687 0.41584
oolite_thargoid_diffuse.png	1.0 1.0	0.83742 0.38192	0.47968 0.39015	0.83742 0.39015
oolite_thargoid_diffuse.png	1.0 1.0	0.83742 0.38192	0.47968 0.38192	0.47968 0.39015
oolite_thargoid_diffuse.png	1.0 1.0	0.06198 0.38192	0.00256 0.02979	0.00256 0.38192
oolite_thargoid_diffuse.png	1.0 1.0	0.06198 0.38192	0.06198 0.02979	0.00256 0.02979
oolite_thargoid_diffuse.png	1.0 1.0	0.06198 0.38192	0.29849 0.02979	0.16672 0.02979
oolite_thargoid_diffuse.png	1.0 1.0	0.44583 0.54298	0.29146 0.54716	0.27937 0.47161
oolite_thargoid_diffuse.png	1.0 1.0	0.44583 0.54298	0.38419 0.58785	0.29146 0.54716
oolite_thargoid_diffuse.png	1.0 1.0	0.46118 0.55832	0.38419 0.58785	0.44583 0.54298
oolite_thargoid_diffuse.png	1.0 1.0	0.46118 0.55832	0.45700 0.71270	0.41630 0.61997
oolite_thargoid_diffuse.png	1.0 1.0	0.28811 0.56158	0.24729 0.55481	0.29068 0.55481
oolite_thargoid_diffuse.png	1.0 1.0	0.28811 0.56158	0.27212 0.63777	0.24983 0.56158
oolite_thargoid_diffuse.png	1.0 1.0	0.29146 0.54716	0.24635 0.54716	0.25844 0.47161
oolite_thargoid_diffuse.png	1.0 1.0	0.99568 0.83377	0.96446 0.75417	0.96446 0.82858
oolite_thargoid_diffuse.png	1.0 1.0	0.96446 0.83633	0.99568 0.87245	0.99568 0.83377
oolite_thargoid_diffuse.png	1.0 1.0	0.96446 0.83633	0.96446 0.86971	0.99568 0.87245
oolite_thargoid_diffuse.png	1.0 1.0	0.29068 0.55481	0.37647 0.60036	0.28811 0.56158
oolite_thargoid_diffuse.png	1.0 1.0	0.29068 0.55481	0.37988 0.59396	0.37647 0.60036
oolite_thargoid_diffuse.png	1.0 1.0	0.24983 0.56158	0.24729 0.55481	0.28811 0.56158
oolite_thargoid_diffuse.png	1.0 1.0	0.24983 0.56158	0.16146 0.60036	0.24729 0.55481
oolite_thargoid_diffuse.png	1.0 1.0	0.24635 0.54716	0.09198 0.54298	0.25844 0.47161
oolite_thargoid_diffuse.png	1.0 1.0	0.24635 0.54716	0.15362 0.58785	0.09198 0.54298
oolite_thargoid_diffuse.png	1.0 1.0	0.99568 0.87241	0.96446 0.95308	0.99568 0.95827
oolite_thargoid_diffuse.png	1.0 1.0	0.96446 0.87867	0.96446 0.95308	0.99568 0.87241
oolite_thargoid_diffuse.png	1.0 1.0	0.05547 0.44479	0.01294 0.46831	0.05257 0.46831
oolite_thargoid_diffuse.png	1.0 1.0	0.07541 0.44479	0.40657 0.44479	0.06924 0.41584
oolite_thargoid_diffuse.png	1.0 1.0	0.07541 0.44479	0.40262 0.46831	0.40657 0.44479
oolite_thargoid_diffuse.png	1.0 1.0	0.06058 0.41584	0.00985 0.44479	0.05547 0.44479
oolite_thargoid_diffuse.png	1.0 1.0	0.06058 0.41584	0.00403 0.41584	0.00985 0.44479
oolite_thargoid_diffuse.png	1.0 1.0	0.06924 0.41584	0.41246 0.41584	0.06198 0.39015
oolite_thargoid_diffuse.png	1.0 1.0	0.06198 0.39015	0.00403 0.41584	0.06058 0.41584
oolite_thargoid_diffuse.png	1.0 1.0	0.06198 0.39015	0.00256 0.39015	0.00403 0.41584
oolite_thargoid_diffuse.png	1.0 1.0	0.06198 0.39015	0.41979 0.39015	0.06198 0.38192
oolite_thargoid_diffuse.png	1.0 1.0	0.06198 0.38192	0.00256 0.39015	0.06198 0.39015
oolite_thargoid_diffuse.png	1.0 1.0	0.06198 0.38192	0.00256 0.38192	0.00256 0.39015
oolite_thargoid_diffuse.png	1.0 1.0	0.06198 0.38192	0.00256 0.02979	0.00256 0.38192
oolite_thargoid_diffuse.png	1.0 1.0	0.06198 0.38192	0.06198 0.02979	0.00256 0.02979
oolite_thargoid_diffuse.png	1.0 1.0	0.06198 0.38192	0.29849 0.02979	0.16672 0.02979
oolite_thargoid_diffuse.png	1.0 1.0	0.06198 0.38192	0.41979 0.38192	0.29849 0.02979
oolite_thargoid_diffuse.png	1.0 1.0	0.82420 0.44479	0.83009 0.41584	0.49304 0.44479
oolite_thargoid_diffuse.png	1.0 1.0	0.00985 0.44479	0.01294 0.46831	0.05547 0.44479
oolite_thargoid_diffuse.png	1.0 1.0	0.83009 0.41584	0.83742 0.39015	0.48687 0.41584
oolite_thargoid_diffuse.png	1.0 1.0	0.83742 0.39015	0.83742 0.38192	0.47968 0.39015
oolite_thargoid_diffuse.png	1.0 1.0	0.83742 0.38192	0.59075 0.02979	0.47968 0.38192
oolite_thargoid_diffuse.png	1.0 1.0	0.83742 0.38192	0.72680 0.02979	0.59075 0.02979
oolite_thargoid_diffuse.png	1.0 1.0	0.07847 0.46831	0.40262 0.46831	0.07541 0.44479
oolite_thargoid_diffuse.png	1.0 1.0	0.09198 0.54298	0.15362 0.58785	0.07663 0.55832
oolite_thargoid_diffuse.png	1.0 1.0	0.64549 0.67866	0.56141 0.78897	0.63815 0.78897
oolite_thargoid_diffuse.png	1.0 1.0	0.72680 0.02979	0.59075 0.02979	0.83742 0.38192
oolite_thargoid_diffuse.png	1.0 1.0	0.72680 0.02979	0.59593 0.00326	0.59075 0.02979
oolite_thargoid_diffuse.png	1.0 1.0	0.06198 0.02979	0.00701 0.00357	0.00256 0.02979
oolite_thargoid_diffuse.png	1.0 1.0	0.06198 0.02979	0.05646 0.00357	0.00701 0.00357
oolite_thargoid_diffuse.png	1.0 1.0	0.16672 0.02979	0.29277 0.00357	0.17151 0.00357
oolite_thargoid_diffuse.png	1.0 1.0	0.72161 0.00326	0.59593 0.00326	0.72680 0.02979
oolite_thargoid_diffuse.png	1.0 1.0	0.84806 0.50166	0.87565 0.41655	0.84806 0.41277
oolite_thargoid_diffuse.png	1.0 1.0	0.84806 0.50166	0.87565 0.49787	0.87565 0.41655
oolite_thargoid_diffuse.png	1.0 1.0	0.84806 0.53695	0.84806 0.62584	0.87565 0.62206
oolite_thargoid_diffuse.png	1.0 1.0	0.84806 0.53686	0.87565 0.53214	0.84806 0.50146
oolite_thargoid_diffuse.png	1.0 1.0	0.29849 0.02979	0.29277 0.00357	0.16672 0.02979
oolite_thargoid_diffuse.png	1.0 1.0	0.41979 0.02979	0.47968 0.02979	0.42272 0.00326
oolite_thargoid_diffuse.png	1.0 1.0	0.89235 0.61756	0.87565 0.54073	0.87565 0.62206
oolite_thargoid_diffuse.png	1.0 1.0	0.89235 0.63118	0.87565 0.65637	0.89235 0.65496
oolite_thargoid_diffuse.png	1.0 1.0	0.89235 0.61756	0.89235 0.54600	0.87565 0.54073
oolite_thargoid_diffuse.png	1.0 1.0	0.87565 0.62206	0.87565 0.54073	0.84806 0.53695
oolite_thargoid_diffuse.png	1.0 1.0	0.87565 0.62983	0.87565 0.65637	0.89235 0.63118
oolite_thargoid_diffuse.png	1.0 1.0	0.84806 0.62568	0.87565 0.65637	0.87565 0.62983
oolite_thargoid_diffuse.png	1.0 1.0	0.87565 0.53214	0.87565 0.50560	0.84806 0.50146
oolite_thargoid_diffuse.png	1.0 1.0	0.87565 0.53214	0.89235 0.50696	0.87565 0.50560
oolite_thargoid_diffuse.png	1.0 1.0	0.47968 0.02979	0.47483 0.00326	0.42272 0.00326
oolite_thargoid_diffuse.png	1.0 1.0	0.59075 0.02979	0.72680 0.02979	0.59593 0.00326
oolite_thargoid_diffuse.png	1.0 1.0	0.89235 0.65496	0.94510 0.63807	0.89235 0.63118
oolite_thargoid_diffuse.png	1.0 1.0	0.89235 0.65496	0.94510 0.64806	0.94510 0.63807
oolite_thargoid_diffuse.png	1.0 1.0	0.89235 0.66932	0.89235 0.74112	0.94510 0.67883
oolite_thargoid_diffuse.png	1.0 1.0	0.84806 0.66108	0.87565 0.65637	0.84806 0.62568
oolite_thargoid_diffuse.png	1.0 1.0	0.84806 0.66043	0.84806 0.74933	0.87565 0.66421
oolite_thargoid_diffuse.png	1.0 1.0	0.87565 0.66421	0.87565 0.74554	0.89235 0.66948
oolite_thargoid_diffuse.png	1.0 1.0	0.87565 0.66421	0.84806 0.74933	0.87565 0.74554
oolite_thargoid_diffuse.png	1.0 1.0	0.87565 0.74554	0.89235 0.74104	0.89235 0.66948
oolite_thargoid_diffuse.png	1.0 1.0	0.87565 0.75301	0.89235 0.77815	0.89235 0.75437
oolite_thargoid_diffuse.png	1.0 1.0	0.87565 0.75301	0.87565 0.77956	0.89235 0.77815
oolite_thargoid_diffuse.png	1.0 1.0	0.72680 0.02979	0.72161 0.00326	0.59593 0.00326
oolite_thargoid_diffuse.png	1.0 1.0	0.06198 0.02979	0.00701 0.00357	0.00256 0.02979
oolite_thargoid_diffuse.png	1.0 1.0	0.06198 0.02979	0.05646 0.00357	0.00701 0.00357
oolite_thargoid_diffuse.png	1.0 1.0	0.16672 0.02979	0.29277 0.00357	0.17151 0.00357
oolite_thargoid_diffuse.png	1.0 1.0	0.84806 0.74887	0.87565 0.77956	0.87565 0.75301
oolite_thargoid_diffuse.png	1.0 1.0	0.84806 0.78427	0.87565 0.77956	0.84806 0.74887
oolite_thargoid_diffuse.png	1.0 1.0	0.84806 0.78539	0.87565 0.87050	0.87565 0.78917
oolite_thargoid_diffuse.png	1.0 1.0	0.63815 0.78897	0.68700 0.86396	0.64549 0.67866
oolite_thargoid_diffuse.png	1.0 1.0	0.63815 0.78897	0.56625 0.80261	0.63412 0.80266
oolite_thargoid_diffuse.png	1.0 1.0	0.63815 0.78897	0.56141 0.78897	0.56625 0.80261
oolite_thargoid_diffuse.png	1.0 1.0	0.63412 0.80266	0.67457 0.87217	0.63815 0.78897
oolite_thargoid_diffuse.png	1.0 1.0	0.63412 0.80266	0.56625 0.80261	0.63412 0.87390
oolite_thargoid_diffuse.png	1.0 1.0	0.63412 0.87390	0.65971 0.99840	0.68167 0.92434
oolite_thargoid_diffuse.png	1.0 1.0	0.56625 0.87390	0.63412 0.87390	0.56625 0.80261
oolite_thargoid_diffuse.png	1.0 1.0	0.66277 0.87217	0.67457 0.87217	0.63412 0.80266
oolite_thargoid_diffuse.png	1.0 1.0	0.40436 0.62826	0.37988 0.59396	0.41078 0.62486
oolite_thargoid_diffuse.png	1.0 1.0	0.40436 0.62826	0.44993 0.71406	0.44315 0.71662
oolite_thargoid_diffuse.png	1.0 1.0	0.40436 0.62826	0.34036 0.67200	0.37647 0.60036
oolite_thargoid_diffuse.png	1.0 1.0	0.37647 0.60036	0.37988 0.59396	0.40436 0.62826
oolite_thargoid_diffuse.png	1.0 1.0	0.37647 0.60036	0.27212 0.63777	0.28811 0.56158
oolite_thargoid_diffuse.png	1.0 1.0	0.37647 0.60036	0.33273 0.66437	0.27212 0.63777
oolite_thargoid_diffuse.png	1.0 1.0	0.37647 0.60036	0.34036 0.67200	0.33273 0.66437
oolite_thargoid_diffuse.png	1.0 1.0	0.41630 0.61997	0.38419 0.58785	0.46118 0.55832
oolite_thargoid_diffuse.png	1.0 1.0	0.99568 0.70915	0.99568 0.62329	0.96446 0.70396
oolite_thargoid_diffuse.png	1.0 1.0	0.96446 0.71171	0.99568 0.74784	0.99568 0.70915
oolite_thargoid_diffuse.png	1.0 1.0	0.96446 0.71171	0.96446 0.74509	0.99568 0.74784
oolite_thargoid_diffuse.png	1.0 1.0	0.41078 0.62486	0.44993 0.71406	0.40436 0.62826
oolite_thargoid_diffuse.png	1.0 1.0	0.99568 0.74791	0.96446 0.75417	0.99568 0.83377
oolite_thargoid_diffuse.png	1.0 1.0	0.27212 0.63777	0.26581 0.63777	0.24983 0.56158
oolite_thargoid_diffuse.png	1.0 1.0	0.27212 0.63777	0.26625 0.65146	0.26581 0.63777
oolite_thargoid_diffuse.png	1.0 1.0	0.27212 0.63777	0.33273 0.66437	0.27169 0.65146
oolite_thargoid_diffuse.png	1.0 1.0	0.27169 0.65146	0.26625 0.65146	0.27212 0.63777
oolite_thargoid_diffuse.png	1.0 1.0	0.27169 0.65146	0.33039 0.68091	0.35327 0.73304
oolite_thargoid_diffuse.png	1.0 1.0	0.27169 0.65146	0.27169 0.82007	0.26625 0.65146
oolite_thargoid_diffuse.png	1.0 1.0	0.26581 0.63777	0.16146 0.60036	0.24983 0.56158
oolite_thargoid_diffuse.png	1.0 1.0	0.26581 0.63777	0.20520 0.66437	0.16146 0.60036
oolite_thargoid_diffuse.png	1.0 1.0	0.26625 0.65146	0.20520 0.66437	0.26581 0.63777
oolite_thargoid_diffuse.png	1.0 1.0	0.26625 0.65146	0.21411 0.67434	0.20520 0.66437
oolite_thargoid_diffuse.png	1.0 1.0	0.26625 0.65146	0.18466 0.73304	0.21411 0.67434
oolite_thargoid_diffuse.png	1.0 1.0	0.26625 0.65146	0.26625 0.82007	0.18466 0.73304
oolite_thargoid_diffuse.png	1.0 1.0	0.16146 0.60036	0.15808 0.59396	0.24729 0.55481
oolite_thargoid_diffuse.png	1.0 1.0	0.16146 0.60036	0.12719 0.62486	0.15808 0.59396
oolite_thargoid_diffuse.png	1.0 1.0	0.16146 0.60036	0.19757 0.67200	0.13357 0.62826
oolite_thargoid_diffuse.png	1.0 1.0	0.16146 0.60036	0.20520 0.66437	0.19757 0.67200
oolite_thargoid_diffuse.png	1.0 1.0	0.13357 0.62826	0.12719 0.62486	0.16146 0.60036
oolite_thargoid_diffuse.png	1.0 1.0	0.13357 0.62826	0.08804 0.71406	0.12719 0.62486
oolite_thargoid_diffuse.png	1.0 1.0	0.15362 0.58785	0.12151 0.61997	0.07663 0.55832
oolite_thargoid_diffuse.png	1.0 1.0	0.96446 0.96083	0.99568 0.99695	0.99568 0.95827
oolite_thargoid_diffuse.png	1.0 1.0	0.96446 0.96083	0.96446 0.99421	0.99568 0.99695
oolite_thargoid_diffuse.png	1.0 1.0	0.12151 0.61997	0.08081 0.71270	0.07663 0.55832
oolite_thargoid_diffuse.png	1.0 1.0	0.96446 0.00706	0.99568 0.08667	0.99568 0.00081
oolite_thargoid_diffuse.png	1.0 1.0	0.96446 0.00706	0.96446 0.08147	0.99568 0.08667
oolite_thargoid_diffuse.png	1.0 1.0	0.56106 0.67828	0.56141 0.78897	0.64549 0.67866
oolite_thargoid_diffuse.png	1.0 1.0	0.56106 0.67828	0.50861 0.86033	0.56141 0.78897
oolite_thargoid_diffuse.png	1.0 1.0	0.59075 0.02979	0.47968 0.38192	0.83742 0.38192
oolite_thargoid_diffuse.png	1.0 1.0	0.47968 0.02979	0.41979 0.02979	0.47968 0.38192
oolite_thargoid_diffuse.png	1.0 1.0	0.47968 0.02979	0.42272 0.00326	0.41979 0.02979
oolite_thargoid_diffuse.png	1.0 1.0	0.89235 0.40679	0.89235 0.38302	0.87565 0.40820
oolite_thargoid_diffuse.png	1.0 1.0	0.89235 0.40679	0.94510 0.38990	0.89235 0.38302
oolite_thargoid_diffuse.png	1.0 1.0	0.47483 0.00326	0.42272 0.00326	0.47968 0.02979
oolite_thargoid_diffuse.png	1.0 1.0	0.87565 0.41655	0.87565 0.49787	0.89235 0.42182
oolite_thargoid_diffuse.png	1.0 1.0	0.87565 0.40820	0.84806 0.37751	0.84806 0.41292
oolite_thargoid_diffuse.png	1.0 1.0	0.87565 0.40820	0.87565 0.38166	0.84806 0.37751
oolite_thargoid_diffuse.png	1.0 1.0	0.87565 0.49787	0.89235 0.49338	0.89235 0.42182
oolite_thargoid_diffuse.png	1.0 1.0	0.77380 0.53880	0.76532 0.54786	0.77599 0.54099
oolite_thargoid_diffuse.png	1.0 1.0	0.77380 0.53880	0.72778 0.53030	0.76532 0.54786
oolite_thargoid_diffuse.png	1.0 1.0	0.77380 0.53880	0.80276 0.50565	0.72839 0.51758
oolite_thargoid_diffuse.png	1.0 1.0	0.77380 0.53880	0.80909 0.51199	0.80276 0.50565
oolite_thargoid_diffuse.png	1.0 1.0	0.72839 0.51758	0.72778 0.53030	0.77380 0.53880
oolite_thargoid_diffuse.png	1.0 1.0	0.72839 0.51758	0.80276 0.50565	0.73179 0.47248
oolite_thargoid_diffuse.png	1.0 1.0	0.72839 0.51758	0.72400 0.51758	0.72778 0.53030
oolite_thargoid_diffuse.png	1.0 1.0	0.77599 0.54099	0.80909 0.51199	0.77380 0.53880
oolite_thargoid_diffuse.png	1.0 1.0	0.77599 0.54099	0.79667 0.59247	0.80909 0.51199
oolite_thargoid_diffuse.png	1.0 1.0	0.77599 0.54099	0.78414 0.59205	0.79667 0.59247
oolite_thargoid_diffuse.png	1.0 1.0	0.76532 0.54786	0.76702 0.54956	0.77599 0.54099
oolite_thargoid_diffuse.png	1.0 1.0	0.76532 0.54786	0.68677 0.63010	0.76702 0.54956
oolite_thargoid_diffuse.png	1.0 1.0	0.72778 0.53030	0.68677 0.54786	0.76532 0.54786
oolite_thargoid_diffuse.png	1.0 1.0	0.76702 0.54956	0.78414 0.59205	0.77599 0.54099
oolite_thargoid_diffuse.png	1.0 1.0	0.76702 0.54956	0.68677 0.63010	0.76716 0.62825
oolite_thargoid_diffuse.png	1.0 1.0	0.95978 0.60770	0.94510 0.55535	0.94510 0.61022
oolite_thargoid_diffuse.png	1.0 1.0	0.73179 0.47248	0.72400 0.51758	0.72839 0.51758
oolite_thargoid_diffuse.png	1.0 1.0	0.73179 0.47248	0.72018 0.47248	0.72400 0.51758
oolite_thargoid_diffuse.png	1.0 1.0	0.94510 0.51385	0.94510 0.52384	0.95978 0.51513
oolite_thargoid_diffuse.png	1.0 1.0	0.94510 0.51385	0.89235 0.53074	0.94510 0.52384
oolite_thargoid_diffuse.png	1.0 1.0	0.94510 0.51385	0.89235 0.50696	0.89235 0.53074
oolite_thargoid_diffuse.png	1.0 1.0	0.94510 0.48604	0.94510 0.43117	0.89235 0.49346
oolite_thargoid_diffuse.png	1.0 1.0	0.94510 0.61022	0.89235 0.54584	0.89235 0.61764
oolite_thargoid_diffuse.png	1.0 1.0	0.94510 0.63807	0.95978 0.64644	0.95978 0.63936
oolite_thargoid_diffuse.png	1.0 1.0	0.94510 0.63807	0.94510 0.64806	0.95978 0.64644
oolite_thargoid_diffuse.png	1.0 1.0	0.95978 0.55948	0.94510 0.55535	0.95978 0.60770
oolite_thargoid_diffuse.png	1.0 1.0	0.95978 0.51513	0.94510 0.52384	0.95978 0.52222
oolite_thargoid_diffuse.png	1.0 1.0	0.95978 0.48352	0.95978 0.43530	0.94510 0.48604
oolite_thargoid_diffuse.png	1.0 1.0	0.80909 0.51199	0.84227 0.59457	0.84227 0.58295
oolite_thargoid_diffuse.png	1.0 1.0	0.94510 0.55535	0.89235 0.54584	0.94510 0.61022
oolite_thargoid_diffuse.png	1.0 1.0	0.89235 0.53074	0.89235 0.50696	0.87565 0.53214
oolite_thargoid_diffuse.png	1.0 1.0	0.89235 0.49346	0.94510 0.43117	0.89235 0.42166
oolite_thargoid_diffuse.png	1.0 1.0	0.95978 0.43530	0.94510 0.43117	0.94510 0.48604
oolite_thargoid_diffuse.png	1.0 1.0	0.95978 0.39828	0.95978 0.39119	0.94510 0.39990
oolite_thargoid_diffuse.png	1.0 1.0	0.94510 0.39990	0.94510 0.38990	0.89235 0.40679
oolite_thargoid_diffuse.png	1.0 1.0	0.94510 0.39990	0.95978 0.39119	0.94510 0.38990
oolite_thargoid_diffuse.png	1.0 1.0	0.72400 0.51758	0.72432 0.53030	0.72778 0.53030
oolite_thargoid_diffuse.png	1.0 1.0	0.72400 0.51758	0.67859 0.53880	0.72432 0.53030
oolite_thargoid_diffuse.png	1.0 1.0	0.72400 0.51758	0.64922 0.50565	0.67859 0.53880
oolite_thargoid_diffuse.png	1.0 1.0	0.65501 0.58656	0.64288 0.51199	0.60971 0.58295
oolite_thargoid_diffuse.png	1.0 1.0	0.65501 0.58656	0.65501 0.59096	0.66737 0.58725
oolite_thargoid_diffuse.png	1.0 1.0	0.66737 0.58725	0.67624 0.54115	0.65501 0.58656
oolite_thargoid_diffuse.png	1.0 1.0	0.66737 0.58725	0.68493 0.54970	0.67624 0.54115
oolite_thargoid_diffuse.png	1.0 1.0	0.66737 0.58725	0.68493 0.62825	0.68493 0.54970
oolite_thargoid_diffuse.png	1.0 1.0	0.66737 0.58725	0.66737 0.59071	0.68493 0.62825
oolite_thargoid_diffuse.png	1.0 1.0	0.72432 0.53030	0.68677 0.54786	0.72778 0.53030
oolite_thargoid_diffuse.png	1.0 1.0	0.67859 0.53880	0.68677 0.54786	0.72432 0.53030
oolite_thargoid_diffuse.png	1.0 1.0	0.67859 0.53880	0.67624 0.54115	0.68677 0.54786
oolite_thargoid_diffuse.png	1.0 1.0	0.67859 0.53880	0.64922 0.50565	0.67624 0.54115
oolite_thargoid_diffuse.png	1.0 1.0	0.68677 0.54786	0.68493 0.62825	0.76532 0.54786
oolite_thargoid_diffuse.png	1.0 1.0	0.67624 0.54115	0.68493 0.54970	0.68677 0.54786
oolite_thargoid_diffuse.png	1.0 1.0	0.67624 0.54115	0.64288 0.51199	0.65501 0.58656
oolite_thargoid_diffuse.png	1.0 1.0	0.68493 0.54970	0.68493 0.62825	0.68677 0.54786
oolite_thargoid_diffuse.png	1.0 1.0	0.72018 0.47248	0.64922 0.50565	0.72400 0.51758
oolite_thargoid_diffuse.png	1.0 1.0	0.95978 0.68296	0.94510 0.73370	0.95978 0.73118
oolite_thargoid_diffuse.png	1.0 1.0	0.64922 0.50565	0.64288 0.51199	0.67624 0.54115
oolite_thargoid_diffuse.png	1.0 1.0	0.95978 0.76254	0.94510 0.76126	0.95978 0.76963
oolite_thargoid_diffuse.png	1.0 1.0	0.95978 0.85614	0.94510 0.80380	0.94510 0.85866
oolite_thargoid_diffuse.png	1.0 1.0	0.60971 0.58295	0.65501 0.59096	0.65501 0.58656
oolite_thargoid_diffuse.png	1.0 1.0	0.60971 0.58295	0.60971 0.59457	0.65501 0.59096
oolite_thargoid_diffuse.png	1.0 1.0	0.94510 0.67883	0.94510 0.73370	0.95978 0.68296
oolite_thargoid_diffuse.png	1.0 1.0	0.89235 0.74112	0.94510 0.73370	0.94510 0.67883
oolite_thargoid_diffuse.png	1.0 1.0	0.89235 0.77815	0.94510 0.76126	0.89235 0.75437
oolite_thargoid_diffuse.png	1.0 1.0	0.89235 0.77815	0.94510 0.77125	0.94510 0.76126
oolite_thargoid_diffuse.png	1.0 1.0	0.89235 0.79428	0.89235 0.86608	0.94510 0.85866
oolite_thargoid_diffuse.png	1.0 1.0	0.89235 0.79445	0.87565 0.78917	0.89235 0.86601
oolite_thargoid_diffuse.png	1.0 1.0	0.94510 0.85866	0.94510 0.80380	0.89235 0.79428
oolite_thargoid_diffuse.png	1.0 1.0	0.94510 0.88676	0.95978 0.89514	0.95978 0.88805
oolite_thargoid_diffuse.png	1.0 1.0	0.94510 0.88676	0.94510 0.89676	0.95978 0.89514
oolite_thargoid_diffuse.png	1.0 1.0	0.95978 0.80792	0.94510 0.80380	0.95978 0.85614
oolite_thargoid_diffuse.png	1.0 1.0	0.94510 0.76126	0.94510 0.77125	0.95978 0.76963
oolite_thargoid_diffuse.png	1.0 1.0	0.29849 0.02979	0.29277 0.00357	0.16672 0.02979
oolite_thargoid_diffuse.png	1.0 1.0	0.41979 0.02979	0.47483 0.00326	0.42272 0.00326
oolite_thargoid_diffuse.png	1.0 1.0	0.41979 0.02979	0.47968 0.38192	0.47968 0.02979
oolite_thargoid_diffuse.png	1.0 1.0	0.89235 0.87988	0.94510 0.89676	0.94510 0.88676
oolite_thargoid_diffuse.png	1.0 1.0	0.89235 0.87988	0.89235 0.90365	0.94510 0.89676
oolite_thargoid_diffuse.png	1.0 1.0	0.89235 0.87988	0.87565 0.90506	0.89235 0.90365
oolite_thargoid_diffuse.png	1.0 1.0	0.87565 0.78917	0.87565 0.87050	0.89235 0.86601
oolite_thargoid_diffuse.png	1.0 1.0	0.84806 0.87429	0.87565 0.87050	0.84806 0.78539
oolite_thargoid_diffuse.png	1.0 1.0	0.84806 0.87437	0.84806 0.90978	0.87565 0.87852
oolite_thargoid_diffuse.png	1.0 1.0	0.87565 0.87852	0.87565 0.90506	0.89235 0.87988
oolite_thargoid_diffuse.png	1.0 1.0	0.56625 0.80261	0.56625 0.87390	0.63412 0.87390
oolite_thargoid_diffuse.png	1.0 1.0	0.51773 0.92434	0.53705 0.99840	0.56625 0.87390
oolite_thargoid_diffuse.png	1.0 1.0	0.56625 0.80261	0.52903 0.87217	0.53861 0.87217
oolite_thargoid_diffuse.png	1.0 1.0	0.56141 0.78897	0.52903 0.87217	0.56625 0.80261
oolite_thargoid_diffuse.png	1.0 1.0	0.49304 0.44479	0.49610 0.46831	0.82420 0.44479
oolite_thargoid_diffuse.png	1.0 1.0	0.47270 0.44479	0.43017 0.46831	0.46980 0.46831
oolite_thargoid_diffuse.png	1.0 1.0	0.47780 0.41584	0.42708 0.44479	0.47270 0.44479
oolite_thargoid_diffuse.png	1.0 1.0	0.47780 0.41584	0.42125 0.41584	0.42708 0.44479
oolite_thargoid_diffuse.png	1.0 1.0	0.47968 0.39015	0.42125 0.41584	0.47780 0.41584
oolite_thargoid_diffuse.png	1.0 1.0	0.47968 0.39015	0.41979 0.39015	0.42125 0.41584
oolite_thargoid_diffuse.png	1.0 1.0	0.47968 0.38192	0.41979 0.39015	0.47968 0.39015
oolite_thargoid_diffuse.png	1.0 1.0	0.47968 0.38192	0.41979 0.38192	0.41979 0.39015
oolite_thargoid_diffuse.png	1.0 1.0	0.53255 0.72478	0.45700 0.71270	0.46118 0.55832
oolite_thargoid_diffuse.png	1.0 1.0	0.53255 0.72478	0.45700 0.75781	0.45700 0.71270
oolite_thargoid_diffuse.png	1.0 1.0	0.44315 0.71662	0.36696 0.73261	0.40436 0.62826
oolite_thargoid_diffuse.png	1.0 1.0	0.44315 0.71662	0.36696 0.73892	0.36696 0.73261
oolite_thargoid_diffuse.png	1.0 1.0	0.99568 0.62329	0.96446 0.62955	0.96446 0.70396
oolite_thargoid_diffuse.png	1.0 1.0	0.99568 0.62337	0.96446 0.58725	0.96446 0.62062
oolite_thargoid_diffuse.png	1.0 1.0	0.44993 0.71406	0.44315 0.75490	0.44315 0.71662
oolite_thargoid_diffuse.png	1.0 1.0	0.44993 0.71406	0.44993 0.75746	0.44315 0.75490
oolite_thargoid_diffuse.png	1.0 1.0	0.36696 0.73261	0.34036 0.67200	0.40436 0.62826
oolite_thargoid_diffuse.png	1.0 1.0	0.36696 0.73261	0.35327 0.73848	0.35327 0.73304
oolite_thargoid_diffuse.png	1.0 1.0	0.35327 0.73304	0.34036 0.67200	0.36696 0.73261
oolite_thargoid_diffuse.png	1.0 1.0	0.35327 0.73304	0.33039 0.68091	0.34036 0.67200
oolite_thargoid_diffuse.png	1.0 1.0	0.35327 0.73304	0.35327 0.73848	0.27169 0.65146
oolite_thargoid_diffuse.png	1.0 1.0	0.33273 0.66437	0.32382 0.67434	0.27169 0.65146
oolite_thargoid_diffuse.png	1.0 1.0	0.34036 0.67200	0.32382 0.67434	0.33273 0.66437
oolite_thargoid_diffuse.png	1.0 1.0	0.34036 0.67200	0.33039 0.68091	0.32382 0.67434
oolite_thargoid_diffuse.png	1.0 1.0	0.32382 0.67434	0.33039 0.68091	0.27169 0.65146
oolite_thargoid_diffuse.png	1.0 1.0	0.19757 0.67200	0.17097 0.73261	0.13357 0.62826
oolite_thargoid_diffuse.png	1.0 1.0	0.19757 0.67200	0.18466 0.73304	0.17097 0.73261
oolite_thargoid_diffuse.png	1.0 1.0	0.20520 0.66437	0.20755 0.68091	0.19757 0.67200
oolite_thargoid_diffuse.png	1.0 1.0	0.20520 0.66437	0.21411 0.67434	0.20755 0.68091
oolite_thargoid_diffuse.png	1.0 1.0	0.20755 0.68091	0.18466 0.73304	0.19757 0.67200
oolite_thargoid_diffuse.png	1.0 1.0	0.21411 0.67434	0.18466 0.73304	0.20755 0.68091
oolite_thargoid_diffuse.png	1.0 1.0	0.17097 0.73261	0.09478 0.71662	0.13357 0.62826
oolite_thargoid_diffuse.png	1.0 1.0	0.17097 0.73261	0.17097 0.73892	0.09478 0.71662
oolite_thargoid_diffuse.png	1.0 1.0	0.17097 0.73261	0.18466 0.73848	0.17097 0.73892
oolite_thargoid_diffuse.png	1.0 1.0	0.18466 0.73304	0.18466 0.73848	0.17097 0.73261
oolite_thargoid_diffuse.png	1.0 1.0	0.18466 0.73304	0.26625 0.82007	0.18466 0.73848
oolite_thargoid_diffuse.png	1.0 1.0	0.09478 0.71662	0.08804 0.71406	0.13357 0.62826
oolite_thargoid_diffuse.png	1.0 1.0	0.09478 0.71662	0.09478 0.75490	0.08804 0.71406
oolite_thargoid_diffuse.png	1.0 1.0	0.08081 0.71270	0.00526 0.72478	0.07663 0.55832
oolite_thargoid_diffuse.png	1.0 1.0	0.08081 0.71270	0.00526 0.74572	0.00526 0.72478
oolite_thargoid_diffuse.png	1.0 1.0	0.96446 0.08922	0.99568 0.12535	0.99568 0.08667
oolite_thargoid_diffuse.png	1.0 1.0	0.96446 0.08922	0.96446 0.12260	0.99568 0.12535
oolite_thargoid_diffuse.png	1.0 1.0	0.40657 0.44479	0.41246 0.41584	0.06924 0.41584
oolite_thargoid_diffuse.png	1.0 1.0	0.42708 0.44479	0.47780 0.41584	0.42125 0.41584
oolite_thargoid_diffuse.png	1.0 1.0	0.41246 0.41584	0.41979 0.39015	0.06198 0.39015
oolite_thargoid_diffuse.png	1.0 1.0	0.42125 0.41584	0.47968 0.39015	0.41979 0.39015
oolite_thargoid_diffuse.png	1.0 1.0	0.41979 0.39015	0.41979 0.38192	0.06198 0.38192
oolite_thargoid_diffuse.png	1.0 1.0	0.41979 0.39015	0.47968 0.38192	0.41979 0.38192
oolite_thargoid_diffuse.png	1.0 1.0	0.41979 0.38192	0.47968 0.38192	0.41979 0.02979
oolite_thargoid_diffuse.png	1.0 1.0	0.43017 0.46831	0.47270 0.44479	0.42708 0.44479
oolite_thargoid_diffuse.png	1.0 1.0	0.43017 0.46831	0.46980 0.46831	0.47270 0.44479
oolite_thargoid_diffuse.png	1.0 1.0	0.41979 0.02979	0.41979 0.38192	0.47968 0.38192
oolite_thargoid_diffuse.png	1.0 1.0	0.29849 0.02979	0.06198 0.38192	0.41979 0.38192
oolite_thargoid_diffuse.png	1.0 1.0	0.89235 0.38302	0.87565 0.38166	0.87565 0.40820
oolite_thargoid_diffuse.png	1.0 1.0	0.89235 0.36940	0.89235 0.29784	0.87565 0.29256
oolite_thargoid_diffuse.png	1.0 1.0	0.89235 0.36947	0.94510 0.36206	0.89235 0.29767
oolite_thargoid_diffuse.png	1.0 1.0	0.87565 0.29256	0.87565 0.37389	0.89235 0.36940
oolite_thargoid_diffuse.png	1.0 1.0	0.87565 0.29256	0.84806 0.28878	0.87565 0.37389
oolite_thargoid_diffuse.png	1.0 1.0	0.87565 0.28398	0.87565 0.25744	0.84806 0.28870
oolite_thargoid_diffuse.png	1.0 1.0	0.29277 0.00357	0.16672 0.02979	0.29849 0.02979
oolite_thargoid_diffuse.png	1.0 1.0	0.29277 0.00357	0.17151 0.00357	0.16672 0.02979
oolite_thargoid_diffuse.png	1.0 1.0	0.87565 0.37389	0.84806 0.28878	0.84806 0.37768
oolite_thargoid_diffuse.png	1.0 1.0	0.72839 0.65994	0.80276 0.67186	0.77380 0.63871
oolite_thargoid_diffuse.png	1.0 1.0	0.72839 0.65994	0.72400 0.65994	0.73179 0.70504
oolite_thargoid_diffuse.png	1.0 1.0	0.77380 0.63871	0.72778 0.64766	0.72839 0.65994
oolite_thargoid_diffuse.png	1.0 1.0	0.77380 0.63871	0.76716 0.62825	0.76532 0.63009
oolite_thargoid_diffuse.png	1.0 1.0	0.77380 0.63871	0.80909 0.66553	0.77615 0.63637
oolite_thargoid_diffuse.png	1.0 1.0	0.77380 0.63871	0.80276 0.67186	0.80909 0.66553
oolite_thargoid_diffuse.png	1.0 1.0	0.77615 0.63637	0.76716 0.62825	0.77380 0.63871
oolite_thargoid_diffuse.png	1.0 1.0	0.77615 0.63637	0.78414 0.59205	0.76716 0.62825
oolite_thargoid_diffuse.png	1.0 1.0	0.77615 0.63637	0.80909 0.66553	0.79667 0.59247
oolite_thargoid_diffuse.png	1.0 1.0	0.79667 0.59247	0.78414 0.59205	0.77615 0.63637
oolite_thargoid_diffuse.png	1.0 1.0	0.79667 0.59247	0.84227 0.59457	0.80909 0.51199
oolite_thargoid_diffuse.png	1.0 1.0	0.79667 0.59247	0.80909 0.66553	0.84227 0.59457
oolite_thargoid_diffuse.png	1.0 1.0	0.76532 0.63009	0.72778 0.64766	0.77380 0.63871
oolite_thargoid_diffuse.png	1.0 1.0	0.76532 0.63009	0.68677 0.63010	0.72778 0.64766
oolite_thargoid_diffuse.png	1.0 1.0	0.72778 0.64766	0.72400 0.65994	0.72839 0.65994
oolite_thargoid_diffuse.png	1.0 1.0	0.72778 0.64766	0.72432 0.64766	0.72400 0.65994
oolite_thargoid_diffuse.png	1.0 1.0	0.76716 0.62825	0.78414 0.59205	0.76702 0.54956
oolite_thargoid_diffuse.png	1.0 1.0	0.76716 0.62825	0.68677 0.63010	0.76532 0.63009
oolite_thargoid_diffuse.png	1.0 1.0	0.89235 0.24476	0.94510 0.23734	0.94510 0.18248
oolite_thargoid_diffuse.png	1.0 1.0	0.89235 0.25879	0.87565 0.25744	0.89235 0.28257
oolite_thargoid_diffuse.png	1.0 1.0	0.89235 0.28257	0.94510 0.27568	0.89235 0.25879
oolite_thargoid_diffuse.png	1.0 1.0	0.89235 0.28257	0.87565 0.25744	0.87565 0.28398
oolite_thargoid_diffuse.png	1.0 1.0	0.73179 0.70504	0.80276 0.67186	0.72839 0.65994
oolite_thargoid_diffuse.png	1.0 1.0	0.95978 0.18660	0.94510 0.23734	0.95978 0.23482
oolite_thargoid_diffuse.png	1.0 1.0	0.95978 0.15009	0.95978 0.14300	0.94510 0.15170
oolite_thargoid_diffuse.png	1.0 1.0	0.94510 0.36206	0.94510 0.30719	0.89235 0.29767
oolite_thargoid_diffuse.png	1.0 1.0	0.94510 0.36206	0.95978 0.35953	0.94510 0.30719
oolite_thargoid_diffuse.png	1.0 1.0	0.94510 0.27568	0.94510 0.26568	0.89235 0.25879
oolite_thargoid_diffuse.png	1.0 1.0	0.95978 0.35953	0.95978 0.31131	0.94510 0.30719
oolite_thargoid_diffuse.png	1.0 1.0	0.94510 0.18248	0.94510 0.23734	0.95978 0.18660
oolite_thargoid_diffuse.png	1.0 1.0	0.94510 0.18248	0.89235 0.17296	0.89235 0.24476
oolite_thargoid_diffuse.png	1.0 1.0	0.94510 0.15170	0.89235 0.13482	0.89235 0.15860
oolite_thargoid_diffuse.png	1.0 1.0	0.95978 0.27406	0.94510 0.26568	0.94510 0.27568
oolite_thargoid_diffuse.png	1.0 1.0	0.95978 0.26697	0.94510 0.26568	0.95978 0.27406
oolite_thargoid_diffuse.png	1.0 1.0	0.65501 0.59096	0.66737 0.59071	0.66737 0.58725
oolite_thargoid_diffuse.png	1.0 1.0	0.65501 0.59096	0.64288 0.66553	0.67624 0.63637
oolite_thargoid_diffuse.png	1.0 1.0	0.65501 0.59096	0.60971 0.59457	0.64288 0.66553
oolite_thargoid_diffuse.png	1.0 1.0	0.67624 0.63637	0.66737 0.59071	0.65501 0.59096
oolite_thargoid_diffuse.png	1.0 1.0	0.67624 0.63637	0.64922 0.67186	0.67859 0.63871
oolite_thargoid_diffuse.png	1.0 1.0	0.67859 0.63871	0.68493 0.62825	0.67624 0.63637
oolite_thargoid_diffuse.png	1.0 1.0	0.67859 0.63871	0.68677 0.63010	0.68493 0.62825
oolite_thargoid_diffuse.png	1.0 1.0	0.67859 0.63871	0.72432 0.64766	0.68677 0.63010
oolite_thargoid_diffuse.png	1.0 1.0	0.67859 0.63871	0.64922 0.67186	0.72400 0.65994
oolite_thargoid_diffuse.png	1.0 1.0	0.72400 0.65994	0.72432 0.64766	0.67859 0.63871
oolite_thargoid_diffuse.png	1.0 1.0	0.72400 0.65994	0.72018 0.70504	0.73179 0.70504
oolite_thargoid_diffuse.png	1.0 1.0	0.68493 0.62825	0.66737 0.59071	0.67624 0.63637
oolite_thargoid_diffuse.png	1.0 1.0	0.68493 0.62825	0.68677 0.63010	0.76532 0.54786
oolite_thargoid_diffuse.png	1.0 1.0	0.68677 0.63010	0.72432 0.64766	0.72778 0.64766
oolite_thargoid_diffuse.png	1.0 1.0	0.64288 0.66553	0.64922 0.67186	0.67624 0.63637
oolite_thargoid_diffuse.png	1.0 1.0	0.95978 0.01852	0.94510 0.02723	0.95978 0.02561
oolite_thargoid_diffuse.png	1.0 1.0	0.64922 0.67186	0.72018 0.70504	0.72400 0.65994
oolite_thargoid_diffuse.png	1.0 1.0	0.95978 0.93244	0.94510 0.98318	0.95978 0.98066
oolite_thargoid_diffuse.png	1.0 1.0	0.95978 0.93244	0.94510 0.92831	0.94510 0.98318
oolite_thargoid_diffuse.png	1.0 1.0	0.94510 0.01724	0.94510 0.02723	0.95978 0.01852
oolite_thargoid_diffuse.png	1.0 1.0	0.94510 0.98318	0.94510 0.92831	0.89235 0.99060
oolite_thargoid_diffuse.png	1.0 1.0	0.89235 0.01035	0.94510 0.02723	0.94510 0.01724
oolite_thargoid_diffuse.png	1.0 1.0	0.89235 0.01035	0.89235 0.03413	0.94510 0.02723
oolite_thargoid_diffuse.png	1.0 1.0	0.89235 0.01035	0.87373 0.03554	0.89235 0.03413
oolite_thargoid_diffuse.png	1.0 1.0	0.94510 0.05874	0.95978 0.11109	0.95978 0.06287
oolite_thargoid_diffuse.png	1.0 1.0	0.94510 0.05874	0.94510 0.11361	0.95978 0.11109
oolite_thargoid_diffuse.png	1.0 1.0	0.89235 0.04923	0.94510 0.11361	0.94510 0.05874
oolite_thargoid_diffuse.png	1.0 1.0	0.89235 0.04923	0.89235 0.12103	0.94510 0.11361
oolite_thargoid_diffuse.png	1.0 1.0	0.94510 0.92831	0.89235 0.91880	0.89235 0.99060
oolite_thargoid_diffuse.png	1.0 1.0	0.95978 0.14300	0.94510 0.14171	0.94510 0.15170
oolite_thargoid_diffuse.png	1.0 1.0	0.94510 0.14171	0.89235 0.13482	0.94510 0.15170
oolite_thargoid_diffuse.png	1.0 1.0	0.56106 0.67828	0.50861 0.86033	0.56141 0.78897
oolite_thargoid_diffuse.png	1.0 1.0	0.47968 0.02979	0.47483 0.00326	0.41979 0.02979
oolite_thargoid_diffuse.png	1.0 1.0	0.59075 0.02979	0.72680 0.02979	0.59593 0.00326
oolite_thargoid_diffuse.png	1.0 1.0	0.59075 0.02979	0.83742 0.38192	0.72680 0.02979
oolite_thargoid_diffuse.png	1.0 1.0	0.89235 0.91896	0.87565 0.99501	0.89235 0.99052
oolite_thargoid_diffuse.png	1.0 1.0	0.89235 0.91896	0.87565 0.91369	0.87565 0.99501
oolite_thargoid_diffuse.png	1.0 1.0	0.87565 0.00899	0.87373 0.03554	0.89235 0.01035
oolite_thargoid_diffuse.png	1.0 1.0	0.87565 0.00899	0.84806 0.04025	0.87373 0.03554
oolite_thargoid_diffuse.png	1.0 1.0	0.84806 0.90978	0.87565 0.90506	0.87565 0.87852
oolite_thargoid_diffuse.png	1.0 1.0	0.84806 0.90990	0.84806 0.99880	0.87565 0.91369
oolite_thargoid_diffuse.png	1.0 1.0	0.87565 0.91369	0.84806 0.99880	0.87565 0.99501
oolite_thargoid_diffuse.png	1.0 1.0	0.56625 0.87390	0.63412 0.87390	0.56625 0.80261
oolite_thargoid_diffuse.png	1.0 1.0	0.51773 0.92434	0.53705 0.99840	0.56625 0.87390
oolite_thargoid_diffuse.png	1.0 1.0	0.56625 0.80261	0.52903 0.87217	0.53861 0.87217
oolite_thargoid_diffuse.png	1.0 1.0	0.56625 0.80261	0.63815 0.78897	0.56141 0.78897
oolite_thargoid_diffuse.png	1.0 1.0	0.56625 0.80261	0.63412 0.80266	0.63815 0.78897
oolite_thargoid_diffuse.png	1.0 1.0	0.56141 0.78897	0.52903 0.87217	0.56625 0.80261
oolite_thargoid_diffuse.png	1.0 1.0	0.56141 0.78897	0.64549 0.67866	0.56106 0.67828
oolite_thargoid_diffuse.png	1.0 1.0	0.56141 0.78897	0.63815 0.78897	0.64549 0.67866
oolite_thargoid_diffuse.png	1.0 1.0	0.42708 0.44479	0.43017 0.46831	0.47270 0.44479
oolite_thargoid_diffuse.png	1.0 1.0	0.40657 0.44479	0.07541 0.44479	0.40262 0.46831
oolite_thargoid_diffuse.png	1.0 1.0	0.40657 0.44479	0.06924 0.41584	0.07541 0.44479
oolite_thargoid_diffuse.png	1.0 1.0	0.41246 0.41584	0.06924 0.41584	0.40657 0.44479
oolite_thargoid_diffuse.png	1.0 1.0	0.41246 0.41584	0.06198 0.39015	0.06924 0.41584
oolite_thargoid_diffuse.png	1.0 1.0	0.41979 0.39015	0.06198 0.39015	0.41246 0.41584
oolite_thargoid_diffuse.png	1.0 1.0	0.41979 0.39015	0.06198 0.38192	0.06198 0.39015
oolite_thargoid_diffuse.png	1.0 1.0	0.41979 0.38192	0.06198 0.38192	0.41979 0.39015
oolite_thargoid_diffuse.png	1.0 1.0	0.53255 0.74572	0.45700 0.75781	0.53255 0.72478
oolite_thargoid_diffuse.png	1.0 1.0	0.53255 0.74572	0.46118 0.91218	0.45700 0.75781
oolite_thargoid_diffuse.png	1.0 1.0	0.44315 0.75490	0.36696 0.73892	0.44315 0.71662
oolite_thargoid_diffuse.png	1.0 1.0	0.44315 0.75490	0.40436 0.84327	0.36696 0.73892
oolite_thargoid_diffuse.png	1.0 1.0	0.99568 0.58469	0.96446 0.58725	0.99568 0.62337
oolite_thargoid_diffuse.png	1.0 1.0	0.99568 0.58469	0.96446 0.50508	0.96446 0.57949
oolite_thargoid_diffuse.png	1.0 1.0	0.45700 0.75781	0.46118 0.91218	0.41630 0.85053
oolite_thargoid_diffuse.png	1.0 1.0	0.44993 0.75746	0.40436 0.84327	0.44315 0.75490
oolite_thargoid_diffuse.png	1.0 1.0	0.44993 0.75746	0.41078 0.84666	0.40436 0.84327
oolite_thargoid_diffuse.png	1.0 1.0	0.36696 0.73892	0.35327 0.73848	0.36696 0.73261
oolite_thargoid_diffuse.png	1.0 1.0	0.36696 0.73892	0.34036 0.79953	0.35327 0.73848
oolite_thargoid_diffuse.png	1.0 1.0	0.36696 0.73892	0.40436 0.84327	0.34036 0.79953
oolite_thargoid_diffuse.png	1.0 1.0	0.35327 0.73848	0.27169 0.82007	0.27169 0.65146
oolite_thargoid_diffuse.png	1.0 1.0	0.34036 0.79953	0.33039 0.79062	0.35327 0.73848
oolite_thargoid_diffuse.png	1.0 1.0	0.34036 0.79953	0.32382 0.79719	0.33039 0.79062
oolite_thargoid_diffuse.png	1.0 1.0	0.34036 0.79953	0.37647 0.87116	0.33273 0.80715
oolite_thargoid_diffuse.png	1.0 1.0	0.34036 0.79953	0.40436 0.84327	0.37647 0.87116
oolite_thargoid_diffuse.png	1.0 1.0	0.33273 0.80715	0.32382 0.79719	0.34036 0.79953
oolite_thargoid_diffuse.png	1.0 1.0	0.33273 0.80715	0.27169 0.82007	0.32382 0.79719
oolite_thargoid_diffuse.png	1.0 1.0	0.33039 0.79062	0.27169 0.82007	0.35327 0.73848
oolite_thargoid_diffuse.png	1.0 1.0	0.32382 0.79719	0.27169 0.82007	0.33039 0.79062
oolite_thargoid_diffuse.png	1.0 1.0	0.20520 0.80715	0.26625 0.82007	0.26581 0.83375
oolite_thargoid_diffuse.png	1.0 1.0	0.20520 0.80715	0.16146 0.87116	0.19757 0.79953
oolite_thargoid_diffuse.png	1.0 1.0	0.19757 0.79953	0.20755 0.79062	0.20520 0.80715
oolite_thargoid_diffuse.png	1.0 1.0	0.19757 0.79953	0.18466 0.73848	0.20755 0.79062
oolite_thargoid_diffuse.png	1.0 1.0	0.19757 0.79953	0.13357 0.84327	0.17097 0.73892
oolite_thargoid_diffuse.png	1.0 1.0	0.19757 0.79953	0.16146 0.87116	0.13357 0.84327
oolite_thargoid_diffuse.png	1.0 1.0	0.20755 0.79062	0.21411 0.79719	0.20520 0.80715
oolite_thargoid_diffuse.png	1.0 1.0	0.20755 0.79062	0.18466 0.73848	0.21411 0.79719
oolite_thargoid_diffuse.png	1.0 1.0	0.21411 0.79719	0.26625 0.82007	0.20520 0.80715
oolite_thargoid_diffuse.png	1.0 1.0	0.17097 0.73892	0.18466 0.73848	0.19757 0.79953
oolite_thargoid_diffuse.png	1.0 1.0	0.17097 0.73892	0.09478 0.75490	0.09478 0.71662
oolite_thargoid_diffuse.png	1.0 1.0	0.17097 0.73892	0.13357 0.84327	0.09478 0.75490
oolite_thargoid_diffuse.png	1.0 1.0	0.18466 0.73848	0.26625 0.82007	0.21411 0.79719
oolite_thargoid_diffuse.png	1.0 1.0	0.09478 0.75490	0.08804 0.75746	0.08804 0.71406
oolite_thargoid_diffuse.png	1.0 1.0	0.09478 0.75490	0.13357 0.84327	0.08804 0.75746
oolite_thargoid_diffuse.png	1.0 1.0	0.08081 0.75781	0.00526 0.74572	0.08081 0.71270
oolite_thargoid_diffuse.png	1.0 1.0	0.99568 0.12535	0.96446 0.20602	0.99568 0.21121
oolite_thargoid_diffuse.png	1.0 1.0	0.08081 0.75781	0.07663 0.91218	0.00526 0.74572
oolite_thargoid_diffuse.png	1.0 1.0	0.96446 0.13161	0.96446 0.20602	0.99568 0.12535
oolite_thargoid_diffuse.png	1.0 1.0	0.47270 0.44479	0.47780 0.41584	0.42708 0.44479
oolite_thargoid_diffuse.png	1.0 1.0	0.49304 0.44479	0.83009 0.41584	0.48687 0.41584
oolite_thargoid_diffuse.png	1.0 1.0	0.47780 0.41584	0.47968 0.39015	0.42125 0.41584
oolite_thargoid_diffuse.png	1.0 1.0	0.48687 0.41584	0.83742 0.39015	0.47968 0.39015
oolite_thargoid_diffuse.png	1.0 1.0	0.47968 0.39015	0.47968 0.38192	0.41979 0.39015
oolite_thargoid_diffuse.png	1.0 1.0	0.47968 0.39015	0.83742 0.38192	0.47968 0.38192
oolite_thargoid_diffuse.png	1.0 1.0	0.47968 0.38192	0.83742 0.38192	0.59075 0.02979
oolite_thargoid_diffuse.png	1.0 1.0	0.49610 0.46831	0.82420 0.44479	0.49304 0.44479
oolite_thargoid_diffuse.png	1.0 1.0	0.49610 0.46831	0.82025 0.46831	0.82420 0.44479
oolite_thargoid_diffuse.png	1.0 1.0	0.64549 0.67866	0.56141 0.78897	0.63815 0.78897
oolite_thargoid_diffuse.png	1.0 1.0	0.00256 0.02979	0.05646 0.00357	0.00701 0.00357
oolite_thargoid_diffuse.png	1.0 1.0	0.72680 0.02979	0.59593 0.00326	0.59075 0.02979
oolite_thargoid_diffuse.png	1.0 1.0	0.00256 0.02979	0.06198 0.38192	0.06198 0.02979
oolite_thargoid_diffuse.png	1.0 1.0	0.00256 0.02979	0.00256 0.38192	0.06198 0.38192
oolite_thargoid_diffuse.png	1.0 1.0	0.06198 0.02979	0.05646 0.00357	0.00256 0.02979
oolite_thargoid_diffuse.png	1.0 1.0	0.16672 0.02979	0.06198 0.38192	0.29849 0.02979
oolite_thargoid_diffuse.png	1.0 1.0	0.72161 0.00326	0.59593 0.00326	0.72680 0.02979
oolite_thargoid_diffuse.png	1.0 1.0	0.84806 0.25297	0.87565 0.16785	0.84806 0.16407
oolite_thargoid_diffuse.png	1.0 1.0	0.84806 0.25297	0.87565 0.24918	0.87565 0.16785
oolite_thargoid_diffuse.png	1.0 1.0	0.84806 0.28870	0.87565 0.25744	0.84806 0.25329
oolite_thargoid_diffuse.png	1.0 1.0	0.56106 0.67828	0.56141 0.78897	0.64549 0.67866
oolite_thargoid_diffuse.png	1.0 1.0	0.56106 0.67828	0.50861 0.86033	0.56141 0.78897
oolite_thargoid_diffuse.png	1.0 1.0	0.59075 0.02979	0.83742 0.38192	0.72680 0.02979
oolite_thargoid_diffuse.png	1.0 1.0	0.59075 0.02979	0.47968 0.38192	0.83742 0.38192
oolite_thargoid_diffuse.png	1.0 1.0	0.89235 0.17312	0.87565 0.24918	0.89235 0.24469
oolite_thargoid_diffuse.png	1.0 1.0	0.89235 0.15860	0.87565 0.13347	0.87565 0.16001
oolite_thargoid_diffuse.png	1.0 1.0	0.89235 0.15860	0.89235 0.13482	0.87565 0.13347
oolite_thargoid_diffuse.png	1.0 1.0	0.47483 0.00326	0.41979 0.02979	0.47968 0.02979
oolite_thargoid_diffuse.png	1.0 1.0	0.47483 0.00326	0.42272 0.00326	0.41979 0.02979
oolite_thargoid_diffuse.png	1.0 1.0	0.84806 0.16473	0.87565 0.13347	0.84806 0.12932
oolite_thargoid_diffuse.png	1.0 1.0	0.87565 0.16785	0.87565 0.24918	0.89235 0.17312
oolite_thargoid_diffuse.png	1.0 1.0	0.87565 0.16001	0.87565 0.13347	0.84806 0.16473
oolite_thargoid_diffuse.png	1.0 1.0	0.41979 0.02979	0.47968 0.38192	0.47968 0.02979
oolite_thargoid_diffuse.png	1.0 1.0	0.41979 0.02979	0.41979 0.38192	0.47968 0.38192
oolite_thargoid_diffuse.png	1.0 1.0	0.87565 0.04412	0.89235 0.12095	0.89235 0.04939
oolite_thargoid_diffuse.png	1.0 1.0	0.87565 0.04412	0.84806 0.04034	0.87565 0.12545
oolite_thargoid_diffuse.png	1.0 1.0	0.29277 0.00357	0.16672 0.02979	0.29849 0.02979
oolite_thargoid_diffuse.png	1.0 1.0	0.29277 0.00357	0.17151 0.00357	0.16672 0.02979
oolite_thargoid_diffuse.png	1.0 1.0	0.87565 0.12545	0.89235 0.12095	0.87565 0.04412
oolite_thargoid_diffuse.png	1.0 1.0	0.87565 0.12545	0.84806 0.04034	0.84806 0.12923
oolite_thargoid_diffuse.png	1.0 1.0	0.72680 0.02979	0.72161 0.00326	0.59593 0.00326
oolite_thargoid_diffuse.png	1.0 1.0	0.00256 0.02979	0.05646 0.00357	0.00701 0.00357
oolite_thargoid_diffuse.png	1.0 1.0	0.00256 0.02979	0.06198 0.38192	0.06198 0.02979
oolite_thargoid_diffuse.png	1.0 1.0	0.00256 0.02979	0.00256 0.38192	0.06198 0.38192
oolite_thargoid_diffuse.png	1.0 1.0	0.06198 0.02979	0.05646 0.00357	0.00256 0.02979
oolite_thargoid_diffuse.png	1.0 1.0	0.16672 0.02979	0.06198 0.38192	0.29849 0.02979
oolite_thargoid_diffuse.png	1.0 1.0	0.84806 0.00485	0.84806 0.04025	0.87565 0.00899
oolite_thargoid_diffuse.png	1.0 1.0	0.63412 0.87390	0.56625 0.80261	0.56625 0.87390
oolite_thargoid_diffuse.png	1.0 1.0	0.63412 0.87390	0.65971 0.99840	0.68167 0.92434
oolite_thargoid_diffuse.png	1.0 1.0	0.63412 0.87390	0.63412 0.80266	0.56625 0.80261
oolite_thargoid_diffuse.png	1.0 1.0	0.63412 0.87390	0.65971 0.99840	0.68167 0.92434
oolite_thargoid_diffuse.png	1.0 1.0	0.63815 0.78897	0.68700 0.86396	0.64549 0.67866
oolite_thargoid_diffuse.png	1.0 1.0	0.63412 0.80266	0.67457 0.87217	0.63815 0.78897
oolite_thargoid_diffuse.png	1.0 1.0	0.66277 0.87217	0.67457 0.87217	0.63412 0.80266
oolite_thargoid_diffuse.png	1.0 1.0	0.37647 0.87116	0.27212 0.83375	0.33273 0.80715
oolite_thargoid_diffuse.png	1.0 1.0	0.37647 0.87116	0.28811 0.90994	0.27212 0.83375
oolite_thargoid_diffuse.png	1.0 1.0	0.37647 0.87116	0.29068 0.91671	0.28811 0.90994
oolite_thargoid_diffuse.png	1.0 1.0	0.40436 0.84327	0.37988 0.87756	0.37647 0.87116
oolite_thargoid_diffuse.png	1.0 1.0	0.40436 0.84327	0.41078 0.84666	0.37988 0.87756
oolite_thargoid_diffuse.png	1.0 1.0	0.99568 0.46022	0.99568 0.37436	0.96446 0.45503
oolite_thargoid_diffuse.png	1.0 1.0	0.96446 0.46278	0.99568 0.49890	0.99568 0.46022
oolite_thargoid_diffuse.png	1.0 1.0	0.96446 0.46278	0.96446 0.49616	0.99568 0.49890
oolite_thargoid_diffuse.png	1.0 1.0	0.37988 0.87756	0.29068 0.91671	0.37647 0.87116
oolite_thargoid_diffuse.png	1.0 1.0	0.99568 0.49883	0.96446 0.50508	0.99568 0.58469
oolite_thargoid_diffuse.png	1.0 1.0	0.41630 0.85053	0.46118 0.91218	0.38419 0.88265
oolite_thargoid_diffuse.png	1.0 1.0	0.27212 0.83375	0.27169 0.82007	0.33273 0.80715
oolite_thargoid_diffuse.png	1.0 1.0	0.27212 0.83375	0.26625 0.82007	0.27169 0.82007
oolite_thargoid_diffuse.png	1.0 1.0	0.27212 0.83375	0.24983 0.90994	0.26581 0.83375
oolite_thargoid_diffuse.png	1.0 1.0	0.27169 0.82007	0.26625 0.82007	0.26625 0.65146
oolite_thargoid_diffuse.png	1.0 1.0	0.26581 0.83375	0.26625 0.82007	0.27212 0.83375
oolite_thargoid_diffuse.png	1.0 1.0	0.26581 0.83375	0.16146 0.87116	0.20520 0.80715
oolite_thargoid_diffuse.png	1.0 1.0	0.26581 0.83375	0.24983 0.90994	0.16146 0.87116
oolite_thargoid_diffuse.png	1.0 1.0	0.13357 0.84327	0.12719 0.84666	0.08804 0.75746
oolite_thargoid_diffuse.png	1.0 1.0	0.16146 0.87116	0.12719 0.84666	0.13357 0.84327
oolite_thargoid_diffuse.png	1.0 1.0	0.16146 0.87116	0.15808 0.87756	0.12719 0.84666
oolite_thargoid_diffuse.png	1.0 1.0	0.16146 0.87116	0.24729 0.91671	0.15808 0.87756
oolite_thargoid_diffuse.png	1.0 1.0	0.12151 0.85053	0.07663 0.91218	0.08081 0.75781
oolite_thargoid_diffuse.png	1.0 1.0	0.96446 0.21377	0.99568 0.24989	0.99568 0.21121
oolite_thargoid_diffuse.png	1.0 1.0	0.96446 0.21377	0.96446 0.24714	0.99568 0.24989
oolite_thargoid_diffuse.png	1.0 1.0	0.15362 0.88265	0.07663 0.91218	0.12151 0.85053
oolite_thargoid_diffuse.png	1.0 1.0	0.96446 0.25604	0.99568 0.33564	0.99568 0.24978
oolite_thargoid_diffuse.png	1.0 1.0	0.96446 0.25604	0.96446 0.33045	0.99568 0.33564
oolite_thargoid_diffuse.png	1.0 1.0	0.63815 0.78897	0.56625 0.80261	0.63412 0.80266
oolite_thargoid_diffuse.png	1.0 1.0	0.63815 0.78897	0.56141 0.78897	0.56625 0.80261
oolite_thargoid_diffuse.png	1.0 1.0	0.63815 0.78897	0.68700 0.86396	0.64549 0.67866
oolite_thargoid_diffuse.png	1.0 1.0	0.63412 0.80266	0.56625 0.80261	0.63412 0.87390
oolite_thargoid_diffuse.png	1.0 1.0	0.63412 0.80266	0.67457 0.87217	0.63815 0.78897
oolite_thargoid_diffuse.png	1.0 1.0	0.51773 0.92434	0.53705 0.99840	0.56625 0.87390
oolite_thargoid_diffuse.png	1.0 1.0	0.56625 0.80261	0.52903 0.87217	0.53861 0.87217
oolite_thargoid_diffuse.png	1.0 1.0	0.56141 0.78897	0.52903 0.87217	0.56625 0.80261
oolite_thargoid_diffuse.png	1.0 1.0	0.66277 0.87217	0.67457 0.87217	0.63412 0.80266
oolite_thargoid_diffuse.png	1.0 1.0	0.07541 0.44479	0.07847 0.46831	0.40262 0.46831
oolite_thargoid_diffuse.png	1.0 1.0	0.05547 0.44479	0.01294 0.46831	0.05257 0.46831
oolite_thargoid_diffuse.png	1.0 1.0	0.06058 0.41584	0.00985 0.44479	0.05547 0.44479
oolite_thargoid_diffuse.png	1.0 1.0	0.06058 0.41584	0.00403 0.41584	0.00985 0.44479
oolite_thargoid_diffuse.png	1.0 1.0	0.06198 0.39015	0.00403 0.41584	0.06058 0.41584
oolite_thargoid_diffuse.png	1.0 1.0	0.06198 0.39015	0.00256 0.39015	0.00403 0.41584
oolite_thargoid_diffuse.png	1.0 1.0	0.06198 0.38192	0.00256 0.39015	0.06198 0.39015
oolite_thargoid_diffuse.png	1.0 1.0	0.06198 0.38192	0.00256 0.38192	0.00256 0.39015
oolite_thargoid_diffuse.png	1.0 1.0	0.00985 0.44479	0.01294 0.46831	0.05547 0.44479
oolite_thargoid_diffuse.png	1.0 1.0	0.82420 0.44479	0.49610 0.46831	0.82025 0.46831
oolite_thargoid_diffuse.png	1.0 1.0	0.83009 0.41584	0.49304 0.44479	0.82420 0.44479
oolite_thargoid_diffuse.png	1.0 1.0	0.83009 0.41584	0.48687 0.41584	0.49304 0.44479
oolite_thargoid_diffuse.png	1.0 1.0	0.83742 0.39015	0.48687 0.41584	0.83009 0.41584
oolite_thargoid_diffuse.png	1.0 1.0	0.83742 0.39015	0.47968 0.39015	0.48687 0.41584
oolite_thargoid_diffuse.png	1.0 1.0	0.83742 0.38192	0.47968 0.39015	0.83742 0.39015
oolite_thargoid_diffuse.png	1.0 1.0	0.83742 0.38192	0.47968 0.38192	0.47968 0.39015
oolite_thargoid_diffuse.png	1.0 1.0	0.46118 0.91218	0.44583 0.92753	0.38419 0.88265
oolite_thargoid_diffuse.png	1.0 1.0	0.44583 0.92753	0.29146 0.92335	0.38419 0.88265
oolite_thargoid_diffuse.png	1.0 1.0	0.44583 0.92753	0.27937 0.99889	0.29146 0.92335
oolite_thargoid_diffuse.png	1.0 1.0	0.28811 0.90994	0.24983 0.90994	0.27212 0.83375
oolite_thargoid_diffuse.png	1.0 1.0	0.28811 0.90994	0.24729 0.91671	0.24983 0.90994
oolite_thargoid_diffuse.png	1.0 1.0	0.99568 0.37436	0.96446 0.38062	0.96446 0.45503
oolite_thargoid_diffuse.png	1.0 1.0	0.99568 0.37432	0.96446 0.33820	0.96446 0.37157
oolite_thargoid_diffuse.png	1.0 1.0	0.29146 0.92335	0.27937 0.99889	0.24635 0.92335
oolite_thargoid_diffuse.png	1.0 1.0	0.29068 0.91671	0.24729 0.91671	0.28811 0.90994
oolite_thargoid_diffuse.png	1.0 1.0	0.24983 0.90994	0.24729 0.91671	0.16146 0.87116
oolite_thargoid_diffuse.png	1.0 1.0	0.99568 0.33564	0.96446 0.33820	0.99568 0.37432
oolite_thargoid_diffuse.png	1.0 1.0	0.24635 0.92335	0.09198 0.92753	0.15362 0.88265
oolite_thargoid_diffuse.png	1.0 1.0	0.24635 0.92335	0.25844 0.99889	0.09198 0.92753
oolite_thargoid_diffuse.png	1.0 1.0	0.05547 0.44479	0.01294 0.46831	0.05257 0.46831
oolite_thargoid_diffuse.png	1.0 1.0	0.07541 0.44479	0.40657 0.44479	0.06924 0.41584
oolite_thargoid_diffuse.png	1.0 1.0	0.07541 0.44479	0.40262 0.46831	0.40657 0.44479
oolite_thargoid_diffuse.png	1.0 1.0	0.06058 0.41584	0.00985 0.44479	0.05547 0.44479
oolite_thargoid_diffuse.png	1.0 1.0	0.06058 0.41584	0.00403 0.41584	0.00985 0.44479
oolite_thargoid_diffuse.png	1.0 1.0	0.06924 0.41584	0.41246 0.41584	0.06198 0.39015
oolite_thargoid_diffuse.png	1.0 1.0	0.06198 0.39015	0.00403 0.41584	0.06058 0.41584
oolite_thargoid_diffuse.png	1.0 1.0	0.06198 0.39015	0.00256 0.39015	0.00403 0.41584
oolite_thargoid_diffuse.png	1.0 1.0	0.06198 0.39015	0.41979 0.39015	0.06198 0.38192
oolite_thargoid_diffuse.png	1.0 1.0	0.06198 0.38192	0.00256 0.39015	0.06198 0.39015
oolite_thargoid_diffuse.png	1.0 1.0	0.06198 0.38192	0.00256 0.38192	0.00256 0.39015
oolite_thargoid_diffuse.png	1.0 1.0	0.06198 0.38192	0.41979 0.38192	0.29849 0.02979
oolite_thargoid_diffuse.png	1.0 1.0	0.82420 0.44479	0.83009 0.41584	0.49304 0.44479
oolite_thargoid_diffuse.png	1.0 1.0	0.00985 0.44479	0.01294 0.46831	0.05547 0.44479
oolite_thargoid_diffuse.png	1.0 1.0	0.83009 0.41584	0.83742 0.39015	0.48687 0.41584
oolite_thargoid_diffuse.png	1.0 1.0	0.83742 0.39015	0.83742 0.38192	0.47968 0.39015
oolite_thargoid_diffuse.png	1.0 1.0	0.09198 0.92753	0.07663 0.91218	0.15362 0.88265
oolite_thargoid_diffuse.png	1.0 1.0	0.07847 0.46831	0.40262 0.46831	0.07541 0.44479
oolite_thargoid_diffuse.png	1.0 1.0	0.49304 0.44479	0.49610 0.46831	0.82420 0.44479
oolite_thargoid_diffuse.png	1.0 1.0	0.47270 0.44479	0.43017 0.46831	0.46980 0.46831
oolite_thargoid_diffuse.png	1.0 1.0	0.47780 0.41584	0.42708 0.44479	0.47270 0.44479
oolite_thargoid_diffuse.png	1.0 1.0	0.47780 0.41584	0.42125 0.41584	0.42708 0.44479
oolite_thargoid_diffuse.png	1.0 1.0	0.47968 0.39015	0.42125 0.41584	0.47780 0.41584
oolite_thargoid_diffuse.png	1.0 1.0	0.47968 0.39015	0.41979 0.39015	0.42125 0.41584
oolite_thargoid_diffuse.png	1.0 1.0	0.47968 0.38192	0.41979 0.39015	0.47968 0.39015
oolite_thargoid_diffuse.png	1.0 1.0	0.47968 0.38192	0.41979 0.38192	0.41979 0.39015
oolite_thargoid_diffuse.png	1.0 1.0	0.27937 0.99889	0.25844 0.99889	0.24635 0.92335
oolite_thargoid_diffuse.png	1.0 1.0	0.40657 0.44479	0.41246 0.41584	0.06924 0.41584
oolite_thargoid_diffuse.png	1.0 1.0	0.42708 0.44479	0.43017 0.46831	0.47270 0.44479
oolite_thargoid_diffuse.png	1.0 1.0	0.41246 0.41584	0.41979 0.39015	0.06198 0.39015
oolite_thargoid_diffuse.png	1.0 1.0	0.41979 0.39015	0.41979 0.38192	0.06198 0.38192

END
