// output from Obj2DatTex.py Wavefront text file conversion script
// (c) 2005 By Giles Williams
// 
// original file: "barrel_final.obj"
// 
// model size: 9.600 x 5.779 x 5.593
// 
// textures used: ['oolite_barrel2_diffuse.png']
// 
NVERTS 30
NFACES 56

VERTEX
4.80024, -2.58743, -0.67216
4.80024, -1.54782, 2.44665
4.80024, 0.00000, -2.56960
4.80024, 1.54782, 2.44665
4.80024, 2.58743, -0.67216
4.45024, -2.88947, -0.47149
4.45024, -2.71791, -1.01051
4.45024, -1.91077, 2.46461
4.45024, -1.45009, 2.79666
4.45024, -0.28224, -2.79666
4.45024, 0.28224, -2.79666
4.45024, 1.45009, 2.79666
4.45024, 1.91077, 2.46461
4.45024, 2.71791, -1.01051
4.45024, 2.88947, -0.47149
-4.45024, -2.88947, -0.47149
-4.45024, -2.71791, -1.01051
-4.45024, -1.91077, 2.46461
-4.45024, -1.45009, 2.79666
-4.45024, -0.28224, -2.79666
-4.45024, 0.28224, -2.79666
-4.45024, 1.45009, 2.79666
-4.45024, 1.91077, 2.46461
-4.45024, 2.71791, -1.01051
-4.45024, 2.88947, -0.47149
-4.80024, -2.58743, -0.67216
-4.80024, -1.54782, 2.44665
-4.80024, 0.00000, -2.56960
-4.80024, 1.54782, 2.44665
-4.80024, 2.58743, -0.67216

FACES
128,127,127,	0.70711,-0.67082,0.22361,	3,	0,7,1
128,127,127,	0.70711,-0.41815,-0.57021,	3,	2,6,0
128,127,127,	1.00000,0.00000,0.00000,	3,	3,4,1
128,127,127,	0.54406,0.79952,-0.25447,	3,	4,14,13
128,127,127,	-0.00000,-0.94868,0.31623,	3,	5,15,7
128,127,127,	-0.00000,-0.59136,-0.80641,	3,	6,19,16
128,127,127,	0.70712,-0.00000,0.70710,	3,	8,11,1
128,127,127,	0.00000,-0.00000,-1.00000,	3,	10,19,9
128,127,127,	0.54380,0.49071,0.68080,	3,	11,12,3
128,127,127,	-0.00000,0.59136,-0.80641,	3,	13,23,10
128,127,127,	-0.54406,-0.79952,-0.25447,	3,	16,25,15
128,127,127,	-0.00000,-0.58472,0.81123,	3,	17,18,7
128,127,127,	-0.00000,-0.00000,1.00000,	3,	18,21,11
128,127,127,	-0.54425,-0.00000,-0.83893,	3,	20,27,19
128,127,127,	-0.54380,0.49071,0.68080,	3,	21,28,22
128,127,127,	-0.00000,0.94868,0.31623,	3,	22,24,14
128,127,127,	-0.70711,0.41815,-0.57021,	3,	23,29,27
128,127,127,	-0.70711,-0.67082,0.22361,	3,	25,26,17
128,127,127,	-1.00000,0.00000,0.00000,	3,	26,29,28
129,127,127,	1.00000,0.00000,0.00000,	3,	1,4,0
129,127,127,	0.70712,-0.00000,0.70710,	3,	1,11,3
129,127,127,	0.54425,-0.00000,-0.83893,	3,	2,10,9
129,127,127,	0.70711,0.67082,0.22361,	3,	3,12,4
129,127,127,	0.70711,0.41815,-0.57021,	3,	4,13,2
129,127,127,	0.70711,-0.67082,0.22361,	3,	5,7,0
129,127,127,	0.00000,-0.95290,-0.30329,	3,	6,15,5
129,127,127,	0.54380,-0.49071,0.68080,	3,	7,8,1
129,127,127,	-0.00000,-0.00000,1.00000,	3,	8,18,11
129,127,127,	-0.00000,-0.59136,-0.80641,	3,	9,19,6
129,127,127,	-0.00000,0.59136,-0.80641,	3,	10,23,20
129,127,127,	0.00000,0.94868,0.31623,	3,	12,22,14
129,127,127,	-0.00000,0.95290,-0.30329,	3,	14,24,23
129,127,127,	-0.00000,-0.94868,0.31623,	3,	15,17,7
129,127,127,	-0.54380,-0.49071,0.68080,	3,	17,26,18
129,127,127,	-0.70712,-0.41815,-0.57021,	3,	19,27,16
129,127,127,	-0.00000,0.58472,0.81123,	3,	21,22,11
129,127,127,	-0.70711,0.67082,0.22361,	3,	22,29,24
129,127,127,	-1.00000,-0.00000,0.00000,	3,	25,29,26
129,127,127,	-0.70712,-0.00000,0.70710,	3,	26,28,21
130,127,127,	1.00000,-0.00000,0.00000,	3,	0,4,2
130,127,127,	0.54406,-0.79952,-0.25447,	3,	0,6,5
130,127,127,	0.70712,-0.41815,-0.57021,	3,	2,9,6
130,127,127,	0.70712,0.41815,-0.57021,	3,	2,13,10
130,127,127,	-0.00000,-0.95290,-0.30329,	3,	6,16,15
130,127,127,	-0.00000,-0.58472,0.81123,	3,	7,18,8
130,127,127,	-0.00000,-0.00000,-1.00000,	3,	10,20,19
130,127,127,	-0.00000,0.58472,0.81123,	3,	11,22,12
130,127,127,	0.70711,0.67082,0.22361,	3,	12,14,4
130,127,127,	-0.00000,0.95290,-0.30329,	3,	14,23,13
130,127,127,	-0.70711,-0.67082,0.22361,	3,	15,25,17
130,127,127,	-0.70712,-0.00000,0.70710,	3,	18,26,21
130,127,127,	-0.70712,0.41815,-0.57021,	3,	23,27,20
130,127,127,	-0.54406,0.79952,-0.25447,	3,	24,29,23
130,127,127,	-1.00000,-0.00000,0.00000,	3,	27,29,25
130,127,127,	-0.70711,0.67082,0.22361,	3,	28,29,22
131,127,127,	-0.70711,-0.41815,-0.57021,	3,	16,27,25

TEXTURES
oolite_barrel2_diffuse.png	1.0 1.0	0.77182 0.54943	0.59628 0.52201	0.59103 0.54943
oolite_barrel2_diffuse.png	1.0 1.0	0.96846 0.54943	0.79794 0.52201	0.79201 0.54943
oolite_barrel2_diffuse.png	1.0 1.0	0.81547 0.92399	0.87264 0.75248	0.64523 0.92399
oolite_barrel2_diffuse.png	1.0 1.0	0.18905 0.54582	0.20526 0.52201	0.17415 0.52201
oolite_barrel2_diffuse.png	1.0 1.0	0.76684 0.52201	0.76684 0.03377	0.59628 0.52201
oolite_barrel2_diffuse.png	1.0 1.0	0.79794 0.52201	0.96418 0.03377	0.79794 0.03377
oolite_barrel2_diffuse.png	1.0 1.0	0.56532 0.52201	0.40632 0.52201	0.57069 0.54943
oolite_barrel2_diffuse.png	1.0 1.0	0.99523 0.52201	0.96418 0.03377	0.96418 0.52201
oolite_barrel2_diffuse.png	1.0 1.0	0.40632 0.52201	0.37474 0.52201	0.39071 0.54582
oolite_barrel2_diffuse.png	1.0 1.0	0.17415 0.52201	0.17415 0.03377	0.00838 0.52201
oolite_barrel2_diffuse.png	1.0 1.0	0.79794 0.03377	0.78211 0.00997	0.76684 0.03377
oolite_barrel2_diffuse.png	1.0 1.0	0.59628 0.03377	0.56532 0.03377	0.59628 0.52201
oolite_barrel2_diffuse.png	1.0 1.0	0.56532 0.03377	0.40632 0.03377	0.40632 0.52201
oolite_barrel2_diffuse.png	1.0 1.0	0.99523 0.03377	0.97947 0.00997	0.96418 0.03377
oolite_barrel2_diffuse.png	1.0 1.0	0.40632 0.03377	0.39071 0.00997	0.37474 0.03377
oolite_barrel2_diffuse.png	1.0 1.0	0.37474 0.03377	0.20526 0.03377	0.20526 0.52201
oolite_barrel2_diffuse.png	1.0 1.0	0.17415 0.03377	0.17985 0.00636	0.00340 0.00636
oolite_barrel2_diffuse.png	1.0 1.0	0.77182 0.00636	0.59103 0.00636	0.59628 0.03377
oolite_barrel2_diffuse.png	1.0 1.0	0.24015 0.64815	0.46756 0.81967	0.41039 0.64815
oolite_barrel2_diffuse.png	1.0 1.0	0.64523 0.92399	0.87264 0.75248	0.58806 0.75248
oolite_barrel2_diffuse.png	1.0 1.0	0.57069 0.54943	0.40632 0.52201	0.40045 0.54943
oolite_barrel2_diffuse.png	1.0 1.0	0.97947 0.54582	0.99523 0.52201	0.96418 0.52201
oolite_barrel2_diffuse.png	1.0 1.0	0.37862 0.54943	0.37474 0.52201	0.19783 0.54943
oolite_barrel2_diffuse.png	1.0 1.0	0.17985 0.54943	0.17415 0.52201	0.00340 0.54943
oolite_barrel2_diffuse.png	1.0 1.0	0.76684 0.52201	0.59628 0.52201	0.77182 0.54943
oolite_barrel2_diffuse.png	1.0 1.0	0.79794 0.52201	0.76684 0.03377	0.76684 0.52201
oolite_barrel2_diffuse.png	1.0 1.0	0.59628 0.52201	0.56532 0.52201	0.58064 0.54582
oolite_barrel2_diffuse.png	1.0 1.0	0.56532 0.52201	0.56532 0.03377	0.40632 0.52201
oolite_barrel2_diffuse.png	1.0 1.0	0.96418 0.52201	0.96418 0.03377	0.79794 0.52201
oolite_barrel2_diffuse.png	1.0 1.0	0.00838 0.52201	0.17415 0.03377	0.00838 0.03377
oolite_barrel2_diffuse.png	1.0 1.0	0.37474 0.52201	0.37474 0.03377	0.20526 0.52201
oolite_barrel2_diffuse.png	1.0 1.0	0.20526 0.52201	0.20526 0.03377	0.17415 0.03377
oolite_barrel2_diffuse.png	1.0 1.0	0.76684 0.03377	0.59628 0.03377	0.59628 0.52201
oolite_barrel2_diffuse.png	1.0 1.0	0.59628 0.03377	0.58064 0.00997	0.56532 0.03377
oolite_barrel2_diffuse.png	1.0 1.0	0.96418 0.03377	0.96846 0.00636	0.79794 0.03377
oolite_barrel2_diffuse.png	1.0 1.0	0.40632 0.03377	0.37474 0.03377	0.40632 0.52201
oolite_barrel2_diffuse.png	1.0 1.0	0.37474 0.03377	0.19783 0.00636	0.20526 0.03377
oolite_barrel2_diffuse.png	1.0 1.0	0.18298 0.81967	0.46756 0.81967	0.24015 0.64815
oolite_barrel2_diffuse.png	1.0 1.0	0.57069 0.00636	0.40045 0.00636	0.40632 0.03377
oolite_barrel2_diffuse.png	1.0 1.0	0.58806 0.75248	0.87264 0.75248	0.73035 0.64813
oolite_barrel2_diffuse.png	1.0 1.0	0.78211 0.54582	0.79794 0.52201	0.76684 0.52201
oolite_barrel2_diffuse.png	1.0 1.0	0.96846 0.54943	0.96418 0.52201	0.79794 0.52201
oolite_barrel2_diffuse.png	1.0 1.0	0.00340 0.54943	0.17415 0.52201	0.00838 0.52201
oolite_barrel2_diffuse.png	1.0 1.0	0.79794 0.52201	0.79794 0.03377	0.76684 0.03377
oolite_barrel2_diffuse.png	1.0 1.0	0.59628 0.52201	0.56532 0.03377	0.56532 0.52201
oolite_barrel2_diffuse.png	1.0 1.0	0.99523 0.52201	0.99523 0.03377	0.96418 0.03377
oolite_barrel2_diffuse.png	1.0 1.0	0.40632 0.52201	0.37474 0.03377	0.37474 0.52201
oolite_barrel2_diffuse.png	1.0 1.0	0.37474 0.52201	0.20526 0.52201	0.19783 0.54943
oolite_barrel2_diffuse.png	1.0 1.0	0.20526 0.52201	0.17415 0.03377	0.17415 0.52201
oolite_barrel2_diffuse.png	1.0 1.0	0.76684 0.03377	0.77182 0.00636	0.59628 0.03377
oolite_barrel2_diffuse.png	1.0 1.0	0.56532 0.03377	0.57069 0.00636	0.40632 0.03377
oolite_barrel2_diffuse.png	1.0 1.0	0.17415 0.03377	0.00340 0.00636	0.00838 0.03377
oolite_barrel2_diffuse.png	1.0 1.0	0.20526 0.03377	0.18905 0.00997	0.17415 0.03377
oolite_barrel2_diffuse.png	1.0 1.0	0.32527 0.92402	0.46756 0.81967	0.18298 0.81967
oolite_barrel2_diffuse.png	1.0 1.0	0.37862 0.00636	0.19783 0.00636	0.37474 0.03377
oolite_barrel2_diffuse.png	1.0 1.0	0.79794 0.03377	0.96846 0.00636	0.79201 0.00636

END
