// output from Obj2DatTex.py Wavefront text file conversion script
// (c) 2005 By Giles Williams
// 
// original file: "viper.obj"
// 
// model size: 50.000 x 18.136 x 57.922
// 
// textures used: ['oolite_viper_diffuse.png']
// 
NVERTS 284
NFACES 423

VERTEX
25.00000, -0.24153, -24.57450
25.00000, 0.36505, -24.57450
23.02050, -0.24153, -23.37520
23.02050, -0.24153, -24.57450
23.02050, 0.36505, -23.37520
23.02050, 0.36505, -24.57450
16.76600, -0.24153, -5.77618
16.76600, 0.36505, -5.77618
16.67160, -1.88221, -23.37520
16.67160, 1.81437, -23.37520
14.40170, 6.53120, -24.57450
13.79940, 5.25014, -23.37520
13.62420, -5.23980, -23.37520
13.37050, 6.53120, -23.37520
13.37050, 6.53120, -24.57450
13.10270, 7.28695, -24.57450
12.50000, -8.32387, -24.57450
12.18780, -7.17447, -23.37520
12.18780, -7.17447, -24.57450
12.18780, 7.58946, -24.57450
9.50403, -5.23980, -23.37520
9.32878, 5.25014, -23.37520
6.27127, -1.88221, -23.37520
6.27127, 1.81437, -23.37520
5.80010, -3.12013, -23.37520
5.80010, -0.97386, -24.57450
5.80010, 6.53120, -23.37520
5.80010, 6.53120, -24.57450
3.89314, 2.66145, -24.57450
3.89314, 7.28695, -22.10430
3.89314, 7.28695, -24.57450
3.65163, 3.83471, -25.26000
3.65163, 7.28695, -25.26000
3.65163, 8.18201, -23.05000
3.65163, 8.18201, -24.57450
2.76905, 3.83471, -25.26000
2.76905, 7.28695, -25.26000
2.76905, 8.18201, -23.05000
2.76905, 8.18201, -24.57450
2.54279, 2.66145, -24.57450
2.54279, 7.28695, -22.10430
2.54279, 7.28695, -24.57450
2.43019, 7.58946, -14.05800
2.43019, 7.58946, -15.21990
2.43019, 7.58946, -16.96270
2.43019, 7.58946, -24.57110
2.20859, -1.47284, -23.96510
2.20859, -0.97233, -23.46460
2.20859, -0.97233, -24.47250
2.20859, -0.47182, -23.96510
2.19327, -7.17447, -22.79250
2.19327, -7.17447, -23.37520
2.19327, -3.12013, -23.37520
2.19327, -0.97386, -24.57450
2.19327, 0.75541, -22.79250
2.19327, 0.75541, -24.57450
1.99337, 7.58946, -15.21990
1.99337, 7.58946, -16.96270
1.91730, -8.79061, -24.57450
1.91730, -8.32387, -24.57450
1.91730, -7.17447, -24.57450
1.84955, -8.79061, -5.77618
1.84955, -8.32387, -5.77618
1.84955, -7.93248, -4.33645
1.75948, 7.58946, -14.05800
1.75665, 7.58946, -6.69062
1.75630, 7.28695, -5.77618
1.74618, 8.54463, -4.72005
1.74618, 8.54463, -14.05800
1.71848, 7.01425, -4.33645
1.64846, 6.24016, -0.31986
1.54642, -3.70121, 14.84460
1.54098, 9.34572, -14.05800
1.54098, 9.34572, -15.21990
1.54098, 9.34572, -16.96270
1.54098, 9.34572, -24.57110
1.48556, 4.65897, 7.88464
1.40812, 7.14074, 0.19762
1.38029, 9.03076, -14.05800
1.38029, 9.03076, -15.21990
1.38029, 9.03076, -16.96270
1.38029, 9.03656, -4.85168
1.29155, 5.01112, 7.70053
1.27208, 4.57713, 8.11175
1.25653, 6.89944, 0.05830
1.25653, 8.54463, -4.72005
1.25653, 8.55321, -2.86370
1.22363, -7.43401, -4.33645
1.18917, 4.72762, 8.03307
1.05703, 8.76513, -2.70602
1.05556, 8.75865, -4.77670
1.05501, 7.25670, 0.26456
1.04782, 8.75826, -4.77659
1.04526, 7.08902, 0.16775
1.02962, -3.67901, 13.01150
0.94791, 5.19175, 7.60428
0.91121, 4.87360, 7.95494
0.85452, -7.71729, -22.79250
0.85452, -7.71729, -24.57450
0.85452, -7.71729, -25.21370
0.85452, -4.72647, -25.21370
0.85452, -3.23106, -22.79250
0.72048, -0.15856, 32.66250
0.72048, -0.15856, 32.31420
0.69079, -2.17825, 29.37620
0.69079, -2.17825, 26.75070
0.69079, -2.17825, 24.58630
0.69079, -2.17825, 21.46220
0.69079, -1.38526, 24.58630
0.69079, -0.88223, 26.75070
0.69079, -0.36754, 29.37620
0.65387, -0.24153, 30.16500
0.65387, 0.36505, 30.16500
0.46071, -2.08294, 26.75070
0.46071, -2.08294, 24.58630
0.44176, -1.38526, 24.58630
0.44176, -0.88223, 26.75070
0.36049, -2.17278, 32.66250
0.36049, -2.17278, 32.31420
0.36049, -0.78209, 32.66250
0.36049, -0.78209, 32.31420
0.36049, 0.46496, 32.66250
0.36049, 0.46496, 32.31420
0.32437, -2.54467, 29.37620
0.32437, -2.54467, 26.75070
0.32437, -2.54467, 24.58630
0.32437, -2.54467, 19.59260
0.22907, -2.31459, 26.75070
0.22907, -2.31459, 24.58630
0.19656, -2.26039, 32.56030
0.19656, -2.26039, 32.41640
0.17780, -2.03168, 29.75300
0.17780, -1.33304, 32.31420
0.17780, -1.33304, 30.37460
0.17780, -0.59763, 32.31420
0.17780, -0.35350, 29.75300
-0.17980, -2.26039, 32.56030
-0.17980, -2.26039, 32.41640
-0.18990, -2.03168, 29.75300
-0.18990, -1.33304, 32.31420
-0.18990, -1.33304, 30.37460
-0.18990, -0.59763, 32.31420
-0.18990, -0.35350, 29.75300
-0.24117, -2.31459, 26.75070
-0.24117, -2.31459, 24.58630
-0.33647, -2.54467, 29.37620
-0.33647, -2.54467, 26.75070
-0.33647, -2.54467, 24.58630
-0.33647, -2.54467, 19.59260
-0.35950, -2.17278, 32.66250
-0.35950, -2.17278, 32.31420
-0.35950, -0.78209, 32.66250
-0.35950, -0.78209, 32.31420
-0.35950, 0.46496, 32.66250
-0.35950, 0.46496, 32.31420
-0.45386, -1.38526, 24.58630
-0.45386, -0.88223, 26.75070
-0.47282, -2.08294, 26.75070
-0.47282, -2.08294, 24.58630
-0.61881, -0.24153, 30.16500
-0.61881, 0.36505, 30.16500
-0.70290, -2.17825, 29.37620
-0.70290, -2.17825, 26.75070
-0.70290, -2.17825, 24.58630
-0.70290, -2.17825, 21.46220
-0.70290, -1.38526, 24.58630
-0.70290, -0.88223, 26.75070
-0.70290, -0.36754, 29.37620
-0.70359, -1.58340, 28.55150
-0.70359, -1.44952, 28.96360
-0.70359, -1.23289, 28.29690
-0.70359, -1.01626, 28.96360
-0.70359, -0.88238, 28.55150
-0.71949, -0.15856, 32.66250
-0.71949, -0.15856, 32.31420
-0.85452, -7.71729, -22.79250
-0.85452, -7.71729, -24.57450
-0.85452, -7.71729, -25.21370
-0.85452, -4.72647, -25.21370
-0.85452, -3.23106, -22.79250
-0.91105, 4.87360, 7.95494
-0.94791, 5.19175, 7.60428
-1.01851, -1.58340, 28.55150
-1.01851, -1.44952, 28.96360
-1.01851, -1.23289, 28.29690
-1.01851, -1.01626, 28.96360
-1.01851, -0.88238, 28.55150
-1.02962, -3.67901, 13.01150
-1.04473, 7.08909, 0.16779
-1.04782, 8.75826, -4.77659
-1.04914, 8.76479, -2.70588
-1.05501, 7.25670, 0.26456
-1.18675, 4.72806, 8.03284
-1.22363, -7.43401, -4.33645
-1.26797, 4.57713, 8.11175
-1.28977, 5.01112, 7.70053
-1.30535, 6.89944, 0.05830
-1.30535, 8.54463, -4.72005
-1.30535, 8.55321, -2.86370
-1.38029, 9.03076, -14.05800
-1.38029, 9.03076, -15.21990
-1.38029, 9.03076, -16.96270
-1.38029, 9.03656, -4.85168
-1.40634, 7.14074, 0.19762
-1.47928, 4.65897, 7.88464
-1.54281, 9.34569, -14.05800
-1.54281, 9.34569, -15.21990
-1.54281, 9.34569, -16.96270
-1.54281, 9.34569, -24.57110
-1.54642, -3.70121, 14.84460
-1.63986, 6.24016, -0.31986
-1.71848, 7.01425, -4.33645
-1.74301, 7.58946, -14.05800
-1.74583, 7.58946, -6.69062
-1.74618, 7.28695, -5.77618
-1.74618, 8.54463, -4.72005
-1.74618, 8.54463, -14.05800
-1.84955, -8.79061, -5.77618
-1.84955, -8.32387, -5.77618
-1.84955, -7.93248, -4.33645
-1.91730, -8.79061, -24.57450
-1.91730, -8.32387, -24.57450
-1.91730, -7.17447, -24.57450
-1.98672, 7.58946, -15.21990
-1.98672, 7.58946, -16.96270
-2.19327, -7.17447, -22.79250
-2.19327, -7.17447, -23.37520
-2.19327, -3.12013, -23.37520
-2.19327, -0.97386, -24.57450
-2.19327, 0.75541, -22.79250
-2.19327, 0.75541, -24.57450
-2.20785, -1.47284, -23.96510
-2.20785, -0.97233, -23.46460
-2.20785, -0.97233, -24.47250
-2.20785, -0.47182, -23.96510
-2.42562, 7.58946, -14.05800
-2.42562, 7.58946, -15.21990
-2.42562, 7.58946, -16.96270
-2.42562, 7.58946, -24.57110
-2.54279, 2.66145, -24.57450
-2.54279, 7.28695, -22.10430
-2.54279, 7.28695, -24.57450
-2.76905, 3.83471, -25.26000
-2.76905, 7.28695, -25.26000
-2.76905, 8.18201, -23.05000
-2.76905, 8.18201, -24.57450
-3.65163, 3.83471, -25.26000
-3.65163, 7.28695, -25.26000
-3.65163, 8.18201, -23.05000
-3.65163, 8.18201, -24.57450
-3.89314, 2.66145, -24.57450
-3.89314, 7.28695, -22.10430
-3.89314, 7.28695, -24.57450
-5.80010, -3.12013, -23.37520
-5.80010, -0.97386, -24.57450
-5.80010, 6.53120, -23.37520
-5.80010, 6.53120, -24.57450
-6.37542, -1.88221, -23.37520
-6.37542, 1.81437, -23.37520
-9.24753, 5.25014, -23.37520
-9.42278, -5.23980, -23.37520
-12.18780, -7.17447, -23.37520
-12.18780, -7.17447, -24.57450
-12.18780, 7.58946, -24.57450
-12.50000, -8.32387, -24.57450
-13.10270, 7.28695, -24.57450
-13.37050, 6.53120, -23.37520
-13.37050, 6.53120, -24.57450
-13.54290, -5.23980, -23.37520
-13.71820, 5.25014, -23.37520
-14.40170, 6.53120, -24.57450
-16.76600, -0.24153, -5.77618
-16.76600, 0.36505, -5.77618
-16.77570, -1.88221, -23.37520
-16.77570, 1.81437, -23.37520
-23.02050, -0.24153, -23.37520
-23.02050, -0.24153, -24.57450
-23.02050, 0.36505, -23.37520
-23.02050, 0.36505, -24.57450
-25.00000, -0.24153, -24.57450
-25.00000, 0.36505, -24.57450
14.40170, 6.53120, -24.57450
1.48556, 4.65897, 7.88464
-1.47928, 4.65897, 7.88464

FACES
128,127,127,	0.52824,-0.81696,0.23138,	3,	0,16,6
128,127,127,	0.00000,-0.00000,-1.00000,	3,	1,3,0
128,127,127,	-1.00000,0.00000,-0.00000,	3,	2,5,4
128,127,127,	-0.00000,-0.00000,-1.00000,	3,	3,18,16
128,127,127,	-0.00000,-0.00000,-1.00000,	3,	4,13,11
128,127,127,	0.91250,-0.00000,0.40907,	3,	6,112,7
128,127,127,	0.49111,0.84412,0.21512,	3,	7,15,1
128,127,127,	0.00000,-0.00000,-1.00000,	3,	8,17,4
128,127,127,	-0.00000,-0.00000,-1.00000,	3,	10,14,5
128,127,127,	-0.00000,-1.00000,0.00000,	3,	14,26,13
128,127,127,	-0.53905,0.84227,-0.00000,	3,	17,18,2
128,127,127,	-0.00000,-0.00000,-1.00000,	3,	18,60,59
128,127,127,	-0.00000,-0.00000,-1.00000,	3,	19,263,15
128,127,127,	-0.00000,-0.00000,-1.00000,	3,	23,26,24
128,127,127,	0.00000,-0.00000,-1.00000,	3,	24,51,20
128,127,127,	0.00000,-0.48779,-0.87296,	3,	25,52,24
128,127,127,	1.00000,0.00000,0.00000,	3,	26,27,25
128,127,127,	-0.00000,-0.00000,-1.00000,	3,	27,55,53
128,127,127,	0.00000,-0.00000,-1.00000,	3,	27,254,230
128,127,127,	0.96547,0.26051,-0.00000,	3,	29,33,30
128,127,127,	0.94318,-0.00000,-0.33229,	3,	30,32,31
128,127,127,	-0.00000,-0.00000,-1.00000,	3,	31,36,35
128,127,127,	0.00000,-0.50447,-0.86343,	3,	31,39,28
128,127,127,	-0.00000,0.60803,-0.79391,	3,	32,38,36
128,127,127,	-0.00000,0.72628,0.68739,	3,	33,40,37
128,127,127,	-0.94961,-0.00000,-0.31343,	3,	35,41,39
128,127,127,	-0.96950,0.24508,-0.00000,	3,	37,41,38
128,127,127,	0.89216,0.45171,-0.00000,	3,	42,73,43
128,127,127,	-0.00000,-0.00000,1.00000,	3,	42,235,72
128,127,127,	0.89216,0.45171,-0.00000,	3,	44,74,45
128,127,127,	0.00000,0.70710,0.70711,	3,	47,232,49
128,127,127,	0.00000,-0.71192,-0.70226,	3,	48,231,46
128,127,127,	-0.00000,0.71192,-0.70226,	3,	48,234,233
128,127,127,	0.00000,1.00000,0.00000,	3,	50,225,51
128,127,127,	0.00000,1.00000,0.00000,	3,	51,226,60
128,127,127,	-1.00000,-0.00000,0.00000,	3,	52,54,51
128,127,127,	-0.00000,-1.00000,0.00000,	3,	55,229,54
128,127,127,	0.99999,-0.00000,0.00360,	3,	58,62,59
128,127,127,	-0.00000,-1.00000,0.00000,	3,	58,217,61
128,127,127,	-0.00000,-0.00000,-1.00000,	3,	58,221,220
128,127,127,	-0.00000,-0.00000,-1.00000,	3,	60,222,221
128,127,127,	1.00000,-0.00000,0.00000,	3,	61,63,62
128,127,127,	-0.60769,-0.77749,0.16191,	3,	63,94,71
128,127,127,	-0.00000,-0.00000,1.00000,	3,	63,219,193
128,127,127,	0.99990,0.01392,0.00038,	3,	65,68,64
128,127,127,	0.00000,1.00000,0.00000,	3,	65,213,19
128,127,127,	0.99998,0.00605,0.00238,	3,	66,67,65
128,127,127,	0.80239,0.59680,-0.00000,	3,	67,81,68
128,127,127,	-0.00000,0.24314,0.96999,	3,	69,85,67
128,127,127,	0.97068,0.23233,0.06170,	3,	70,86,69
128,127,127,	0.48888,-0.84437,0.21916,	3,	71,111,6
128,127,127,	-0.00000,-0.97544,0.22028,	3,	71,209,159
128,127,127,	0.00000,-0.00000,1.00000,	3,	74,237,207
128,127,127,	0.00000,-0.00000,-1.00000,	3,	75,238,45
128,127,127,	0.84237,0.52581,0.11806,	3,	76,82,70
128,127,127,	0.00268,0.49875,-0.86674,	3,	77,84,70
128,127,127,	-0.00000,1.00000,-0.00063,	3,	81,202,78
128,127,127,	0.18921,0.71729,0.67059,	3,	82,96,95
128,127,127,	-0.00813,0.45979,0.88799,	3,	83,96,88
128,127,127,	0.71953,0.59859,0.35207,	3,	84,93,89
128,127,127,	0.00229,0.25795,0.96616,	3,	85,92,81
128,127,127,	0.72940,0.68408,-0.00316,	3,	86,90,85
128,127,127,	-0.00000,-0.97737,0.21155,	3,	87,193,187
128,127,127,	-0.00016,1.00000,-0.00315,	3,	89,190,189
128,127,127,	0.00000,0.26048,0.96548,	3,	90,189,81
128,127,127,	0.00002,0.50000,-0.86603,	3,	91,93,77
128,127,127,	-0.00000,0.50000,-0.86602,	3,	91,191,188
128,127,127,	0.00000,-0.00000,-1.00000,	3,	100,177,99
128,127,127,	-0.00000,0.85080,-0.52548,	3,	100,179,178
128,127,127,	0.86603,0.50000,-0.00000,	3,	102,121,103
128,127,127,	-0.00000,-0.00000,-1.00000,	3,	103,122,120
128,127,127,	0.59198,-0.00000,0.80595,	3,	104,131,110
128,127,127,	0.70711,-0.70711,-0.00000,	3,	105,124,104
128,127,127,	1.00000,-0.00000,0.00000,	3,	106,108,107
128,127,127,	0.70711,-0.70711,-0.00000,	3,	107,126,125
128,127,127,	-0.00000,-0.00000,-1.00000,	3,	109,166,162
128,127,127,	-0.00000,-0.00000,1.00000,	3,	111,160,112
128,127,127,	0.99963,0.02715,-0.00000,	3,	113,115,114
128,127,127,	0.70712,-0.70709,-0.00000,	3,	114,128,127
128,127,127,	-0.00000,-0.00000,1.00000,	3,	117,151,119
128,127,127,	0.47134,-0.88195,-0.00000,	3,	118,130,129
128,127,127,	1.00000,0.00000,0.00000,	3,	119,120,118
128,127,127,	-0.00000,-0.00000,-1.00000,	3,	120,152,150
128,127,127,	0.00000,1.00000,0.00000,	3,	121,153,122
128,127,127,	-0.00000,-0.59198,0.80595,	3,	123,145,131
128,127,127,	-0.00000,-1.00000,0.00000,	3,	124,146,123
128,127,127,	-0.00000,-1.00000,0.00000,	3,	125,148,147
128,127,127,	-0.00000,-0.00000,1.00000,	3,	125,165,106
128,127,127,	1.00000,-0.00000,0.00000,	3,	132,134,133
128,127,127,	-0.00000,-1.00000,0.00000,	3,	132,140,139
128,127,127,	1.00000,0.00000,0.00000,	3,	133,135,131
128,127,127,	-0.00000,-0.75922,0.65083,	3,	136,149,117
128,127,127,	-0.43823,-0.89886,-0.00000,	3,	137,150,136
128,127,127,	-0.00000,-0.66471,0.74710,	3,	138,140,133
128,127,127,	-0.59198,-0.00000,0.80596,	3,	138,167,142
128,127,127,	-1.00000,0.00000,0.00000,	3,	140,142,141
128,127,127,	-0.70711,-0.70711,-0.00000,	3,	144,157,143
128,127,127,	-0.44437,-0.44438,0.77785,	3,	145,161,138
128,127,127,	-0.70710,-0.70712,-0.00000,	3,	146,162,145
128,127,127,	-1.00000,0.00000,-0.00000,	3,	149,152,151
128,127,127,	-0.00000,-0.00000,-1.00000,	3,	154,174,152
128,127,127,	-0.99987,0.01579,-0.00367,	3,	156,157,155
128,127,127,	-0.91217,-0.00000,0.40981,	3,	159,271,160
128,127,127,	-1.00000,-0.00000,0.00000,	3,	164,165,163
128,127,127,	-1.00000,-0.00000,0.00000,	3,	166,167,161
128,127,127,	0.00000,-0.58769,-0.80908,	3,	170,182,168
128,127,127,	0.00000,0.95107,0.30898,	3,	171,185,172
128,127,127,	-0.00000,0.58769,-0.80908,	3,	172,186,170
128,127,127,	-0.86603,0.50000,-0.00000,	3,	173,174,153
128,127,127,	0.00813,0.45987,0.88795,	3,	180,194,192
128,127,127,	-0.00000,0.96263,0.27083,	3,	181,191,95
128,127,127,	-1.00000,0.00000,0.00000,	3,	182,184,183
128,127,127,	-0.00000,-0.00000,1.00000,	3,	183,185,169
128,127,127,	-1.00000,-0.00000,0.00000,	3,	184,186,185
128,127,127,	0.60769,-0.77749,0.16191,	3,	187,219,209
128,127,127,	0.00004,0.86386,0.50373,	3,	188,190,93
128,127,127,	-0.63892,0.76927,-0.00356,	3,	189,198,197
128,127,127,	-0.47073,0.59426,0.65212,	3,	192,204,195
128,127,127,	-0.39406,0.88253,0.25662,	3,	195,203,181
128,127,127,	-0.71479,0.60862,0.34446,	3,	196,198,190
128,127,127,	-0.79898,0.60136,-0.00038,	3,	202,216,199
128,127,127,	-0.00354,0.49890,-0.86665,	3,	203,210,196
128,127,127,	-0.00001,1.00000,-0.00000,	3,	205,206,72
128,127,127,	0.00000,-0.00000,-1.00000,	3,	206,236,73
128,127,127,	-0.00001,1.00000,-0.00000,	3,	207,208,75
128,127,127,	-0.97680,0.20594,0.05881,	3,	210,211,198
128,127,127,	-0.00000,0.24314,0.96999,	3,	211,215,197
128,127,127,	-0.99999,-0.00332,-0.00038,	3,	212,216,213
128,127,127,	-1.00000,0.00025,-0.00030,	3,	213,215,214
128,127,127,	-0.30879,0.93389,0.18029,	3,	213,265,263
128,127,127,	-0.40577,0.88049,0.24514,	3,	214,272,265
128,127,127,	-1.00000,-0.00000,0.00000,	3,	218,219,217
128,127,127,	-0.46678,-0.86147,0.19998,	3,	218,271,209
128,127,127,	-0.00000,-1.00000,0.00000,	3,	221,264,218
128,127,127,	1.00000,-0.00000,0.00000,	3,	225,229,226
128,127,127,	-0.00000,-0.48779,-0.87296,	3,	228,254,227
128,127,127,	1.00000,0.00000,0.00000,	3,	229,230,228
128,127,127,	-0.89347,0.44912,-0.00000,	3,	235,236,205
128,127,127,	-0.89347,0.44912,-0.00000,	3,	237,238,208
128,127,127,	-0.00000,0.72628,0.68739,	3,	240,248,244
128,127,127,	0.94961,-0.00000,-0.31343,	3,	241,243,242
128,127,127,	-0.00000,-0.50447,-0.86343,	3,	242,246,239
128,127,127,	-0.00000,-0.00000,-1.00000,	3,	243,247,246
128,127,127,	-0.00000,1.00000,0.00000,	3,	244,249,245
128,127,127,	-0.94318,-0.00000,-0.33229,	3,	246,252,250
128,127,127,	-0.91404,0.24663,-0.32203,	3,	249,252,247
128,127,127,	-0.96547,0.26051,-0.00000,	3,	251,252,248
128,127,127,	-0.00000,-0.00000,-1.00000,	3,	253,258,257
128,127,127,	-0.00000,-0.00000,-1.00000,	3,	253,260,226
128,127,127,	-1.00000,-0.00000,-0.00000,	3,	254,256,255
128,127,127,	-0.00000,-0.00000,-1.00000,	3,	255,266,259
128,127,127,	-0.00000,-1.00000,0.00000,	3,	256,267,266
128,127,127,	-0.00000,-0.00000,-1.00000,	3,	260,268,261
128,127,127,	-0.00000,1.00000,-0.00000,	3,	261,262,226
128,127,127,	-0.00000,-0.00000,-1.00000,	3,	261,277,275
128,127,127,	-0.00000,-0.00000,-1.00000,	3,	262,276,264
128,127,127,	-0.52824,-0.81696,0.23138,	3,	264,279,271
128,127,127,	0.00000,-0.00000,-1.00000,	3,	266,277,274
128,127,127,	0.53844,-0.84266,-0.00000,	3,	267,278,277
128,127,127,	1.00000,0.00000,0.00000,	3,	275,278,276
128,127,127,	-0.91598,-0.00000,0.40122,	3,	279,280,272
129,127,127,	0.91598,-0.00000,0.40122,	3,	0,6,1
129,127,127,	-0.00000,-0.00000,-1.00000,	3,	1,5,3
129,127,127,	-0.53905,0.84227,-0.00000,	3,	2,18,3
129,127,127,	0.00000,-0.00000,-1.00000,	3,	3,16,0
129,127,127,	-0.00000,-0.00000,-1.00000,	3,	4,11,9
129,127,127,	0.00000,-0.00000,-1.00000,	3,	4,17,2
129,127,127,	-0.53844,-0.84266,0.00000,	3,	5,14,13
129,127,127,	-0.00000,-0.00000,-1.00000,	3,	12,20,17
129,127,127,	0.00000,-0.00000,-1.00000,	3,	13,21,11
129,127,127,	-0.00000,-1.00000,0.00000,	3,	14,27,26
129,127,127,	0.46180,0.84205,0.27874,	3,	15,66,65
129,127,127,	0.45994,-0.84885,0.26059,	3,	16,62,6
129,127,127,	0.00000,-0.00000,-1.00000,	3,	18,59,16
129,127,127,	-0.00000,-0.00000,-1.00000,	3,	21,26,23
129,127,127,	-0.00000,-0.00000,-1.00000,	3,	22,24,20
129,127,127,	1.00000,-0.00000,0.00000,	3,	24,26,25
129,127,127,	-0.00000,-0.00000,-1.00000,	3,	24,52,51
129,127,127,	0.00000,-0.00000,-1.00000,	3,	27,53,25
129,127,127,	-0.00000,-0.00000,-1.00000,	3,	27,256,254
129,127,127,	-0.00000,-0.00000,-1.00000,	3,	32,36,31
129,127,127,	0.00000,1.00000,0.00000,	3,	33,37,34
129,127,127,	-0.00000,0.60803,-0.79391,	3,	34,38,32
129,127,127,	-0.00000,-0.50447,-0.86343,	3,	35,39,31
129,127,127,	-0.92338,0.23342,-0.30478,	3,	38,41,36
129,127,127,	-0.00000,-0.70710,0.70711,	3,	46,232,47
129,127,127,	-0.00000,-0.71192,-0.70226,	3,	48,233,231
129,127,127,	-1.00000,-0.00000,0.00000,	3,	51,54,50
129,127,127,	-0.00000,1.00000,0.00000,	3,	51,60,18
129,127,127,	-1.00000,-0.00000,0.00000,	3,	53,54,52
129,127,127,	-0.00000,-0.00000,-1.00000,	3,	54,229,225
129,127,127,	-0.00000,-1.00000,0.00000,	3,	55,230,229
129,127,127,	0.92021,0.39143,-0.00000,	3,	56,79,57
129,127,127,	-0.00000,-1.00000,0.00000,	3,	58,220,217
129,127,127,	0.00000,-0.00000,-1.00000,	3,	60,221,59
129,127,127,	0.00000,1.00000,0.00000,	3,	60,226,222
129,127,127,	0.99999,-0.00000,0.00360,	3,	61,62,58
129,127,127,	0.99964,-0.01209,0.02397,	3,	66,69,67
129,127,127,	0.99994,0.01096,0.00000,	3,	67,68,65
129,127,127,	0.00000,0.25849,0.96602,	3,	67,85,81
129,127,127,	0.95743,0.28867,-0.00133,	3,	69,86,85
129,127,127,	-0.00000,-0.97544,0.22028,	3,	71,159,111
129,127,127,	0.89216,0.45171,0.00000,	3,	72,73,42
129,127,127,	0.00000,-0.00000,1.00000,	3,	72,235,205
129,127,127,	0.89216,0.45171,0.00000,	3,	74,75,45
129,127,127,	0.00002,0.50000,-0.86602,	3,	77,93,84
129,127,127,	0.39234,0.88325,0.25680,	3,	82,95,77
129,127,127,	0.46537,0.59770,0.65283,	3,	83,88,76
129,127,127,	0.00000,0.46755,0.88397,	3,	83,194,96
129,127,127,	0.88878,0.39887,0.22575,	3,	84,86,70
129,127,127,	-0.61492,-0.77214,0.16025,	3,	87,94,63
129,127,127,	0.18867,0.71789,0.67011,	3,	88,96,82
129,127,127,	0.72713,0.68650,-0.00266,	3,	89,90,86
129,127,127,	0.00000,0.50000,-0.86603,	3,	91,188,93
129,127,127,	-0.00011,0.86381,0.50381,	3,	93,190,89
129,127,127,	-0.00000,-0.99993,-0.01211,	3,	94,187,71
129,127,127,	-0.00000,0.96263,0.27083,	3,	95,191,91
129,127,127,	1.00000,0.00000,0.00000,	3,	97,100,99
129,127,127,	-0.00000,-1.00000,0.00000,	3,	99,177,176
129,127,127,	-0.00000,-0.00000,-1.00000,	3,	100,178,177
129,127,127,	-0.00000,0.85080,-0.52548,	3,	101,179,100
129,127,127,	0.86603,-0.49999,-0.00000,	3,	103,120,102
129,127,127,	1.00000,0.00000,0.00000,	3,	104,109,105
129,127,127,	0.70711,-0.70711,-0.00000,	3,	104,124,123
129,127,127,	-0.00000,-0.00000,-1.00000,	3,	105,162,124
129,127,127,	-0.00000,-0.00000,1.00000,	3,	106,165,108
129,127,127,	0.70711,-0.70711,-0.00000,	3,	107,125,106
129,127,127,	0.91250,-0.00000,0.40907,	3,	111,112,6
129,127,127,	0.99987,0.01578,-0.00367,	3,	113,116,115
129,127,127,	0.70712,-0.70709,-0.00000,	3,	114,127,113
129,127,127,	1.00000,-0.00000,0.00000,	3,	117,119,118
129,127,127,	-0.00000,-0.00000,1.00000,	3,	119,121,102
129,127,127,	0.00000,-0.00000,-1.00000,	3,	120,150,118
129,127,127,	0.86603,0.50000,0.00000,	3,	121,122,103
129,127,127,	0.00000,-0.00000,-1.00000,	3,	122,152,120
129,127,127,	-0.00000,-1.00000,0.00000,	3,	123,146,145
129,127,127,	-0.00000,-1.00000,0.00000,	3,	126,148,125
129,127,127,	-0.00000,-1.00000,0.00000,	3,	127,144,143
129,127,127,	-0.00000,-0.75922,0.65083,	3,	129,136,117
129,127,127,	-0.00000,-1.00000,0.00000,	3,	130,137,136
129,127,127,	0.59198,-0.00000,0.80595,	3,	131,135,110
129,127,127,	-0.00000,-0.66471,0.74710,	3,	131,138,133
129,127,127,	-0.00000,-1.00000,0.00000,	3,	133,140,132
129,127,127,	1.00000,0.00000,0.00000,	3,	134,135,133
129,127,127,	-0.43823,-0.89886,0.00000,	3,	136,150,149
129,127,127,	-1.00000,-0.00000,0.00000,	3,	138,142,140
129,127,127,	-1.00000,-0.00000,0.00000,	3,	140,141,139
129,127,127,	-0.70711,-0.70711,0.00000,	3,	144,158,157
129,127,127,	-0.70710,-0.70712,0.00000,	3,	145,162,161
129,127,127,	-0.70710,-0.70712,0.00000,	3,	147,164,163
129,127,127,	-0.00000,-0.00000,1.00000,	3,	149,151,117
129,127,127,	-0.00000,-0.00000,1.00000,	3,	151,173,153
129,127,127,	-0.86603,-0.49999,0.00000,	3,	152,174,173
129,127,127,	-0.86603,0.50000,-0.00000,	3,	153,174,154
129,127,127,	-0.59198,-0.00000,0.80596,	3,	161,167,138
129,127,127,	-0.00000,-0.00000,1.00000,	3,	163,165,125
129,127,127,	-0.00000,-0.58769,-0.80908,	3,	170,184,182
129,127,127,	-1.00000,-0.00000,0.00000,	3,	178,179,175
129,127,127,	-0.00000,0.74060,0.67194,	3,	180,181,95
129,127,127,	-0.34685,0.90154,0.25870,	3,	181,203,191
129,127,127,	-0.00000,-0.95107,0.30898,	3,	182,183,169
129,127,127,	-1.00000,-0.00000,0.00000,	3,	184,185,183
129,127,127,	-0.00000,0.95107,0.30898,	3,	185,186,172
129,127,127,	-0.64330,0.66095,0.38640,	3,	188,196,190
129,127,127,	-0.63571,0.77192,-0.00284,	3,	190,198,189
129,127,127,	-0.18953,0.71769,0.67008,	3,	192,195,180
129,127,127,	0.61492,-0.77214,0.16025,	3,	193,219,187
129,127,127,	-0.47073,0.59426,0.65213,	3,	194,204,192
129,127,127,	-0.97487,0.20985,0.07471,	3,	195,210,203
129,127,127,	-0.91527,0.35058,0.19842,	3,	196,210,198
129,127,127,	-0.00207,0.25819,0.96609,	3,	197,202,189
129,127,127,	-0.96552,0.26034,-0.00120,	3,	198,211,197
129,127,127,	-0.00000,1.00000,-0.00000,	3,	200,201,80
129,127,127,	-0.89347,0.44912,-0.00000,	3,	205,236,206
129,127,127,	-0.89347,0.44912,-0.00000,	3,	207,237,208
129,127,127,	0.00000,-0.00000,-1.00000,	3,	208,238,75
129,127,127,	-0.49000,-0.84347,0.22014,	3,	209,271,159
129,127,127,	-0.00000,1.00000,0.00000,	3,	213,263,19
129,127,127,	-0.99977,-0.01394,0.01660,	3,	214,215,211
129,127,127,	-0.46106,0.84252,0.27854,	3,	214,265,213
129,127,127,	-0.80239,0.59680,-0.00000,	3,	215,216,202
129,127,127,	-0.00000,-0.85899,0.51199,	3,	217,219,61
129,127,127,	-0.99999,-0.00000,0.00360,	3,	220,221,218
129,127,127,	-0.92173,0.38782,-0.00000,	3,	223,224,201
129,127,127,	-0.00000,1.00000,-0.00000,	3,	225,226,51
129,127,127,	1.00000,-0.00000,0.00000,	3,	226,229,227
129,127,127,	-0.00000,-0.48779,-0.87296,	3,	227,254,253
129,127,127,	0.00000,-0.00000,-1.00000,	3,	230,254,228
129,127,127,	-0.00000,0.70710,0.70711,	3,	232,234,49
129,127,127,	0.92338,0.23342,-0.30478,	3,	241,245,243
129,127,127,	0.00000,-0.00000,-1.00000,	3,	243,246,242
129,127,127,	-0.00000,0.60803,-0.79391,	3,	245,249,247
129,127,127,	-0.94318,-0.00000,-0.33229,	3,	247,252,246
129,127,127,	-0.96547,0.26051,-0.00000,	3,	248,252,249
129,127,127,	-0.00000,-0.00000,-1.00000,	3,	255,259,258
129,127,127,	-0.00000,-1.00000,0.00000,	3,	256,266,255
129,127,127,	0.00000,-0.00000,-1.00000,	3,	257,260,253
129,127,127,	0.00000,-0.00000,-1.00000,	3,	260,261,226
129,127,127,	0.53905,0.84227,-0.00000,	3,	261,275,262
129,127,127,	0.00000,-0.00000,-1.00000,	3,	262,264,221
129,127,127,	0.00000,-0.00000,-1.00000,	3,	263,265,15
129,127,127,	-0.45994,-0.84885,0.26059,	3,	264,271,218
129,127,127,	0.00000,-0.00000,-1.00000,	3,	266,269,259
129,127,127,	0.53844,-0.84266,-0.00000,	3,	267,277,266
129,127,127,	0.00000,-0.00000,-1.00000,	3,	270,278,267
129,127,127,	-0.91217,-0.00000,0.40981,	3,	271,272,160
129,127,127,	-0.49111,0.84412,0.21512,	3,	272,280,265
129,127,127,	-0.00000,-0.00000,-1.00000,	3,	273,277,261
129,127,127,	-0.00000,-0.00000,-1.00000,	3,	276,279,264
129,127,127,	1.00000,0.00000,0.00000,	3,	277,278,275
129,127,127,	-0.00000,-0.00000,-1.00000,	3,	278,280,279
130,127,127,	-0.00000,-0.00000,-1.00000,	3,	1,10,5
130,127,127,	-1.00000,-0.00000,0.00000,	3,	3,5,2
130,127,127,	-0.00000,-0.00000,-1.00000,	3,	4,9,8
130,127,127,	-0.53844,-0.84266,-0.00000,	3,	5,13,4
130,127,127,	0.91598,-0.00000,0.40122,	3,	6,7,1
130,127,127,	0.40601,0.88040,0.24506,	3,	7,66,15
130,127,127,	0.00000,-0.00000,-1.00000,	3,	12,17,8
130,127,127,	-0.00000,-0.00000,-1.00000,	3,	13,26,21
130,127,127,	0.30880,0.93392,0.18011,	3,	15,65,19
130,127,127,	0.00000,1.00000,0.00000,	3,	17,51,18
130,127,127,	0.00000,-0.00000,-1.00000,	3,	23,24,22
130,127,127,	-0.00000,-0.48779,-0.87296,	3,	25,53,52
130,127,127,	0.00000,-0.00000,-1.00000,	3,	27,230,55
130,127,127,	0.00000,0.72628,0.68739,	3,	29,40,33
130,127,127,	0.94318,-0.00000,-0.33229,	3,	30,31,28
130,127,127,	0.96547,0.26051,0.00000,	3,	33,34,30
130,127,127,	-0.94961,-0.00000,-0.31343,	3,	36,41,35
130,127,127,	-0.00000,1.00000,-0.00000,	3,	37,38,34
130,127,127,	-0.96950,0.24508,-0.00000,	3,	40,41,37
130,127,127,	-0.00000,-0.00000,1.00000,	3,	44,237,74
130,127,127,	-1.00000,-0.00000,-0.00000,	3,	53,55,54
130,127,127,	0.00000,-0.00000,-1.00000,	3,	54,225,50
130,127,127,	0.00000,-1.00000,0.00000,	3,	59,62,16
130,127,127,	-0.00000,-0.00000,-1.00000,	3,	59,221,58
130,127,127,	-0.00000,-0.85899,0.51199,	3,	61,219,63
130,127,127,	0.46678,-0.86147,0.19998,	3,	62,71,6
130,127,127,	-0.00000,-0.00000,1.00000,	3,	63,193,87
130,127,127,	0.79898,0.60136,-0.00038,	3,	68,81,78
130,127,127,	0.97343,0.21588,0.07640,	3,	70,82,77
130,127,127,	-0.00001,1.00000,-0.00000,	3,	72,206,73
130,127,127,	0.00000,-0.00000,-1.00000,	3,	73,236,43
130,127,127,	-0.00001,1.00000,-0.00000,	3,	74,207,75
130,127,127,	0.46537,0.59770,0.65283,	3,	76,88,82
130,127,127,	0.34531,0.90209,0.25883,	3,	77,95,91
130,127,127,	-0.00000,1.00000,-0.00063,	3,	78,202,199
130,127,127,	0.92021,0.39143,0.00000,	3,	79,80,57
130,127,127,	0.79571,0.52711,0.29833,	3,	84,89,86
130,127,127,	-0.00000,-0.97737,0.21155,	3,	87,187,94
130,127,127,	-0.00019,1.00000,-0.00313,	3,	89,189,90
130,127,127,	-0.00000,0.46755,0.88397,	3,	96,194,180
130,127,127,	1.00000,-0.00000,0.00000,	3,	97,101,100
130,127,127,	-0.00000,-1.00000,0.00000,	3,	99,176,98
130,127,127,	0.86603,-0.49999,-0.00000,	3,	102,120,119
130,127,127,	1.00000,-0.00000,0.00000,	3,	104,110,109
130,127,127,	0.00000,-0.00000,-1.00000,	3,	109,162,105
130,127,127,	0.47134,-0.88195,-0.00000,	3,	118,129,117
130,127,127,	0.00000,-0.75922,-0.65083,	3,	118,137,130
130,127,127,	-0.00000,-0.00000,-1.00000,	3,	122,154,152
130,127,127,	0.44438,-0.44438,0.77785,	3,	123,131,104
130,127,127,	-0.00000,-0.00000,-1.00000,	3,	124,162,146
130,127,127,	-0.00000,-1.00000,0.00000,	3,	128,144,127
130,127,127,	-0.00000,-1.00000,0.00000,	3,	130,136,129
130,127,127,	-0.00000,-0.59198,0.80595,	3,	131,145,138
130,127,127,	-0.00000,-0.00000,1.00000,	3,	147,163,125
130,127,127,	-1.00000,-0.00000,0.00000,	3,	150,152,149
130,127,127,	-0.00000,-0.00000,1.00000,	3,	151,153,121
130,127,127,	-0.86603,-0.49999,-0.00000,	3,	152,173,151
130,127,127,	-0.99963,0.02717,-0.00000,	3,	157,158,155
130,127,127,	-0.00000,-0.00000,1.00000,	3,	159,160,111
130,127,127,	-1.00000,-0.00000,0.00000,	3,	162,166,161
130,127,127,	-0.00000,-0.95107,0.30898,	3,	168,182,169
130,127,127,	-0.00000,-0.00000,1.00000,	3,	169,185,171
130,127,127,	-0.00000,0.58769,-0.80908,	3,	170,186,184
130,127,127,	-1.00000,-0.00000,0.00000,	3,	177,178,175
130,127,127,	-0.19008,0.71707,0.67058,	3,	180,195,181
130,127,127,	0.00000,-0.99993,-0.01211,	3,	187,209,71
130,127,127,	-0.00002,0.50001,-0.86602,	3,	188,203,196
130,127,127,	-0.00000,0.26050,0.96547,	3,	189,202,81
130,127,127,	0.00000,0.25849,0.96602,	3,	197,215,202
130,127,127,	-0.92173,0.38782,-0.00000,	3,	200,223,201
130,127,127,	-0.84798,0.51712,0.11626,	3,	204,210,195
130,127,127,	-1.00000,-0.00037,0.00000,	3,	213,216,215
130,127,127,	-0.99999,-0.00000,0.00360,	3,	217,220,218
130,127,127,	-0.00000,-0.00000,-1.00000,	3,	222,262,221
130,127,127,	1.00000,-0.00000,0.00000,	3,	227,229,228
130,127,127,	-0.00000,-0.00000,-1.00000,	3,	227,253,226
130,127,127,	0.96950,0.24508,-0.00000,	3,	240,244,241
130,127,127,	0.00000,0.72628,0.68739,	3,	240,251,248
130,127,127,	0.94961,-0.00000,-0.31343,	3,	241,242,239
130,127,127,	-0.00000,0.60803,-0.79391,	3,	245,247,243
130,127,127,	0.00000,-0.50447,-0.86343,	3,	246,250,239
130,127,127,	-0.00000,1.00000,-0.00000,	3,	248,249,244
130,127,127,	-0.00000,-0.00000,-1.00000,	3,	255,258,253
130,127,127,	0.00000,-0.00000,-1.00000,	3,	266,274,269
130,127,127,	-0.00000,-0.00000,-1.00000,	3,	268,273,261
130,127,127,	0.00000,-0.00000,-1.00000,	3,	270,280,278
130,127,127,	-0.91598,-0.00000,0.40122,	3,	271,279,272
130,127,127,	-0.00000,-0.00000,-1.00000,	3,	274,277,273
130,127,127,	0.53905,0.84227,0.00000,	3,	275,276,262
130,127,127,	0.00000,-0.00000,-1.00000,	3,	278,279,276
131,127,127,	0.41194,0.89326,0.18000,	3,	7,282,66
131,127,127,	0.00000,-0.00000,-1.00000,	3,	20,51,17
131,127,127,	0.91404,0.24663,-0.32203,	3,	30,34,32
131,127,127,	-0.00000,0.71192,-0.70226,	3,	49,234,48
131,127,127,	0.00000,1.00000,0.00000,	3,	79,200,80
131,127,127,	0.00000,0.74060,0.67194,	3,	96,180,95
131,127,127,	0.41710,0.88942,0.18698,	3,	112,282,7
131,127,127,	-0.00000,-0.75922,-0.65083,	3,	118,150,137
131,127,127,	-0.00000,-0.00000,1.00000,	3,	119,151,121
131,127,127,	-0.70710,-0.70712,-0.00000,	3,	148,164,147
131,127,127,	-0.00000,1.00000,-0.00000,	3,	153,154,122
131,127,127,	-0.00000,0.98193,0.18924,	3,	160,282,112
131,127,127,	-0.00000,0.98193,0.18924,	3,	160,283,282
131,127,127,	-0.00002,0.50000,-0.86603,	3,	191,203,188
131,127,127,	-0.41171,0.89338,0.17991,	3,	214,283,272
131,127,127,	-0.00000,1.00000,0.00000,	3,	226,262,222
131,127,127,	-0.00000,-0.70710,0.70711,	3,	231,232,46
131,127,127,	0.96950,0.24508,0.00000,	3,	244,245,241
131,127,127,	-1.00000,-0.00000,0.00000,	3,	254,255,253
131,127,127,	0.00000,0.00000,-1.00000,	3,	265,281,15
131,127,127,	-0.00000,0.00000,-1.00000,	3,	270,281,265
131,127,127,	-0.41732,0.88921,0.18749,	3,	272,283,160

TEXTURES
oolite_viper_diffuse.png	1.0 1.0	0.00604 0.96400	0.19795 0.96400	0.09925 0.74118
oolite_viper_diffuse.png	1.0 1.0	0.32269 0.12364	0.34781 0.13206	0.32269 0.13206
oolite_viper_diffuse.png	1.0 1.0	0.01178 0.01840	0.00191 0.00217	0.00191 0.01840
oolite_viper_diffuse.png	1.0 1.0	0.34781 0.13206	0.48532 0.22827	0.48136 0.24422
oolite_viper_diffuse.png	1.0 1.0	0.34781 0.12364	0.47031 0.03807	0.46486 0.05585
oolite_viper_diffuse.png	1.0 1.0	0.44622 0.48175	0.62761 0.90629	0.43645 0.48175
oolite_viper_diffuse.png	1.0 1.0	0.44622 0.48175	0.52868 0.25985	0.35128 0.25985
oolite_viper_diffuse.png	1.0 1.0	0.42840 0.15483	0.48532 0.22827	0.34781 0.12364
oolite_viper_diffuse.png	1.0 1.0	0.45722 0.03807	0.47031 0.03807	0.34781 0.12364
oolite_viper_diffuse.png	1.0 1.0	0.13514 0.02950	0.22181 0.04589	0.13514 0.04589
oolite_viper_diffuse.png	1.0 1.0	0.16320 0.01840	0.16320 0.00217	0.01178 0.01840
oolite_viper_diffuse.png	1.0 1.0	0.48532 0.22827	0.61569 0.22827	0.61569 0.24422
oolite_viper_diffuse.png	1.0 1.0	0.48532 0.02339	0.79474 0.02339	0.47371 0.02758
oolite_viper_diffuse.png	1.0 1.0	0.56043 0.10353	0.56641 0.03807	0.56641 0.17201
oolite_viper_diffuse.png	1.0 1.0	0.56641 0.17201	0.61219 0.22827	0.51939 0.20142
oolite_viper_diffuse.png	1.0 1.0	0.21944 0.37604	0.17410 0.41087	0.21944 0.41087
oolite_viper_diffuse.png	1.0 1.0	0.23432 0.27044	0.21944 0.27044	0.21944 0.37604
oolite_viper_diffuse.png	1.0 1.0	0.21944 0.27044	0.17410 0.35184	0.17410 0.37604
oolite_viper_diffuse.png	1.0 1.0	0.21944 0.27044	0.07360 0.37604	0.11895 0.35184
oolite_viper_diffuse.png	1.0 1.0	0.79521 0.74330	0.80948 0.75899	0.79521 0.78351
oolite_viper_diffuse.png	1.0 1.0	0.55720 0.96841	0.55720 0.97986	0.50139 0.97986
oolite_viper_diffuse.png	1.0 1.0	0.50139 0.99386	0.55720 0.97986	0.50139 0.97986
oolite_viper_diffuse.png	1.0 1.0	0.50139 0.99386	0.48067 0.97632	0.48067 0.99767
oolite_viper_diffuse.png	1.0 1.0	0.55720 0.99386	0.57575 0.97990	0.55720 0.97986
oolite_viper_diffuse.png	1.0 1.0	0.80948 0.75899	0.82692 0.73738	0.82336 0.75899
oolite_viper_diffuse.png	1.0 1.0	0.50139 0.97986	0.55720 0.96841	0.48251 0.96864
oolite_viper_diffuse.png	1.0 1.0	0.80948 0.75899	0.79521 0.78351	0.80948 0.78351
oolite_viper_diffuse.png	1.0 1.0	0.79042 0.80122	0.80532 0.82914	0.80532 0.80122
oolite_viper_diffuse.png	1.0 1.0	0.76784 0.81640	0.76784 0.88594	0.79042 0.82914
oolite_viper_diffuse.png	1.0 1.0	0.90674 0.70925	0.93231 0.70925	0.90674 0.62136
oolite_viper_diffuse.png	1.0 1.0	0.68789 0.96808	0.63229 0.96808	0.68789 0.97533
oolite_viper_diffuse.png	1.0 1.0	0.68789 0.98264	0.63229 0.98995	0.68789 0.98995
oolite_viper_diffuse.png	1.0 1.0	0.68789 0.98264	0.63229 0.97533	0.63229 0.98264
oolite_viper_diffuse.png	1.0 1.0	0.29111 0.02604	0.34725 0.02604	0.29111 0.01840
oolite_viper_diffuse.png	1.0 1.0	0.29111 0.01840	0.34725 0.01840	0.29466 0.00217
oolite_viper_diffuse.png	1.0 1.0	0.18386 0.46817	0.17594 0.41292	0.18386 0.52597
oolite_viper_diffuse.png	1.0 1.0	0.17410 0.37604	0.11895 0.35184	0.17410 0.35184
oolite_viper_diffuse.png	1.0 1.0	0.84056 0.90561	0.83428 0.67747	0.83428 0.90561
oolite_viper_diffuse.png	1.0 1.0	0.84056 0.90561	0.89068 0.67747	0.84056 0.67747
oolite_viper_diffuse.png	1.0 1.0	0.61569 0.25070	0.66437 0.24422	0.66437 0.25070
oolite_viper_diffuse.png	1.0 1.0	0.61569 0.22827	0.66437 0.22827	0.66437 0.24422
oolite_viper_diffuse.png	1.0 1.0	0.84056 0.67747	0.82898 0.66006	0.83428 0.67747
oolite_viper_diffuse.png	1.0 1.0	0.00143 0.35412	0.01485 0.14733	0.00777 0.12609
oolite_viper_diffuse.png	1.0 1.0	0.00470 0.35994	0.05242 0.35994	0.04430 0.35412
oolite_viper_diffuse.png	1.0 1.0	0.91434 0.84028	0.92675 0.75517	0.91434 0.75517
oolite_viper_diffuse.png	1.0 1.0	0.15266 0.25652	0.19785 0.25652	0.01807 0.05007
oolite_viper_diffuse.png	1.0 1.0	0.91053 0.85116	0.92675 0.86311	0.91434 0.84028
oolite_viper_diffuse.png	1.0 1.0	0.92675 0.86311	0.93442 0.86145	0.92675 0.75517
oolite_viper_diffuse.png	1.0 1.0	0.93018 0.88557	0.93614 0.86734	0.92982 0.86734
oolite_viper_diffuse.png	1.0 1.0	0.70290 0.99955	0.72081 0.93686	0.67624 0.92683
oolite_viper_diffuse.png	1.0 1.0	0.29156 0.49703	0.27916 0.31563	0.09925 0.74118
oolite_viper_diffuse.png	1.0 1.0	0.29858 0.49743	0.33849 0.49743	0.32661 0.31587
oolite_viper_diffuse.png	1.0 1.0	0.93231 0.70925	0.98326 0.72931	0.97210 0.70925
oolite_viper_diffuse.png	1.0 1.0	0.93231 0.62136	0.98349 0.60095	0.92084 0.60095
oolite_viper_diffuse.png	1.0 1.0	0.94197 0.99272	0.94657 0.98937	0.93143 0.89179
oolite_viper_diffuse.png	1.0 1.0	0.94566 0.89363	0.94772 0.89024	0.94241 0.88103
oolite_viper_diffuse.png	1.0 1.0	0.93442 0.86145	0.97012 0.86150	0.93453 0.75517
oolite_viper_diffuse.png	1.0 1.0	0.94686 0.99009	0.95214 0.99375	0.95180 0.98787
oolite_viper_diffuse.png	1.0 1.0	0.94725 0.99782	0.95214 0.99375	0.94837 0.99576
oolite_viper_diffuse.png	1.0 1.0	0.72045 0.99955	0.72753 0.99955	0.72755 0.93788
oolite_viper_diffuse.png	1.0 1.0	0.93614 0.86800	0.93871 0.86544	0.93442 0.86211
oolite_viper_diffuse.png	1.0 1.0	0.72150 0.93473	0.72748 0.89907	0.72137 0.90013
oolite_viper_diffuse.png	1.0 1.0	0.01277 0.35412	0.04430 0.35412	0.04142 0.14733
oolite_viper_diffuse.png	1.0 1.0	0.72755 0.93788	0.77110 0.93788	0.77125 0.89879
oolite_viper_diffuse.png	1.0 1.0	0.93871 0.86478	0.96583 0.86483	0.93442 0.86145
oolite_viper_diffuse.png	1.0 1.0	0.95047 0.89538	0.95061 0.89303	0.94566 0.89363
oolite_viper_diffuse.png	1.0 1.0	0.95047 0.89538	0.97906 0.89538	0.97892 0.89304
oolite_viper_diffuse.png	1.0 1.0	0.89171 0.94844	0.86801 0.99095	0.89171 0.99095
oolite_viper_diffuse.png	1.0 1.0	0.89171 0.94844	0.86801 0.90924	0.86801 0.94844
oolite_viper_diffuse.png	1.0 1.0	0.01376 0.81521	0.01376 0.79793	0.00250 0.81521
oolite_viper_diffuse.png	1.0 1.0	0.00339 0.38055	0.01279 0.36514	0.01279 0.39596
oolite_viper_diffuse.png	1.0 1.0	0.00277 0.48340	0.01376 0.48003	0.00277 0.44174
oolite_viper_diffuse.png	1.0 1.0	0.09331 0.52685	0.09331 0.51337	0.03253 0.52685
oolite_viper_diffuse.png	1.0 1.0	0.00420 0.62634	0.00420 0.64506	0.07846 0.62634
oolite_viper_diffuse.png	1.0 1.0	0.07846 0.62633	0.12290 0.61205	0.00420 0.61205
oolite_viper_diffuse.png	1.0 1.0	0.00384 0.65007	0.03980 0.65007	0.03980 0.68775
oolite_viper_diffuse.png	1.0 1.0	0.31019 0.31587	0.32661 0.30886	0.31019 0.30886
oolite_viper_diffuse.png	1.0 1.0	0.11968 0.55584	0.16631 0.57162	0.16631 0.55584
oolite_viper_diffuse.png	1.0 1.0	0.16631 0.55584	0.16631 0.54877	0.11968 0.54877
oolite_viper_diffuse.png	1.0 1.0	0.01279 0.43033	0.03158 0.39596	0.01279 0.39596
oolite_viper_diffuse.png	1.0 1.0	0.00251 0.87096	0.00582 0.87634	0.01047 0.87634
oolite_viper_diffuse.png	1.0 1.0	0.01376 0.83249	0.00250 0.83249	0.00251 0.87096
oolite_viper_diffuse.png	1.0 1.0	0.01279 0.39596	0.03158 0.39596	0.03158 0.43033
oolite_viper_diffuse.png	1.0 1.0	0.01377 0.79794	0.01377 0.77435	0.00251 0.79794
oolite_viper_diffuse.png	1.0 1.0	0.01062 0.49183	0.02477 0.49183	0.01376 0.48003
oolite_viper_diffuse.png	1.0 1.0	0.09331 0.51337	0.09331 0.49740	0.03252 0.51337
oolite_viper_diffuse.png	1.0 1.0	0.00420 0.61205	0.12290 0.59248	0.00420 0.59248
oolite_viper_diffuse.png	1.0 1.0	0.01330 0.69840	0.03979 0.66653	0.00384 0.68775
oolite_viper_diffuse.png	1.0 1.0	0.04240 0.67428	0.04240 0.65310	0.09307 0.67428
oolite_viper_diffuse.png	1.0 1.0	0.01681 0.72679	0.06747 0.73805	0.01681 0.73805
oolite_viper_diffuse.png	1.0 1.0	0.09307 0.67428	0.10931 0.64607	0.10931 0.69440
oolite_viper_diffuse.png	1.0 1.0	0.01047 0.88867	0.01377 0.89456	0.01377 0.87096
oolite_viper_diffuse.png	1.0 1.0	0.00582 0.88867	0.00251 0.89456	0.01047 0.88867
oolite_viper_diffuse.png	1.0 1.0	0.09404 0.74733	0.09404 0.72201	0.08455 0.72201
oolite_viper_diffuse.png	1.0 1.0	0.02164 0.48003	0.03262 0.44174	0.02164 0.44142
oolite_viper_diffuse.png	1.0 1.0	0.06746 0.72680	0.08370 0.69859	0.01679 0.70562
oolite_viper_diffuse.png	1.0 1.0	0.16631 0.53536	0.11964 0.52692	0.11964 0.53536
oolite_viper_diffuse.png	1.0 1.0	0.02477 0.49183	0.03262 0.48340	0.02164 0.48003
oolite_viper_diffuse.png	1.0 1.0	0.09331 0.49740	0.09331 0.48368	0.03262 0.49740
oolite_viper_diffuse.png	1.0 1.0	0.01376 0.87103	0.00250 0.83249	0.01376 0.83249
oolite_viper_diffuse.png	1.0 1.0	0.03158 0.36514	0.04097 0.38055	0.03158 0.39596
oolite_viper_diffuse.png	1.0 1.0	0.11964 0.49975	0.11964 0.52692	0.16631 0.51113
oolite_viper_diffuse.png	1.0 1.0	0.70593 0.90629	0.89452 0.48175	0.71315 0.90629
oolite_viper_diffuse.png	1.0 1.0	0.07846 0.57820	0.00420 0.55949	0.00420 0.57820
oolite_viper_diffuse.png	1.0 1.0	0.09331 0.45367	0.03262 0.44176	0.03262 0.48368
oolite_viper_diffuse.png	1.0 1.0	0.07384 0.97448	0.10831 0.99533	0.10831 0.97448
oolite_viper_diffuse.png	1.0 1.0	0.00833 0.97448	0.00833 0.99533	0.03937 0.97448
oolite_viper_diffuse.png	1.0 1.0	0.03937 0.97448	0.03937 0.99533	0.07384 0.97448
oolite_viper_diffuse.png	1.0 1.0	0.01376 0.81521	0.00250 0.81521	0.01376 0.79793
oolite_viper_diffuse.png	1.0 1.0	0.97683 0.99375	0.98166 0.99782	0.98056 0.99576
oolite_viper_diffuse.png	1.0 1.0	0.97747 0.98800	0.97906 0.89538	0.95180 0.98787
oolite_viper_diffuse.png	1.0 1.0	0.02110 0.77794	0.04876 0.79907	0.03166 0.74375
oolite_viper_diffuse.png	1.0 1.0	0.13935 0.99533	0.16878 0.99533	0.13935 0.97448
oolite_viper_diffuse.png	1.0 1.0	0.04876 0.79907	0.07642 0.77794	0.06586 0.74375
oolite_viper_diffuse.png	1.0 1.0	0.04142 0.14733	0.05454 0.35412	0.04767 0.12609
oolite_viper_diffuse.png	1.0 1.0	0.77103 0.99955	0.77110 0.93788	0.72753 0.99955
oolite_viper_diffuse.png	1.0 1.0	0.77125 0.89879	0.77834 0.93473	0.77845 0.89992
oolite_viper_diffuse.png	1.0 1.0	0.98056 0.99576	0.98527 0.99495	0.98236 0.99029
oolite_viper_diffuse.png	1.0 1.0	0.98279 0.98965	0.98421 0.89504	0.97747 0.98800
oolite_viper_diffuse.png	1.0 1.0	0.77883 0.99955	0.77872 0.93725	0.77110 0.93788
oolite_viper_diffuse.png	1.0 1.0	0.97012 0.86150	0.97823 0.75517	0.97014 0.75517
oolite_viper_diffuse.png	1.0 1.0	0.98392 0.89356	0.98709 0.88096	0.98255 0.89018
oolite_viper_diffuse.png	1.0 1.0	0.79042 0.87330	0.80532 0.87330	0.79042 0.82914
oolite_viper_diffuse.png	1.0 1.0	0.80532 0.87330	0.82760 0.88624	0.80532 0.82914
oolite_viper_diffuse.png	1.0 1.0	0.97210 0.70925	0.97210 0.62136	0.93231 0.62136
oolite_viper_diffuse.png	1.0 1.0	0.79657 0.99955	0.82246 0.92747	0.77872 0.93725
oolite_viper_diffuse.png	1.0 1.0	0.97455 0.88558	0.97486 0.86738	0.96917 0.86738
oolite_viper_diffuse.png	1.0 1.0	0.99056 0.75517	0.97823 0.75517	0.99056 0.84028
oolite_viper_diffuse.png	1.0 1.0	0.99056 0.84028	0.97823 0.86291	0.99495 0.85056
oolite_viper_diffuse.png	1.0 1.0	0.19785 0.25652	0.34512 0.05007	0.33257 0.05007
oolite_viper_diffuse.png	1.0 1.0	0.68014 0.48175	0.89452 0.48175	0.81193 0.25985
oolite_viper_diffuse.png	1.0 1.0	0.89687 0.67747	0.90217 0.66000	0.89068 0.67747
oolite_viper_diffuse.png	1.0 1.0	0.32147 0.74118	0.54078 0.74118	0.34856 0.49703
oolite_viper_diffuse.png	1.0 1.0	0.32114 0.99824	0.45768 0.99824	0.32027 0.78108
oolite_viper_diffuse.png	1.0 1.0	0.11392 0.52597	0.11392 0.41292	0.10600 0.52597
oolite_viper_diffuse.png	1.0 1.0	0.11895 0.37604	0.07360 0.37604	0.11895 0.41087
oolite_viper_diffuse.png	1.0 1.0	0.11392 0.41292	0.08971 0.41292	0.08971 0.43758
oolite_viper_diffuse.png	1.0 1.0	0.80532 0.87330	0.79042 0.87330	0.80532 0.90169
oolite_viper_diffuse.png	1.0 1.0	0.99715 0.70925	0.99715 0.62136	0.97210 0.62136
oolite_viper_diffuse.png	1.0 1.0	0.82692 0.73738	0.80948 0.75899	0.82336 0.75899
oolite_viper_diffuse.png	1.0 1.0	0.55720 0.96841	0.55720 0.97986	0.50139 0.97986
oolite_viper_diffuse.png	1.0 1.0	0.50139 0.97986	0.50139 0.99386	0.48067 0.97632
oolite_viper_diffuse.png	1.0 1.0	0.55720 0.97986	0.55720 0.99386	0.50139 0.99386
oolite_viper_diffuse.png	1.0 1.0	0.82336 0.75899	0.80948 0.78351	0.82336 0.78351
oolite_viper_diffuse.png	1.0 1.0	0.50139 0.97986	0.55720 0.96841	0.48251 0.96864
oolite_viper_diffuse.png	1.0 1.0	0.80948 0.78351	0.79521 0.78351	0.79521 0.79496
oolite_viper_diffuse.png	1.0 1.0	0.79521 0.74330	0.79521 0.78351	0.80948 0.75899
oolite_viper_diffuse.png	1.0 1.0	0.71366 0.17201	0.72096 0.10353	0.72096 0.15483
oolite_viper_diffuse.png	1.0 1.0	0.71366 0.17201	0.75964 0.20142	0.66788 0.22827
oolite_viper_diffuse.png	1.0 1.0	0.07360 0.37604	0.07360 0.27044	0.05837 0.27044
oolite_viper_diffuse.png	1.0 1.0	0.71366 0.03807	0.80976 0.03807	0.75742 0.05585
oolite_viper_diffuse.png	1.0 1.0	0.22181 0.02950	0.30831 0.02950	0.30831 0.04589
oolite_viper_diffuse.png	1.0 1.0	0.75964 0.20142	0.81195 0.20142	0.79474 0.22827
oolite_viper_diffuse.png	1.0 1.0	0.47517 0.01840	0.47517 0.00217	0.34725 0.01840
oolite_viper_diffuse.png	1.0 1.0	0.79474 0.22827	0.93226 0.12364	0.93226 0.13206
oolite_viper_diffuse.png	1.0 1.0	0.79474 0.22827	0.93226 0.13206	0.79871 0.24422
oolite_viper_diffuse.png	1.0 1.0	0.43963 0.96400	0.63155 0.96400	0.54078 0.74118
oolite_viper_diffuse.png	1.0 1.0	0.80976 0.03807	0.93226 0.12364	0.85299 0.10353
oolite_viper_diffuse.png	1.0 1.0	0.30831 0.02950	0.44062 0.02950	0.44062 0.04589
oolite_viper_diffuse.png	1.0 1.0	0.63761 0.00217	0.62743 0.01840	0.62748 0.00217
oolite_viper_diffuse.png	1.0 1.0	0.98903 0.25985	0.99645 0.25985	0.90094 0.48175
oolite_viper_diffuse.png	1.0 1.0	0.35128 0.25985	0.44622 0.48175	0.34409 0.25985
oolite_viper_diffuse.png	1.0 1.0	0.32269 0.12364	0.34781 0.12364	0.34781 0.13206
oolite_viper_diffuse.png	1.0 1.0	0.01178 0.01840	0.16320 0.00217	0.01178 0.00217
oolite_viper_diffuse.png	1.0 1.0	0.34781 0.13206	0.48136 0.24422	0.32269 0.13206
oolite_viper_diffuse.png	1.0 1.0	0.34781 0.12364	0.46486 0.05585	0.42840 0.10353
oolite_viper_diffuse.png	1.0 1.0	0.34781 0.12364	0.48532 0.22827	0.34781 0.13206
oolite_viper_diffuse.png	1.0 1.0	0.00302 0.02950	0.13514 0.02950	0.13514 0.04589
oolite_viper_diffuse.png	1.0 1.0	0.46709 0.20142	0.51939 0.20142	0.48532 0.22827
oolite_viper_diffuse.png	1.0 1.0	0.47031 0.03807	0.52162 0.05585	0.46486 0.05585
oolite_viper_diffuse.png	1.0 1.0	0.13514 0.02950	0.22181 0.02950	0.22181 0.04589
oolite_viper_diffuse.png	1.0 1.0	0.00577 0.05007	0.15135 0.26655	0.15266 0.25652
oolite_viper_diffuse.png	1.0 1.0	0.19795 0.96400	0.31585 0.74118	0.09925 0.74118
oolite_viper_diffuse.png	1.0 1.0	0.48532 0.22827	0.61569 0.24422	0.48136 0.24422
oolite_viper_diffuse.png	1.0 1.0	0.52162 0.05585	0.56641 0.03807	0.56043 0.10353
oolite_viper_diffuse.png	1.0 1.0	0.56043 0.15483	0.56641 0.17201	0.51939 0.20142
oolite_viper_diffuse.png	1.0 1.0	0.23432 0.40624	0.23432 0.27044	0.21944 0.37604
oolite_viper_diffuse.png	1.0 1.0	0.56641 0.17201	0.61219 0.17201	0.61219 0.22827
oolite_viper_diffuse.png	1.0 1.0	0.21944 0.27044	0.17410 0.37604	0.21944 0.37604
oolite_viper_diffuse.png	1.0 1.0	0.21944 0.27044	0.07360 0.27044	0.07360 0.37604
oolite_viper_diffuse.png	1.0 1.0	0.55720 0.99386	0.55720 0.97986	0.50139 0.99386
oolite_viper_diffuse.png	1.0 1.0	0.80948 0.75899	0.82336 0.75899	0.80948 0.78351
oolite_viper_diffuse.png	1.0 1.0	0.57575 0.99386	0.57575 0.97990	0.55720 0.99386
oolite_viper_diffuse.png	1.0 1.0	0.50139 0.97986	0.48067 0.97632	0.50139 0.99386
oolite_viper_diffuse.png	1.0 1.0	0.80948 0.78351	0.79521 0.78351	0.79521 0.79496
oolite_viper_diffuse.png	1.0 1.0	0.68789 0.98995	0.63229 0.99719	0.68789 0.99719
oolite_viper_diffuse.png	1.0 1.0	0.68789 0.98264	0.63229 0.98264	0.63229 0.98995
oolite_viper_diffuse.png	1.0 1.0	0.18386 0.52597	0.17594 0.41292	0.17594 0.52597
oolite_viper_diffuse.png	1.0 1.0	0.29111 0.01840	0.29466 0.00217	0.16320 0.00217
oolite_viper_diffuse.png	1.0 1.0	0.20016 0.43758	0.17594 0.41292	0.18386 0.46817
oolite_viper_diffuse.png	1.0 1.0	0.17410 0.37604	0.11895 0.37604	0.11895 0.48867
oolite_viper_diffuse.png	1.0 1.0	0.17410 0.37604	0.11895 0.37604	0.11895 0.35184
oolite_viper_diffuse.png	1.0 1.0	0.92226 0.75174	0.94247 0.75174	0.92226 0.73161
oolite_viper_diffuse.png	1.0 1.0	0.84056 0.90561	0.89068 0.90556	0.89068 0.67747
oolite_viper_diffuse.png	1.0 1.0	0.61569 0.22827	0.66437 0.24422	0.61569 0.24422
oolite_viper_diffuse.png	1.0 1.0	0.29466 0.00217	0.34725 0.01840	0.34372 0.00217
oolite_viper_diffuse.png	1.0 1.0	0.84056 0.67747	0.83428 0.67747	0.84056 0.90561
oolite_viper_diffuse.png	1.0 1.0	0.91053 0.85116	0.90760 0.86792	0.92675 0.86311
oolite_viper_diffuse.png	1.0 1.0	0.92675 0.86311	0.92675 0.75517	0.91434 0.84028
oolite_viper_diffuse.png	1.0 1.0	0.92982 0.86800	0.93614 0.86800	0.93442 0.86211
oolite_viper_diffuse.png	1.0 1.0	0.67624 0.92683	0.72081 0.93686	0.70148 0.90614
oolite_viper_diffuse.png	1.0 1.0	0.29858 0.49743	0.32661 0.31587	0.31019 0.31587
oolite_viper_diffuse.png	1.0 1.0	0.79042 0.82914	0.80532 0.82914	0.79042 0.80122
oolite_viper_diffuse.png	1.0 1.0	0.79042 0.82914	0.76784 0.88594	0.79042 0.87330
oolite_viper_diffuse.png	1.0 1.0	0.93231 0.70925	0.93231 0.62136	0.90674 0.62136
oolite_viper_diffuse.png	1.0 1.0	0.94566 0.89363	0.95061 0.89303	0.94772 0.89024
oolite_viper_diffuse.png	1.0 1.0	0.94657 0.98937	0.95180 0.98787	0.94530 0.89478
oolite_viper_diffuse.png	1.0 1.0	0.94725 0.99782	0.94837 0.99576	0.94389 0.99475
oolite_viper_diffuse.png	1.0 1.0	0.94725 0.99782	0.98166 0.99782	0.95214 0.99375
oolite_viper_diffuse.png	1.0 1.0	0.72045 0.99955	0.72081 0.93686	0.70290 0.99955
oolite_viper_diffuse.png	1.0 1.0	0.01277 0.35412	0.01485 0.14733	0.00143 0.35412
oolite_viper_diffuse.png	1.0 1.0	0.94837 0.99576	0.95214 0.99375	0.94686 0.99009
oolite_viper_diffuse.png	1.0 1.0	0.72755 0.93788	0.72748 0.89907	0.72150 0.93473
oolite_viper_diffuse.png	1.0 1.0	0.95047 0.89538	0.97892 0.89304	0.95061 0.89303
oolite_viper_diffuse.png	1.0 1.0	0.72753 0.99955	0.77110 0.93788	0.72755 0.93788
oolite_viper_diffuse.png	1.0 1.0	0.01485 0.14733	0.04142 0.14733	0.00777 0.12609
oolite_viper_diffuse.png	1.0 1.0	0.95180 0.98787	0.97906 0.89538	0.95047 0.89538
oolite_viper_diffuse.png	1.0 1.0	0.92849 0.99095	0.89171 0.94844	0.89171 0.99095
oolite_viper_diffuse.png	1.0 1.0	0.89171 0.99095	0.86801 0.99095	0.86801 0.99816
oolite_viper_diffuse.png	1.0 1.0	0.89171 0.94844	0.86801 0.94844	0.86801 0.99095
oolite_viper_diffuse.png	1.0 1.0	0.89171 0.90924	0.86801 0.90924	0.89171 0.94844
oolite_viper_diffuse.png	1.0 1.0	0.00250 0.81521	0.00250 0.83249	0.01376 0.81521
oolite_viper_diffuse.png	1.0 1.0	0.03253 0.52685	0.09331 0.55557	0.09331 0.52685
oolite_viper_diffuse.png	1.0 1.0	0.03253 0.52685	0.09331 0.51337	0.03252 0.51337
oolite_viper_diffuse.png	1.0 1.0	0.00384 0.68775	0.03980 0.68775	0.01330 0.69840
oolite_viper_diffuse.png	1.0 1.0	0.00384 0.68775	0.03979 0.66653	0.00383 0.66653
oolite_viper_diffuse.png	1.0 1.0	0.07846 0.62633	0.00420 0.61205	0.00420 0.62633
oolite_viper_diffuse.png	1.0 1.0	0.63490 0.90629	0.62761 0.90629	0.44622 0.48175
oolite_viper_diffuse.png	1.0 1.0	0.11968 0.55584	0.11968 0.58300	0.16631 0.57162
oolite_viper_diffuse.png	1.0 1.0	0.16631 0.55584	0.11968 0.54877	0.11968 0.55584
oolite_viper_diffuse.png	1.0 1.0	0.01376 0.87103	0.01376 0.83249	0.00251 0.87096
oolite_viper_diffuse.png	1.0 1.0	0.01279 0.39596	0.01279 0.36514	0.00339 0.38055
oolite_viper_diffuse.png	1.0 1.0	0.01279 0.39596	0.03158 0.43033	0.01279 0.43033
oolite_viper_diffuse.png	1.0 1.0	0.01376 0.79793	0.00250 0.79793	0.00250 0.81521
oolite_viper_diffuse.png	1.0 1.0	0.01279 0.36514	0.03158 0.39596	0.01279 0.39596
oolite_viper_diffuse.png	1.0 1.0	0.03252 0.51337	0.09331 0.49740	0.03262 0.49740
oolite_viper_diffuse.png	1.0 1.0	0.12290 0.61205	0.12290 0.59248	0.00420 0.61205
oolite_viper_diffuse.png	1.0 1.0	0.11968 0.54877	0.16631 0.53536	0.11964 0.53536
oolite_viper_diffuse.png	1.0 1.0	0.01047 0.87634	0.01047 0.88867	0.01377 0.87096
oolite_viper_diffuse.png	1.0 1.0	0.00582 0.87634	0.00582 0.88867	0.01047 0.88867
oolite_viper_diffuse.png	1.0 1.0	0.01376 0.48003	0.01376 0.44142	0.00277 0.44174
oolite_viper_diffuse.png	1.0 1.0	0.08455 0.74733	0.09404 0.74733	0.08455 0.72201
oolite_viper_diffuse.png	1.0 1.0	0.06747 0.72679	0.06747 0.73805	0.01681 0.72679
oolite_viper_diffuse.png	1.0 1.0	0.04240 0.65310	0.10931 0.64607	0.09307 0.67428
oolite_viper_diffuse.png	1.0 1.0	0.01047 0.88867	0.00251 0.89456	0.01377 0.89456
oolite_viper_diffuse.png	1.0 1.0	0.08370 0.74693	0.08370 0.69859	0.06746 0.72680
oolite_viper_diffuse.png	1.0 1.0	0.06746 0.72680	0.01679 0.70562	0.01679 0.72680
oolite_viper_diffuse.png	1.0 1.0	0.16631 0.53536	0.16631 0.52692	0.11964 0.52692
oolite_viper_diffuse.png	1.0 1.0	0.03262 0.49740	0.09331 0.48368	0.03262 0.48368
oolite_viper_diffuse.png	1.0 1.0	0.00420 0.59248	0.07846 0.57820	0.00420 0.57820
oolite_viper_diffuse.png	1.0 1.0	0.03158 0.43033	0.03158 0.39596	0.01279 0.43033
oolite_viper_diffuse.png	1.0 1.0	0.03158 0.39596	0.04097 0.38055	0.03158 0.36514
oolite_viper_diffuse.png	1.0 1.0	0.00250 0.83249	0.00250 0.81521	0.01376 0.81521
oolite_viper_diffuse.png	1.0 1.0	0.01376 0.79793	0.00250 0.81521	0.00250 0.79793
oolite_viper_diffuse.png	1.0 1.0	0.03262 0.48340	0.03262 0.44174	0.02164 0.48003
oolite_viper_diffuse.png	1.0 1.0	0.03980 0.68775	0.03979 0.66653	0.01330 0.69840
oolite_viper_diffuse.png	1.0 1.0	0.07384 0.97448	0.07384 0.99533	0.10831 0.99533
oolite_viper_diffuse.png	1.0 1.0	0.86801 0.94844	0.83098 0.92700	0.83098 0.99095
oolite_viper_diffuse.png	1.0 1.0	0.97683 0.99375	0.97747 0.98800	0.95180 0.98787
oolite_viper_diffuse.png	1.0 1.0	0.97747 0.98800	0.98421 0.89504	0.97906 0.89538
oolite_viper_diffuse.png	1.0 1.0	0.10831 0.99533	0.13935 0.99533	0.13935 0.97448
oolite_viper_diffuse.png	1.0 1.0	0.04876 0.79907	0.06586 0.74375	0.03166 0.74375
oolite_viper_diffuse.png	1.0 1.0	0.00833 0.99533	0.03937 0.99533	0.03937 0.97448
oolite_viper_diffuse.png	1.0 1.0	0.77103 0.99955	0.77883 0.99955	0.77110 0.93788
oolite_viper_diffuse.png	1.0 1.0	0.77110 0.93788	0.77834 0.93473	0.77125 0.89879
oolite_viper_diffuse.png	1.0 1.0	0.98056 0.99576	0.98236 0.99029	0.97683 0.99375
oolite_viper_diffuse.png	1.0 1.0	0.04430 0.35412	0.05454 0.35412	0.04142 0.14733
oolite_viper_diffuse.png	1.0 1.0	0.98166 0.99782	0.98527 0.99495	0.98056 0.99576
oolite_viper_diffuse.png	1.0 1.0	0.98279 0.98965	0.99800 0.89204	0.98421 0.89504
oolite_viper_diffuse.png	1.0 1.0	0.77883 0.99955	0.79657 0.99955	0.77872 0.93725
oolite_viper_diffuse.png	1.0 1.0	0.96917 0.86738	0.97012 0.86150	0.96583 0.86483
oolite_viper_diffuse.png	1.0 1.0	0.77872 0.93725	0.82246 0.92747	0.79707 0.90729
oolite_viper_diffuse.png	1.0 1.0	0.97830 0.75174	0.97830 0.73161	0.94247 0.73161
oolite_viper_diffuse.png	1.0 1.0	0.80532 0.90169	0.79042 0.87330	0.79042 0.90169
oolite_viper_diffuse.png	1.0 1.0	0.97210 0.70925	0.99715 0.70925	0.97210 0.62136
oolite_viper_diffuse.png	1.0 1.0	0.97210 0.62136	0.98349 0.60095	0.93231 0.62136
oolite_viper_diffuse.png	1.0 1.0	0.34856 0.49703	0.54078 0.74118	0.36063 0.31563
oolite_viper_diffuse.png	1.0 1.0	0.19785 0.25652	0.33257 0.05007	0.01807 0.05007
oolite_viper_diffuse.png	1.0 1.0	0.99495 0.85056	0.97823 0.86291	0.99845 0.86738
oolite_viper_diffuse.png	1.0 1.0	0.19942 0.26685	0.34512 0.05007	0.19785 0.25652
oolite_viper_diffuse.png	1.0 1.0	0.97823 0.86291	0.97823 0.75517	0.97012 0.86150
oolite_viper_diffuse.png	1.0 1.0	0.89068 0.67747	0.89068 0.65718	0.84056 0.67747
oolite_viper_diffuse.png	1.0 1.0	0.89068 0.90556	0.89687 0.90556	0.89687 0.67747
oolite_viper_diffuse.png	1.0 1.0	0.99853 0.75174	0.99853 0.73161	0.97830 0.73161
oolite_viper_diffuse.png	1.0 1.0	0.34725 0.02604	0.34725 0.01840	0.29111 0.01840
oolite_viper_diffuse.png	1.0 1.0	0.10600 0.52597	0.11392 0.41292	0.10600 0.46817
oolite_viper_diffuse.png	1.0 1.0	0.11895 0.41087	0.07360 0.37604	0.07360 0.41087
oolite_viper_diffuse.png	1.0 1.0	0.12384 0.35184	0.07849 0.37604	0.12384 0.37604
oolite_viper_diffuse.png	1.0 1.0	0.63229 0.96808	0.63229 0.97533	0.68789 0.97533
oolite_viper_diffuse.png	1.0 1.0	0.79521 0.78351	0.80948 0.78351	0.79521 0.79496
oolite_viper_diffuse.png	1.0 1.0	0.55720 0.97986	0.50139 0.99386	0.50139 0.97986
oolite_viper_diffuse.png	1.0 1.0	0.57575 0.97990	0.57575 0.99386	0.55720 0.99386
oolite_viper_diffuse.png	1.0 1.0	0.55720 0.97986	0.55720 0.96841	0.50139 0.97986
oolite_viper_diffuse.png	1.0 1.0	0.80948 0.75899	0.79521 0.78351	0.80948 0.78351
oolite_viper_diffuse.png	1.0 1.0	0.71366 0.03807	0.75742 0.05585	0.72096 0.10353
oolite_viper_diffuse.png	1.0 1.0	0.22181 0.02950	0.30831 0.04589	0.22181 0.04589
oolite_viper_diffuse.png	1.0 1.0	0.72096 0.15483	0.75964 0.20142	0.71366 0.17201
oolite_viper_diffuse.png	1.0 1.0	0.75964 0.20142	0.79474 0.22827	0.66788 0.22827
oolite_viper_diffuse.png	1.0 1.0	0.47517 0.01840	0.62743 0.01840	0.47517 0.00217
oolite_viper_diffuse.png	1.0 1.0	0.79474 0.22827	0.79871 0.24422	0.66437 0.24422
oolite_viper_diffuse.png	1.0 1.0	0.79474 0.02339	0.80636 0.02758	0.47371 0.02758
oolite_viper_diffuse.png	1.0 1.0	0.43963 0.96400	0.54078 0.74118	0.32147 0.74118
oolite_viper_diffuse.png	1.0 1.0	0.80976 0.03807	0.81417 0.05585	0.75742 0.05585
oolite_viper_diffuse.png	1.0 1.0	0.30831 0.02950	0.44062 0.04589	0.30831 0.04589
oolite_viper_diffuse.png	1.0 1.0	0.82285 0.03807	0.93226 0.12364	0.80976 0.03807
oolite_viper_diffuse.png	1.0 1.0	0.89452 0.48175	0.90094 0.48175	0.71315 0.90629
oolite_viper_diffuse.png	1.0 1.0	0.89452 0.48175	0.98903 0.25985	0.81193 0.25985
oolite_viper_diffuse.png	1.0 1.0	0.85299 0.15483	0.93226 0.12364	0.79474 0.22827
oolite_viper_diffuse.png	1.0 1.0	0.93226 0.13206	0.95738 0.13206	0.79871 0.24422
oolite_viper_diffuse.png	1.0 1.0	0.63761 0.01840	0.62743 0.01840	0.63761 0.00217
oolite_viper_diffuse.png	1.0 1.0	0.93226 0.12364	0.95738 0.12364	0.95738 0.13206
oolite_viper_diffuse.png	1.0 1.0	0.32269 0.12364	0.45722 0.03807	0.34781 0.12364
oolite_viper_diffuse.png	1.0 1.0	0.01178 0.00217	0.00191 0.00217	0.01178 0.01840
oolite_viper_diffuse.png	1.0 1.0	0.34781 0.12364	0.42840 0.10353	0.42840 0.15483
oolite_viper_diffuse.png	1.0 1.0	0.00302 0.02950	0.13514 0.04589	0.00302 0.04589
oolite_viper_diffuse.png	1.0 1.0	0.44622 0.48175	0.43645 0.48175	0.34409 0.25985
oolite_viper_diffuse.png	1.0 1.0	0.44622 0.48175	0.65895 0.48175	0.52868 0.25985
oolite_viper_diffuse.png	1.0 1.0	0.46709 0.20142	0.48532 0.22827	0.42840 0.15483
oolite_viper_diffuse.png	1.0 1.0	0.47031 0.03807	0.56641 0.03807	0.52162 0.05585
oolite_viper_diffuse.png	1.0 1.0	0.00577 0.05007	0.15266 0.25652	0.01807 0.05007
oolite_viper_diffuse.png	1.0 1.0	0.16320 0.01840	0.29111 0.01840	0.16320 0.00217
oolite_viper_diffuse.png	1.0 1.0	0.56043 0.10353	0.56641 0.17201	0.56043 0.15483
oolite_viper_diffuse.png	1.0 1.0	0.21944 0.37604	0.17410 0.37604	0.17410 0.41087
oolite_viper_diffuse.png	1.0 1.0	0.21944 0.27044	0.11895 0.35184	0.17410 0.35184
oolite_viper_diffuse.png	1.0 1.0	0.80568 0.73738	0.82692 0.73738	0.80948 0.75899
oolite_viper_diffuse.png	1.0 1.0	0.55720 0.96841	0.50139 0.97986	0.48251 0.96864
oolite_viper_diffuse.png	1.0 1.0	0.80948 0.75899	0.80948 0.78351	0.79521 0.78351
oolite_viper_diffuse.png	1.0 1.0	0.55720 0.97986	0.55720 0.96841	0.50139 0.97986
oolite_viper_diffuse.png	1.0 1.0	0.82336 0.75899	0.82336 0.78351	0.80948 0.78351
oolite_viper_diffuse.png	1.0 1.0	0.79521 0.74330	0.79521 0.78351	0.80948 0.75899
oolite_viper_diffuse.png	1.0 1.0	0.92061 0.72931	0.98326 0.72931	0.93231 0.70925
oolite_viper_diffuse.png	1.0 1.0	0.20016 0.43758	0.20016 0.41292	0.17594 0.41292
oolite_viper_diffuse.png	1.0 1.0	0.17410 0.37604	0.11895 0.48867	0.17410 0.48867
oolite_viper_diffuse.png	1.0 1.0	0.31605 0.99824	0.31693 0.78108	0.17951 0.99824
oolite_viper_diffuse.png	1.0 1.0	0.61569 0.24422	0.66437 0.24422	0.61569 0.25070
oolite_viper_diffuse.png	1.0 1.0	0.84056 0.67747	0.89068 0.65718	0.84056 0.65718
oolite_viper_diffuse.png	1.0 1.0	0.31585 0.74118	0.29156 0.49703	0.09925 0.74118
oolite_viper_diffuse.png	1.0 1.0	0.00470 0.35994	0.04430 0.35412	0.01277 0.35412
oolite_viper_diffuse.png	1.0 1.0	0.92675 0.75517	0.93442 0.86145	0.93453 0.75517
oolite_viper_diffuse.png	1.0 1.0	0.93143 0.89179	0.94657 0.98937	0.94530 0.89478
oolite_viper_diffuse.png	1.0 1.0	0.79042 0.82914	0.80532 0.87330	0.80532 0.82914
oolite_viper_diffuse.png	1.0 1.0	0.80532 0.82914	0.82760 0.88624	0.82760 0.81670
oolite_viper_diffuse.png	1.0 1.0	0.93231 0.70925	0.97210 0.70925	0.93231 0.62136
oolite_viper_diffuse.png	1.0 1.0	0.94389 0.99475	0.94837 0.99576	0.94686 0.99009
oolite_viper_diffuse.png	1.0 1.0	0.94530 0.89478	0.95180 0.98787	0.95047 0.89538
oolite_viper_diffuse.png	1.0 1.0	0.93453 0.75517	0.97012 0.86150	0.97014 0.75517
oolite_viper_diffuse.png	1.0 1.0	0.94247 0.75174	0.94247 0.73161	0.92226 0.73161
oolite_viper_diffuse.png	1.0 1.0	0.72045 0.99955	0.72755 0.93788	0.72081 0.93686
oolite_viper_diffuse.png	1.0 1.0	0.01277 0.35412	0.04142 0.14733	0.01485 0.14733
oolite_viper_diffuse.png	1.0 1.0	0.72755 0.93788	0.77125 0.89879	0.72748 0.89907
oolite_viper_diffuse.png	1.0 1.0	0.95214 0.99375	0.98166 0.99782	0.97683 0.99375
oolite_viper_diffuse.png	1.0 1.0	0.92849 0.99095	0.92849 0.92700	0.89171 0.94844
oolite_viper_diffuse.png	1.0 1.0	0.89171 0.99095	0.86801 0.99816	0.89171 0.99816
oolite_viper_diffuse.png	1.0 1.0	0.01376 0.81521	0.00250 0.83249	0.01376 0.83249
oolite_viper_diffuse.png	1.0 1.0	0.03253 0.52685	0.03253 0.56698	0.09331 0.55557
oolite_viper_diffuse.png	1.0 1.0	0.00384 0.65007	0.03980 0.68775	0.00384 0.68775
oolite_viper_diffuse.png	1.0 1.0	0.00251 0.87096	0.01047 0.87634	0.01377 0.87096
oolite_viper_diffuse.png	1.0 1.0	0.00251 0.87096	0.00582 0.88867	0.00582 0.87634
oolite_viper_diffuse.png	1.0 1.0	0.01279 0.36514	0.03158 0.36514	0.03158 0.39596
oolite_viper_diffuse.png	1.0 1.0	0.01062 0.49183	0.01376 0.48003	0.00277 0.48340
oolite_viper_diffuse.png	1.0 1.0	0.01330 0.69840	0.03980 0.68775	0.03035 0.69840
oolite_viper_diffuse.png	1.0 1.0	0.16631 0.54877	0.16631 0.53536	0.11968 0.54877
oolite_viper_diffuse.png	1.0 1.0	0.00582 0.87634	0.01047 0.88867	0.01047 0.87634
oolite_viper_diffuse.png	1.0 1.0	0.01376 0.48003	0.02477 0.49183	0.02164 0.48003
oolite_viper_diffuse.png	1.0 1.0	0.03035 0.69840	0.03980 0.68775	0.01330 0.69840
oolite_viper_diffuse.png	1.0 1.0	0.00251 0.87096	0.00250 0.83249	0.01376 0.87103
oolite_viper_diffuse.png	1.0 1.0	0.03158 0.39596	0.03158 0.36514	0.01279 0.36514
oolite_viper_diffuse.png	1.0 1.0	0.00250 0.83249	0.01376 0.81521	0.01376 0.83249
oolite_viper_diffuse.png	1.0 1.0	0.11964 0.52692	0.16631 0.52692	0.16631 0.51113
oolite_viper_diffuse.png	1.0 1.0	0.32661 0.31587	0.32661 0.30886	0.31019 0.31587
oolite_viper_diffuse.png	1.0 1.0	0.09331 0.48368	0.09331 0.45367	0.03262 0.48368
oolite_viper_diffuse.png	1.0 1.0	0.10831 0.97448	0.10831 0.99533	0.13935 0.97448
oolite_viper_diffuse.png	1.0 1.0	0.13935 0.97448	0.16878 0.99533	0.16878 0.97448
oolite_viper_diffuse.png	1.0 1.0	0.07384 0.97448	0.03937 0.99533	0.07384 0.99533
oolite_viper_diffuse.png	1.0 1.0	0.86801 0.99095	0.86801 0.94844	0.83098 0.99095
oolite_viper_diffuse.png	1.0 1.0	0.97683 0.99375	0.98236 0.99029	0.97747 0.98800
oolite_viper_diffuse.png	1.0 1.0	0.04142 0.14733	0.04767 0.12609	0.00777 0.12609
oolite_viper_diffuse.png	1.0 1.0	0.97892 0.89304	0.98392 0.89356	0.98255 0.89018
oolite_viper_diffuse.png	1.0 1.0	0.96583 0.86483	0.97012 0.86150	0.93442 0.86145
oolite_viper_diffuse.png	1.0 1.0	0.96917 0.86738	0.97486 0.86738	0.97012 0.86150
oolite_viper_diffuse.png	1.0 1.0	0.97830 0.75174	0.99853 0.75174	0.97830 0.73161
oolite_viper_diffuse.png	1.0 1.0	0.98756 0.99298	0.99800 0.89204	0.98279 0.98965
oolite_viper_diffuse.png	1.0 1.0	0.99056 0.84028	0.97823 0.75517	0.97823 0.86291
oolite_viper_diffuse.png	1.0 1.0	0.89068 0.67747	0.89068 0.90556	0.89687 0.67747
oolite_viper_diffuse.png	1.0 1.0	0.66437 0.22827	0.79474 0.22827	0.66437 0.24422
oolite_viper_diffuse.png	1.0 1.0	0.10600 0.46817	0.11392 0.41292	0.08971 0.43758
oolite_viper_diffuse.png	1.0 1.0	0.66788 0.17201	0.71366 0.17201	0.66788 0.22827
oolite_viper_diffuse.png	1.0 1.0	0.79521 0.74330	0.80948 0.75899	0.79521 0.78351
oolite_viper_diffuse.png	1.0 1.0	0.82692 0.73738	0.80568 0.73738	0.80948 0.75899
oolite_viper_diffuse.png	1.0 1.0	0.55720 0.96841	0.50139 0.97986	0.48251 0.96864
oolite_viper_diffuse.png	1.0 1.0	0.57575 0.97990	0.55720 0.99386	0.55720 0.97986
oolite_viper_diffuse.png	1.0 1.0	0.50139 0.99386	0.48067 0.99767	0.48067 0.97632
oolite_viper_diffuse.png	1.0 1.0	0.80948 0.75899	0.80948 0.78351	0.82336 0.75899
oolite_viper_diffuse.png	1.0 1.0	0.71366 0.03807	0.72096 0.10353	0.71366 0.17201
oolite_viper_diffuse.png	1.0 1.0	0.80976 0.03807	0.85299 0.10353	0.81417 0.05585
oolite_viper_diffuse.png	1.0 1.0	0.81195 0.20142	0.85299 0.15483	0.79474 0.22827
oolite_viper_diffuse.png	1.0 1.0	0.82285 0.03807	0.95738 0.12364	0.93226 0.12364
oolite_viper_diffuse.png	1.0 1.0	0.89452 0.48175	0.98903 0.25985	0.90094 0.48175
oolite_viper_diffuse.png	1.0 1.0	0.85299 0.10353	0.93226 0.12364	0.85299 0.15483
oolite_viper_diffuse.png	1.0 1.0	0.62743 0.01840	0.62748 0.00217	0.47517 0.00217
oolite_viper_diffuse.png	1.0 1.0	0.93226 0.12364	0.95738 0.13206	0.93226 0.13206
oolite_viper_diffuse.png	1.0 1.0	0.44622 0.48175	0.64870 0.64542	0.65895 0.48175
oolite_viper_diffuse.png	1.0 1.0	0.51939 0.20142	0.61219 0.22827	0.48532 0.22827
oolite_viper_diffuse.png	1.0 1.0	0.79521 0.78351	0.80948 0.78351	0.79521 0.79496
oolite_viper_diffuse.png	1.0 1.0	0.68789 0.97533	0.63229 0.97533	0.68789 0.98264
oolite_viper_diffuse.png	1.0 1.0	0.94247 0.75174	0.97830 0.75174	0.94247 0.73161
oolite_viper_diffuse.png	1.0 1.0	0.95214 0.99375	0.97683 0.99375	0.95180 0.98787
oolite_viper_diffuse.png	1.0 1.0	0.63490 0.90629	0.64870 0.64542	0.44622 0.48175
oolite_viper_diffuse.png	1.0 1.0	0.00251 0.87096	0.00251 0.89456	0.00582 0.88867
oolite_viper_diffuse.png	1.0 1.0	0.01279 0.39596	0.03158 0.39596	0.01279 0.36514
oolite_viper_diffuse.png	1.0 1.0	0.12290 0.59248	0.07846 0.57820	0.00420 0.59248
oolite_viper_diffuse.png	1.0 1.0	0.01377 0.77435	0.00251 0.77435	0.00251 0.79794
oolite_viper_diffuse.png	1.0 1.0	0.67729 0.90629	0.65014 0.64417	0.66087 0.90629
oolite_viper_diffuse.png	1.0 1.0	0.67729 0.90629	0.68839 0.64417	0.65014 0.64417
oolite_viper_diffuse.png	1.0 1.0	0.97906 0.89538	0.98392 0.89356	0.97892 0.89304
oolite_viper_diffuse.png	1.0 1.0	0.68014 0.48175	0.69121 0.64407	0.89452 0.48175
oolite_viper_diffuse.png	1.0 1.0	0.34725 0.01840	0.47517 0.00217	0.34372 0.00217
oolite_viper_diffuse.png	1.0 1.0	0.63229 0.98995	0.63229 0.99719	0.68789 0.98995
oolite_viper_diffuse.png	1.0 1.0	0.80948 0.75899	0.80948 0.78351	0.79521 0.78351
oolite_viper_diffuse.png	1.0 1.0	0.07360 0.37604	0.05837 0.27044	0.05837 0.40642
oolite_viper_diffuse.png	1.0 1.0	0.80636 0.02758	0.45722 0.03807	0.47371 0.02758
oolite_viper_diffuse.png	1.0 1.0	0.82285 0.03807	0.45722 0.03807	0.80636 0.02758
oolite_viper_diffuse.png	1.0 1.0	0.89452 0.48175	0.69121 0.64407	0.70593 0.90629

END
