// output from Obj2DatTex.py Wavefront text file conversion script
// (c) 2005 By Giles Williams
// 
// original file: "mainhull.obj"
// 
// model size: 73.942 x 40.305 x 136.682
// 
// textures used: ['oolite_python_diffuse.png']
// 
NVERTS 332
NFACES 542

VERTEX
36.96070, 0.01771, -35.77370
36.96070, 0.81699, -35.77370
36.94590, 0.02632, -22.19000
36.94590, 0.80837, -22.19000
7.60710, 0.01771, -70.21180
7.60710, 0.81698, -70.21180
6.89647, 3.50169, -65.13190
6.67042, 0.01771, -70.80790
6.67042, 0.81698, -70.80790
6.34969, 5.56740, -61.22320
6.32481, 2.60771, 50.51990
6.30173, 2.52017, 50.89170
6.26457, 0.09955, -69.12650
6.26457, 0.09955, -70.80790
6.26457, 0.73457, -69.12650
6.26457, 0.73457, -70.80790
6.11653, 2.81905, 50.27820
6.06083, 2.60771, 51.17580
5.94356, 2.05656, 50.36640
5.92049, 1.96902, 50.73830
5.79891, 3.03038, 50.30820
5.79507, 3.47929, -65.13190
5.74321, 2.81905, 51.20590
5.73529, 2.26789, 50.12480
5.67958, 2.05655, 51.02240
5.67672, 8.10982, -56.41250
5.55801, 3.11792, 50.59240
5.53493, 3.03038, 50.96420
5.41767, 2.47923, 50.15480
5.36197, 2.26789, 51.05250
5.24829, 5.54501, -61.22320
5.21406, 9.85774, -53.10510
5.17676, 2.56676, 50.43900
5.15369, 2.47923, 50.81080
4.88646, 17.89940, -4.42714
4.88646, 17.89990, -18.46850
4.88646, 17.90000, -19.82460
4.88646, 17.90040, -35.77370
4.58315, 12.24130, -48.59510
4.57532, 8.08743, -56.41250
4.31269, 18.20570, -19.82460
4.31263, 18.20570, -18.46850
4.14152, 13.90970, -45.43810
4.11266, 9.83534, -53.10510
3.48175, 12.21890, -48.59510
3.23108, -18.84190, -7.91000
3.23108, -18.84190, -12.61980
3.23108, -18.84190, -26.67020
3.23108, -18.84190, -31.37990
3.23108, -16.01310, -7.91000
3.23108, -16.01310, -12.61980
3.23108, -16.01310, -26.67020
3.23108, -16.01310, -31.37990
3.04012, 13.88730, -45.43810
2.78957, -18.18260, -3.26533
2.78957, -18.18260, -35.77370
2.78957, -17.81000, -1.38969
2.78957, -16.64120, -3.26533
2.78957, -16.64120, -35.77370
2.78957, -16.26860, -1.38969
2.78957, 18.64470, -1.38969
2.78957, 19.01730, -3.26533
2.78957, 19.01730, -18.46850
2.78957, 19.01730, -19.82460
2.78957, 19.01730, -26.55730
2.78957, 19.01730, -27.75990
2.78957, 19.01730, -31.06730
2.78957, 19.01730, -35.77370
2.78956, 19.01730, -32.27000
2.77516, 17.08870, -45.43810
2.77045, 16.45870, -48.59510
2.76372, 15.55860, -53.10510
2.75879, 14.89860, -56.41250
2.75162, 13.93860, -61.22320
2.74579, 13.15860, -65.13190
2.73821, -11.30900, -70.21180
2.73821, 12.14480, -70.21180
2.58745, -20.04600, -7.91000
2.58745, -20.04600, -12.61980
2.58745, -20.04600, -26.67020
2.58745, -20.04600, -31.37990
2.58417, 18.20570, -18.46850
2.58417, 18.20570, -19.82460
2.30279, 11.12740, -70.80790
2.03802, 19.01140, -26.55730
2.03802, 19.01140, -27.75990
2.03802, 19.01140, -31.06730
2.03802, 19.01140, -32.27000
2.02421, -11.03320, -70.80790
1.95382, 10.91070, -69.12650
1.95382, 10.91070, -70.80790
1.92480, 0.01771, 64.83660
1.92480, 0.80837, 64.83660
1.88194, 19.72810, -18.46850
1.88194, 19.72810, -19.82460
1.82980, 16.81090, -45.43810
1.82565, 16.18020, -48.59510
1.81941, 15.27960, -53.10510
1.81503, 14.61890, -56.41250
1.80849, 13.65810, -61.22320
1.80342, 12.87710, -65.13190
1.75458, -10.62740, -69.12650
1.75458, -10.62740, -70.80790
1.67760, -12.11710, -70.21180
1.67760, 12.95180, -70.21180
1.60859, 0.33447, 65.87430
1.60859, 0.33447, 65.13410
1.60859, 0.48142, 65.87430
1.60859, 0.48142, 65.13410
1.60776, 14.02920, -65.13190
1.55403, 14.85810, -61.22320
1.53873, 12.01510, -70.80790
1.48789, 15.87840, -56.41250
1.46884, 0.28907, 65.87430
1.46884, 0.28907, 65.13410
1.46884, 0.52683, 65.87430
1.46884, 0.52683, 65.13410
1.44242, 16.57980, -53.10510
1.38247, 0.40795, 65.87430
1.38247, 0.40795, 65.13410
1.38042, 17.53630, -48.59510
1.35256, 11.60930, -69.12650
1.35256, 11.60930, -70.80790
1.33702, 18.20590, -45.43810
1.22757, 13.36290, -65.13190
1.20393, -19.42440, -35.77370
1.20392, -19.42440, -2.60528
1.20392, -19.06500, -0.74283
1.20392, -0.02036, 65.49960
1.20392, 0.81698, 65.49960
1.20392, 4.81570, 51.59100
1.20392, 5.46860, 49.32010
1.20392, 8.65893, 38.22330
1.20392, 9.31183, 35.95230
1.20392, 12.51700, 24.80390
1.20392, 13.16990, 22.53290
1.20392, 17.02790, 9.11360
1.20392, 17.68080, 6.84264
1.20392, 19.86170, -0.74283
1.20392, 20.25910, -2.60528
1.20392, 20.25910, -26.55730
1.20392, 20.25910, -27.75990
1.20392, 20.25910, -31.06730
1.20392, 20.25910, -32.27000
1.20392, 20.25910, -35.77370
1.17268, 14.19230, -61.22320
1.10556, 15.21280, -56.41250
1.05926, 15.91450, -53.10510
0.99651, 16.87130, -48.59510
0.95225, 17.54110, -45.43810
0.80642, 19.95570, -26.55730
0.80642, 19.95570, -27.76000
0.80642, 19.95570, -31.06730
0.80642, 19.95570, -32.27000
0.79868, -18.54570, -0.52132
0.79868, -0.03256, 64.41960
0.79868, 0.95262, 64.41960
0.79868, 4.53927, 51.59100
0.79868, 5.16304, 49.32010
0.79868, 8.26951, 38.22330
0.79868, 8.90661, 35.95230
0.79868, 12.02760, 24.80390
0.79868, 12.67750, 22.53290
0.79868, 16.45480, 9.11361
0.79868, 17.09070, 6.84264
0.79868, 19.16550, -0.52132
-0.79868, -18.54570, -0.52132
-0.79868, -0.03256, 64.41960
-0.79868, 0.95262, 64.41960
-0.79868, 4.53927, 51.59100
-0.79868, 5.16304, 49.32010
-0.79868, 8.26951, 38.22330
-0.79868, 8.90661, 35.95230
-0.79868, 12.02760, 24.80390
-0.79868, 12.67750, 22.53290
-0.79868, 16.45480, 9.11360
-0.79868, 17.09070, 6.84264
-0.79868, 19.16550, -0.52132
-0.80642, 19.95570, -26.55730
-0.80642, 19.95570, -27.75990
-0.80642, 19.95570, -31.06730
-0.80642, 19.95570, -32.27000
-0.97128, 17.54100, -45.43810
-1.02177, 16.87120, -48.59510
-1.09342, 15.91440, -53.10510
-1.14626, 15.21270, -56.41250
-1.20392, -19.42440, -2.60528
-1.20392, -19.42440, -35.77370
-1.20392, -19.06500, -0.74283
-1.20392, -0.02036, 65.49960
-1.20392, 4.81570, 51.59100
-1.20392, 8.65893, 38.22330
-1.20392, 9.31183, 35.95230
-1.20392, 12.51700, 24.80390
-1.20392, 13.16990, 22.53290
-1.20392, 17.02790, 9.11360
-1.20392, 17.68080, 6.84264
-1.20392, 19.86170, -0.74283
-1.20392, 20.25910, -26.55730
-1.20392, 20.25910, -31.06730
-1.20392, 20.25910, -32.27000
-1.20392, 20.25910, -35.77370
-1.20393, 0.81698, 65.49960
-1.20393, 5.46860, 49.32010
-1.20393, 20.25910, -2.60528
-1.20393, 20.25910, -27.75990
-1.22287, 14.19210, -61.22320
-1.28548, 13.36280, -65.13190
-1.35613, 18.20590, -45.43810
-1.38199, 0.40765, 65.87430
-1.38199, 0.40765, 65.13410
-1.40577, 17.53630, -48.59510
-1.42099, 11.60930, -69.12650
-1.42099, 11.60930, -70.80790
-1.46836, 0.28876, 65.87430
-1.46836, 0.28876, 65.13410
-1.46836, 0.52653, 65.87430
-1.46836, 0.52653, 65.13410
-1.47667, 16.57980, -53.10510
-1.52867, 15.87840, -56.41250
-1.60430, 14.85810, -61.22320
-1.60675, 12.01510, -70.80790
-1.60811, 0.33417, 65.87430
-1.60811, 0.33417, 65.13410
-1.60811, 0.48112, 65.87430
-1.60811, 0.48112, 65.13410
-1.66576, 14.02920, -65.13190
-1.74562, -12.11710, -70.21180
-1.74562, 12.95180, -70.21180
-1.81921, -10.62740, -69.12650
-1.81921, -10.62740, -70.80790
-1.84451, 16.81600, -45.43810
-1.84660, 16.18530, -48.59510
-1.84926, 15.28470, -53.10510
-1.85141, 14.62400, -56.41250
-1.85437, 13.66320, -61.22320
-1.85702, 12.88220, -65.13190
-1.88194, 19.72810, -18.46850
-1.88194, 19.72810, -19.82460
-1.92480, 0.01771, 64.83660
-1.92480, 0.81698, 64.83660
-2.01831, 10.91760, -69.12650
-2.01831, 10.91760, -70.80790
-2.03802, 19.01140, -26.55730
-2.03802, 19.01140, -27.75990
-2.03802, 19.01140, -31.06730
-2.03802, 19.01140, -32.27000
-2.09223, -11.03320, -70.80790
-2.36883, 11.13260, -70.80790
-2.57933, 18.20570, -18.46850
-2.57933, 18.20570, -19.82460
-2.78957, -18.18260, -3.26533
-2.78957, -18.18260, -35.77370
-2.78957, -17.81000, -1.38969
-2.78957, -16.64120, -3.26533
-2.78957, -16.64120, -35.77370
-2.78957, -16.26860, -1.38969
-2.78957, 18.64470, -1.38969
-2.78957, 19.01730, -3.26533
-2.78957, 19.01730, -18.46850
-2.78957, 19.01730, -19.82460
-2.78957, 19.01730, -26.55730
-2.78957, 19.01730, -27.75990
-2.78957, 19.01730, -31.06730
-2.78957, 19.01730, -32.27000
-2.78957, 19.01730, -35.77370
-2.79424, 17.08870, -45.43810
-2.79577, 16.45870, -48.59510
-2.79796, 15.55860, -53.10510
-2.79956, 14.89860, -56.41250
-2.80189, 13.93860, -61.22320
-2.80378, 13.15860, -65.13190
-2.80624, -11.30900, -70.21180
-2.80624, 12.14480, -70.21180
-2.83375, -20.04600, -7.91000
-2.83375, -20.04600, -12.61980
-2.83375, -20.04600, -26.67020
-2.83375, -20.04600, -31.37990
-3.01172, 13.89950, -45.43810
-3.23108, -18.84190, -7.91000
-3.23108, -18.84190, -12.61980
-3.23108, -18.84190, -26.67020
-3.23108, -18.84190, -31.37990
-3.23108, -16.01310, -7.91000
-3.23108, -16.01310, -12.61980
-3.23108, -16.01310, -26.67020
-3.23108, -16.01310, -31.37990
-3.44590, 12.23110, -48.59510
-4.06615, 9.84755, -53.10510
-4.11868, 13.90970, -45.43810
-4.31353, 18.20570, -18.46850
-4.31359, 18.20570, -19.82460
-4.52100, 8.09964, -56.41250
-4.55286, 12.24130, -48.59510
-5.01546, 17.83140, -4.49788
-5.01546, 17.83180, -18.46850
-5.01546, 17.83190, -19.82460
-5.01546, 17.83240, -35.77370
-5.13282, 2.49585, 50.79910
-5.15589, 2.58339, 50.42730
-5.17310, 9.85774, -53.10510
-5.18259, 5.55722, -61.22320
-5.34109, 2.28451, 51.04080
-5.39680, 2.49585, 50.14310
-5.51406, 3.04700, 50.95250
-5.53714, 3.13454, 50.58070
-5.62795, 8.10982, -56.41250
-5.65871, 2.07318, 51.01070
-5.71442, 2.28451, 50.11310
-5.72014, 3.49150, -65.13190
-5.72234, 2.83567, 51.19420
-5.77804, 3.04700, 50.29650
-5.89962, 1.98564, 50.72660
-5.92269, 2.07318, 50.35480
-6.03996, 2.62433, 51.16420
-6.09566, 2.83567, 50.26650
-6.18319, 0.09712, -69.12650
-6.18319, 0.09712, -70.80790
-6.18319, 0.73718, -69.12650
-6.18319, 0.73718, -70.80790
-6.28086, 2.53679, 50.88000
-6.28955, 5.56740, -61.22320
-6.30393, 2.62433, 50.50820
-6.58904, 0.01770, -70.80790
-6.58904, 0.81698, -70.80790
-6.82710, 3.50169, -65.13190
-7.52573, 0.01771, -70.21180
-7.52573, 0.81698, -70.21180
-36.96610, 0.02632, -22.19000
-36.96610, 0.80837, -22.19000
-36.98090, 0.01770, -35.77370
-36.98090, 0.81698, -35.77370

FACES
128,127,127,	1.00000,0.00000,0.00109,	3,	0,3,1
128,127,127,	0.76105,0.00000,-0.64869,	3,	0,5,4
128,127,127,	0.43821,-0.89887,0.00105,	3,	0,58,2
128,127,127,	0.76105,0.00000,-0.64869,	3,	1,5,0
128,127,127,	0.43637,0.81929,-0.37195,	3,	1,67,5
128,127,127,	1.00000,0.00000,0.00109,	3,	2,3,0
128,127,127,	0.43855,-0.89871,0.00000,	3,	2,58,57
128,127,127,	0.92770,0.00000,0.37332,	3,	2,92,3
128,127,127,	0.47010,0.88261,0.00107,	3,	3,37,1
128,127,127,	0.55453,0.80168,0.22315,	3,	3,92,60
128,127,127,	0.41051,-0.84205,-0.34990,	3,	4,58,0
128,127,127,	0.91578,-0.39365,-0.07994,	3,	4,75,55
128,127,127,	0.53690,0.00000,-0.84365,	3,	5,7,4
128,127,127,	0.53690,0.00000,-0.84365,	3,	5,8,7
128,127,127,	0.52315,0.22486,-0.82204,	3,	5,76,8
128,127,127,	0.91579,0.39362,-0.07992,	3,	6,76,5
128,127,127,	0.00000,0.00000,-1.00000,	3,	7,15,13
128,127,127,	0.52314,-0.22488,-0.82204,	3,	7,75,4
128,127,127,	0.56657,-0.23821,-0.78884,	3,	7,88,75
128,127,127,	0.00000,0.00000,-1.00000,	3,	7,102,88
128,127,127,	0.00000,0.00000,-1.00000,	3,	8,15,7
128,127,127,	0.00000,0.00000,-1.00000,	3,	8,83,15
128,127,127,	-0.01796,0.88294,-0.46914,	3,	9,21,6
128,127,127,	-0.01795,0.88294,-0.46914,	3,	9,30,21
128,127,127,	0.00000,0.00000,-1.00000,	3,	9,73,30
128,127,127,	0.82997,-0.55225,-0.07851,	3,	10,19,11
128,127,127,	0.55450,0.80170,0.22317,	3,	10,20,16
128,127,127,	0.62949,-0.22861,-0.74262,	3,	10,23,18
128,127,127,	0.54419,-0.55222,0.63160,	3,	11,19,17
128,127,127,	0.55449,0.80170,0.22318,	3,	11,20,10
128,127,127,	0.55455,0.80168,0.22312,	3,	11,26,20
128,127,127,	-0.92184,0.38757,0.00000,	3,	12,102,13
128,127,127,	0.00000,0.00000,-1.00000,	3,	12,316,101
128,127,127,	-1.00000,0.00000,0.00000,	3,	13,14,12
128,127,127,	-1.00000,0.00000,0.00000,	3,	13,15,14
128,127,127,	0.00000,0.00000,-1.00000,	3,	13,102,7
128,127,127,	0.00000,0.00000,-1.00000,	3,	14,316,12
128,127,127,	0.00000,0.00000,-1.00000,	3,	14,318,316
128,127,127,	-0.92079,-0.39006,0.00000,	3,	15,89,14
128,127,127,	-0.92079,-0.39006,0.00000,	3,	15,90,89
128,127,127,	0.62953,-0.22879,-0.74253,	3,	16,23,10
128,127,127,	-0.06017,-0.22880,0.97161,	3,	17,24,22
128,127,127,	0.55452,0.80168,0.22318,	3,	17,26,11
128,127,127,	0.55452,0.80168,0.22318,	3,	17,27,26
128,127,127,	0.82997,-0.55225,-0.07851,	3,	18,19,10
128,127,127,	0.54419,-0.55222,0.63160,	3,	19,24,17
128,127,127,	0.06037,0.22867,-0.97163,	3,	20,23,16
128,127,127,	0.06038,0.22867,-0.97163,	3,	20,28,23
128,127,127,	0.00000,0.00000,1.00000,	3,	21,74,6
128,127,127,	0.00000,0.00000,1.00000,	3,	21,100,74
128,127,127,	0.55457,0.80168,0.22306,	3,	22,27,17
128,127,127,	-0.62953,0.22879,0.74253,	3,	22,33,27
128,127,127,	-0.06017,-0.22880,0.97161,	3,	24,29,22
128,127,127,	0.91579,0.39362,-0.07992,	3,	25,73,9
128,127,127,	-0.54429,0.55225,-0.63147,	3,	26,28,20
128,127,127,	-0.54429,0.55225,-0.63147,	3,	26,32,28
128,127,127,	-0.82997,0.55226,0.07851,	3,	26,33,32
128,127,127,	-0.82997,0.55225,0.07851,	3,	27,33,26
128,127,127,	-0.62953,0.22879,0.74253,	3,	29,33,22
128,127,127,	0.91764,0.38976,-0.07762,	3,	30,100,21
128,127,127,	-0.01795,0.88294,-0.46914,	3,	31,39,25
128,127,127,	-0.01796,0.88294,-0.46913,	3,	31,43,39
128,127,127,	0.00000,0.00000,-1.00000,	3,	31,71,43
128,127,127,	0.47044,0.88243,0.00003,	3,	34,37,3
128,127,127,	0.47028,0.88252,0.00003,	3,	34,62,35
128,127,127,	0.47022,0.88255,0.00007,	3,	35,40,36
128,127,127,	0.47030,0.88251,0.00002,	3,	35,41,40
128,127,127,	0.47025,0.88253,0.00002,	3,	36,63,37
128,127,127,	0.91579,0.39362,-0.07992,	3,	38,71,31
128,127,127,	0.00000,0.00000,1.00000,	3,	39,72,25
128,127,127,	0.00000,0.00000,1.00000,	3,	39,98,72
128,127,127,	0.00000,0.00000,1.00000,	3,	40,82,63
128,127,127,	0.00000,1.00000,0.00000,	3,	41,82,40
128,127,127,	-0.01796,0.88295,-0.46913,	3,	42,44,38
128,127,127,	-0.01796,0.88295,-0.46913,	3,	42,53,44
128,127,127,	0.00000,0.00000,-1.00000,	3,	42,69,53
128,127,127,	0.91841,0.38813,-0.07665,	3,	43,98,39
128,127,127,	0.00000,0.00000,1.00000,	3,	44,70,38
128,127,127,	0.00000,0.00000,1.00000,	3,	44,96,70
128,127,127,	1.00000,0.00000,0.00000,	3,	45,49,46
128,127,127,	0.00000,0.00000,1.00000,	3,	45,77,49
128,127,127,	0.88191,-0.47141,0.00000,	3,	45,78,77
128,127,127,	0.88191,-0.47141,0.00000,	3,	46,78,45
128,127,127,	1.00000,0.00000,0.00000,	3,	47,51,48
128,127,127,	0.00000,0.00000,1.00000,	3,	47,79,51
128,127,127,	0.88191,-0.47141,0.00000,	3,	47,80,79
128,127,127,	0.88191,-0.47141,0.00000,	3,	48,80,47
128,127,127,	1.00000,0.00000,0.00000,	3,	49,50,46
128,127,127,	0.00000,0.00000,-1.00000,	3,	50,78,46
128,127,127,	0.00000,0.00000,-1.00000,	3,	50,280,78
128,127,127,	0.00000,0.00000,-1.00000,	3,	50,284,280
128,127,127,	1.00000,0.00000,0.00000,	3,	51,52,48
128,127,127,	0.00000,0.00000,-1.00000,	3,	52,80,48
128,127,127,	0.00000,0.00000,-1.00000,	3,	52,282,80
128,127,127,	0.00000,0.00000,-1.00000,	3,	52,286,282
128,127,127,	0.92005,0.38464,-0.07457,	3,	53,96,44
128,127,127,	1.00000,0.00000,0.00000,	3,	54,58,55
128,127,127,	0.64731,-0.74761,0.14852,	3,	54,126,56
128,127,127,	0.99036,0.00000,0.13854,	3,	55,58,4
128,127,127,	0.61657,-0.78730,0.00000,	3,	55,125,54
128,127,127,	1.00000,0.00000,0.00000,	3,	56,57,54
128,127,127,	1.00000,0.00000,0.00000,	3,	56,59,57
128,127,127,	0.99991,0.00000,0.01306,	3,	56,91,59
128,127,127,	0.65736,-0.72547,0.20388,	3,	56,127,91
128,127,127,	1.00000,0.00000,0.00000,	3,	57,58,54
128,127,127,	0.50596,-0.84603,0.16806,	3,	57,59,2
128,127,127,	0.52224,-0.82652,0.21008,	3,	59,91,2
128,127,127,	0.53355,0.82956,0.16479,	3,	60,61,3
128,127,127,	0.64731,0.74761,0.14852,	3,	60,139,61
128,127,127,	0.47044,0.88243,0.00000,	3,	61,62,34
128,127,127,	0.61657,0.78730,0.00000,	3,	61,139,62
128,127,127,	0.00000,0.00000,-1.00000,	3,	62,81,41
128,127,127,	0.00000,0.00000,-1.00000,	3,	62,93,81
128,127,127,	0.61657,0.78730,-0.00000,	3,	62,139,93
128,127,127,	0.47012,0.88260,0.00000,	3,	63,67,37
128,127,127,	0.61657,0.78730,0.00000,	3,	63,140,64
128,127,127,	-0.00785,0.99997,0.00000,	3,	64,85,65
128,127,127,	0.00000,0.00000,-1.00000,	3,	64,140,84
128,127,127,	0.61657,0.78730,0.00000,	3,	65,141,66
128,127,127,	-0.00785,0.99997,0.00000,	3,	66,87,68
128,127,127,	0.00000,0.00000,-1.00000,	3,	66,142,86
128,127,127,	0.91579,0.39362,-0.07991,	3,	67,69,42
128,127,127,	0.60591,0.77997,-0.15655,	3,	67,123,69
128,127,127,	0.60894,0.77756,-0.15681,	3,	67,144,123
128,127,127,	0.61657,0.78730,0.00000,	3,	68,144,67
128,127,127,	0.00000,0.00000,-1.00000,	3,	69,95,53
128,127,127,	0.00000,0.00000,-1.00000,	3,	69,123,95
128,127,127,	0.91579,0.39362,-0.07992,	3,	70,71,38
128,127,127,	0.60395,0.78143,-0.15686,	3,	70,117,71
128,127,127,	0.60507,0.78050,-0.15721,	3,	70,120,117
128,127,127,	0.00000,0.00000,-1.00000,	3,	71,97,43
128,127,127,	0.00000,0.00000,-1.00000,	3,	71,117,97
128,127,127,	0.91579,0.39362,-0.07991,	3,	72,73,25
128,127,127,	0.60142,0.78331,-0.15721,	3,	72,110,73
128,127,127,	0.60294,0.78207,-0.15758,	3,	72,112,110
128,127,127,	0.00000,0.00000,-1.00000,	3,	73,99,30
128,127,127,	0.00000,0.00000,-1.00000,	3,	73,110,99
128,127,127,	0.91579,0.39362,-0.07992,	3,	74,76,6
128,127,127,	0.59795,0.78586,-0.15773,	3,	74,104,76
128,127,127,	0.59996,0.78426,-0.15808,	3,	74,109,104
128,127,127,	0.59847,-0.78548,-0.15767,	3,	75,103,55
128,127,127,	0.55115,0.23348,-0.80107,	3,	76,83,8
128,127,127,	0.38988,0.33558,-0.85754,	3,	76,111,83
128,127,127,	0.00000,-1.00000,0.00000,	3,	77,275,274
128,127,127,	0.00000,0.00000,1.00000,	3,	77,279,49
128,127,127,	0.00000,-1.00000,0.00000,	3,	78,275,77
128,127,127,	0.00000,0.00000,-1.00000,	3,	78,280,275
128,127,127,	0.00000,-1.00000,0.00000,	3,	79,277,276
128,127,127,	0.00000,0.00000,1.00000,	3,	79,281,51
128,127,127,	0.00000,-1.00000,0.00000,	3,	80,277,79
128,127,127,	0.00000,0.00000,-1.00000,	3,	80,282,277
128,127,127,	0.00000,1.00000,0.00000,	3,	81,82,41
128,127,127,	0.90805,0.41885,0.00000,	3,	81,93,82
128,127,127,	0.00000,0.00000,1.00000,	3,	82,94,63
128,127,127,	0.00000,0.00000,-1.00000,	3,	83,90,15
128,127,127,	0.00000,0.00000,-1.00000,	3,	83,122,90
128,127,127,	-0.00785,0.99997,0.00000,	3,	84,85,64
128,127,127,	0.60846,0.79358,0.00000,	3,	84,150,85
128,127,127,	0.00000,0.00000,1.00000,	3,	85,141,65
128,127,127,	-0.00017,-0.00011,1.00000,	3,	85,151,141
128,127,127,	-0.00785,0.99997,0.00000,	3,	86,87,66
128,127,127,	0.60846,0.79358,0.00000,	3,	86,152,87
128,127,127,	0.00000,0.00000,1.00000,	3,	87,143,68
128,127,127,	0.00000,0.00000,1.00000,	3,	87,153,143
128,127,127,	0.40891,-0.53668,-0.73809,	3,	88,103,75
128,127,127,	0.00000,-0.48189,-0.87623,	3,	88,227,103
128,127,127,	0.00000,-0.48189,-0.87623,	3,	88,247,227
128,127,127,	0.00000,0.00000,-1.00000,	3,	89,212,14
128,127,127,	-0.75794,-0.65233,0.00000,	3,	90,121,89
128,127,127,	-0.75794,-0.65233,0.00000,	3,	90,122,121
128,127,127,	0.92770,0.00000,0.37332,	3,	91,92,2
128,127,127,	0.67694,0.00000,0.73604,	3,	91,129,92
128,127,127,	0.64730,0.73384,0.20609,	3,	92,138,60
128,127,127,	0.90805,0.41885,0.00000,	3,	93,94,82
128,127,127,	0.61658,0.78729,0.00000,	3,	93,140,94
128,127,127,	0.61657,0.78730,0.00000,	3,	94,140,63
128,127,127,	0.92118,0.38135,-0.07740,	3,	95,96,53
128,127,127,	0.63278,0.75917,-0.15250,	3,	95,148,96
128,127,127,	0.63216,0.75972,-0.15232,	3,	95,149,148
128,127,127,	0.00000,0.00000,1.00000,	3,	96,120,70
128,127,127,	0.00000,0.00000,1.00000,	3,	96,148,120
128,127,127,	0.91873,0.38699,-0.07852,	3,	97,98,43
128,127,127,	0.63441,0.75786,-0.15223,	3,	97,146,98
128,127,127,	0.63359,0.75858,-0.15207,	3,	97,147,146
128,127,127,	0.00000,0.00000,1.00000,	3,	98,112,72
128,127,127,	0.00000,0.00000,1.00000,	3,	98,146,112
128,127,127,	0.91779,0.38913,-0.07894,	3,	99,100,30
128,127,127,	0.63734,0.75548,-0.15178,	3,	99,124,100
128,127,127,	0.63584,0.75678,-0.15165,	3,	99,145,124
128,127,127,	0.00000,0.00000,1.00000,	3,	100,109,74
128,127,127,	0.00000,0.00000,1.00000,	3,	100,124,109
128,127,127,	-0.92184,0.38757,0.00000,	3,	101,102,12
128,127,127,	0.00000,1.00000,0.00000,	3,	101,229,102
128,127,127,	0.00000,0.00000,-1.00000,	3,	101,316,229
128,127,127,	0.00000,0.00000,-1.00000,	3,	102,230,88
128,127,127,	0.60897,-0.77758,-0.15662,	3,	103,125,55
128,127,127,	0.00000,-0.97822,-0.20757,	3,	103,187,125
128,127,127,	0.00000,-0.97822,-0.20757,	3,	103,227,187
128,127,127,	0.35336,0.46440,-0.81208,	3,	104,111,76
128,127,127,	0.00000,0.53689,-0.84365,	3,	104,221,111
128,127,127,	0.00000,0.53689,-0.84365,	3,	104,228,221
128,127,127,	1.00000,0.00000,0.00000,	3,	105,108,106
128,127,127,	0.00000,0.00000,1.00000,	3,	105,115,107
128,127,127,	0.30897,-0.95107,0.00000,	3,	106,113,105
128,127,127,	0.30897,-0.95107,0.00000,	3,	106,114,113
128,127,127,	1.00000,0.00000,0.00000,	3,	107,108,105
128,127,127,	0.30903,0.95105,0.00000,	3,	107,116,108
128,127,127,	0.00000,0.97824,-0.20748,	3,	109,226,104
128,127,127,	0.00000,0.00000,-1.00000,	3,	110,145,99
128,127,127,	0.00000,0.00000,-1.00000,	3,	110,220,145
128,127,127,	0.00000,0.00000,-1.00000,	3,	111,122,83
128,127,127,	0.00000,0.00000,-1.00000,	3,	111,221,122
128,127,127,	0.00000,0.97824,-0.20747,	3,	112,219,110
128,127,127,	0.00000,0.00000,1.00000,	3,	113,115,105
128,127,127,	0.00000,0.00000,1.00000,	3,	113,118,115
128,127,127,	-0.80902,-0.58778,0.00000,	3,	113,119,118
128,127,127,	-0.80902,-0.58778,0.00000,	3,	114,119,113
128,127,127,	0.30903,0.95105,0.00000,	3,	115,116,107
128,127,127,	-0.80902,0.58778,0.00000,	3,	115,118,116
128,127,127,	0.00000,0.00000,-1.00000,	3,	117,147,97
128,127,127,	0.00000,0.00000,-1.00000,	3,	117,218,147
128,127,127,	-0.80902,0.58778,0.00000,	3,	118,119,116
128,127,127,	0.00000,0.97824,-0.20747,	3,	120,211,117
128,127,127,	0.00000,0.00000,-1.00000,	3,	121,212,89
128,127,127,	0.00000,-1.00000,0.00000,	3,	122,212,121
128,127,127,	0.00000,-1.00000,0.00000,	3,	122,213,212
128,127,127,	0.00000,0.00000,-1.00000,	3,	122,221,213
128,127,127,	0.00000,0.00000,-1.00000,	3,	123,149,95
128,127,127,	0.00000,0.00000,-1.00000,	3,	123,208,149
128,127,127,	0.00000,0.00000,1.00000,	3,	124,226,109
128,127,127,	0.61657,-0.78730,0.00000,	3,	125,126,54
128,127,127,	0.00000,-1.00000,0.00000,	3,	125,186,126
128,127,127,	0.00000,-1.00000,0.00000,	3,	125,187,186
128,127,127,	0.64960,-0.74650,0.14405,	3,	126,127,56
128,127,127,	0.00000,-0.98189,0.18948,	3,	126,188,127
128,127,127,	0.29162,-0.91929,0.26430,	3,	127,128,91
128,127,127,	-0.57754,-0.78458,0.22557,	3,	127,155,128
128,127,127,	0.00000,-0.39235,0.91982,	3,	127,188,154
128,127,127,	0.67694,0.00000,0.73604,	3,	128,129,91
128,127,127,	-0.93626,0.00000,0.35131,	3,	128,155,129
128,127,127,	0.25670,0.92886,0.26705,	3,	129,138,92
128,127,127,	-0.38307,0.88776,0.25523,	3,	129,156,138
128,127,127,	0.00000,0.96107,0.27631,	3,	130,190,131
128,127,127,	0.00000,0.00000,-1.00000,	3,	131,170,158
128,127,127,	0.00000,0.00000,-1.00000,	3,	131,203,170
128,127,127,	0.00000,0.96107,0.27630,	3,	132,191,133
128,127,127,	0.00000,0.00000,-1.00000,	3,	133,172,160
128,127,127,	0.00000,0.00000,-1.00000,	3,	133,192,172
128,127,127,	0.00000,0.96107,0.27630,	3,	134,193,135
128,127,127,	0.00000,0.00000,-1.00000,	3,	135,174,162
128,127,127,	0.00000,0.00000,-1.00000,	3,	135,194,174
128,127,127,	0.00000,0.96107,0.27631,	3,	136,195,137
128,127,127,	0.00000,0.00000,-1.00000,	3,	137,176,164
128,127,127,	0.00000,0.00000,-1.00000,	3,	137,196,176
128,127,127,	0.64127,0.75042,0.16012,	3,	138,139,60
128,127,127,	0.00000,0.97798,0.20868,	3,	138,204,139
128,127,127,	0.61658,0.78729,0.00000,	3,	139,140,93
128,127,127,	0.00000,1.00000,0.00000,	3,	139,204,140
128,127,127,	0.00000,0.00000,-1.00000,	3,	140,150,84
128,127,127,	0.00000,0.00000,-1.00000,	3,	140,178,150
128,127,127,	0.00000,0.00000,-1.00000,	3,	140,198,178
128,127,127,	0.00000,1.00000,0.00000,	3,	140,204,198
128,127,127,	0.61657,0.78730,0.00000,	3,	141,142,66
128,127,127,	0.00000,1.00000,0.00000,	3,	141,205,142
128,127,127,	0.00000,0.00000,-1.00000,	3,	142,152,86
128,127,127,	0.00000,0.00000,-1.00000,	3,	142,180,152
128,127,127,	0.00000,0.00000,-1.00000,	3,	142,199,180
128,127,127,	0.00000,1.00000,0.00000,	3,	142,205,199
128,127,127,	0.61657,0.78730,0.00000,	3,	143,144,68
128,127,127,	0.00000,1.00000,0.00000,	3,	143,201,144
128,127,127,	0.00000,0.97817,-0.20781,	3,	144,201,123
128,127,127,	-0.00008,0.97822,-0.20757,	3,	145,206,124
128,127,127,	0.00000,0.00000,-1.00000,	3,	145,220,206
128,127,127,	0.00000,0.00000,1.00000,	3,	146,219,112
128,127,127,	-0.00005,0.97823,-0.20754,	3,	147,184,146
128,127,127,	0.00000,0.00000,-1.00000,	3,	147,218,184
128,127,127,	0.00000,0.00000,1.00000,	3,	148,211,120
128,127,127,	-0.00005,0.97823,-0.20754,	3,	149,182,148
128,127,127,	0.00000,0.00000,-1.00000,	3,	149,208,182
128,127,127,	0.60846,0.79358,0.00000,	3,	150,151,85
128,127,127,	0.00000,1.00000,0.00000,	3,	150,178,151
128,127,127,	0.00000,-0.00033,1.00000,	3,	151,205,141
128,127,127,	0.60846,0.79358,0.00000,	3,	152,153,87
128,127,127,	0.00000,1.00000,0.00000,	3,	152,180,153
128,127,127,	0.00000,0.00000,1.00000,	3,	153,200,143
128,127,127,	-0.73455,-0.65256,0.18603,	3,	154,155,127
128,127,127,	0.00000,-0.96169,0.27415,	3,	154,166,155
128,127,127,	0.00000,-0.39235,0.91982,	3,	154,188,166
128,127,127,	-0.93626,0.00000,0.35131,	3,	155,156,129
128,127,127,	0.00000,0.00000,1.00000,	3,	155,168,156
128,127,127,	-0.83317,0.53248,0.14934,	3,	156,165,138
128,127,127,	0.00000,0.96285,0.27003,	3,	156,177,165
128,127,127,	0.00000,0.00000,1.00000,	3,	157,190,130
128,127,127,	0.00000,0.00000,1.00000,	3,	159,191,132
128,127,127,	0.00000,0.00000,1.00000,	3,	161,193,134
128,127,127,	0.00000,0.00002,1.00000,	3,	163,195,136
128,127,127,	0.00000,0.30319,0.95293,	3,	165,197,138
128,127,127,	0.00000,-0.96169,0.27415,	3,	166,167,155
128,127,127,	0.73455,-0.65256,0.18603,	3,	166,188,167
128,127,127,	0.00000,0.00000,1.00000,	3,	167,168,155
128,127,127,	0.93626,0.00000,0.35131,	3,	167,202,168
128,127,127,	0.00000,0.96285,0.27003,	3,	168,177,156
128,127,127,	0.83317,0.53248,0.14934,	3,	168,197,177
128,127,127,	0.38306,0.88776,0.25523,	3,	168,202,197
128,127,127,	0.00000,0.00000,1.00000,	3,	169,190,157
128,127,127,	0.00000,0.00000,1.00000,	3,	171,191,159
128,127,127,	0.00000,0.00000,1.00000,	3,	173,193,161
128,127,127,	-0.00001,-0.00000,1.00000,	3,	175,195,163
128,127,127,	0.00000,0.30319,0.95293,	3,	177,197,165
128,127,127,	0.00000,1.00000,0.00000,	3,	178,179,151
128,127,127,	-0.60846,0.79358,0.00000,	3,	178,243,179
128,127,127,	0.00006,0.00008,1.00000,	3,	179,205,151
128,127,127,	0.00000,0.00000,1.00000,	3,	179,244,205
128,127,127,	0.00000,1.00000,0.00000,	3,	180,181,153
128,127,127,	-0.60846,0.79358,0.00000,	3,	180,245,181
128,127,127,	0.00000,0.00000,1.00000,	3,	181,200,153
128,127,127,	0.00000,0.00000,1.00000,	3,	181,246,200
128,127,127,	-0.00005,0.97823,-0.20754,	3,	182,183,148
128,127,127,	-0.63143,0.76053,-0.15126,	3,	182,231,183
128,127,127,	0.00000,0.00000,1.00000,	3,	183,211,148
128,127,127,	0.00000,0.00000,1.00000,	3,	183,232,211
128,127,127,	-0.00004,0.97823,-0.20754,	3,	184,185,146
128,127,127,	-0.63274,0.75949,-0.15103,	3,	184,233,185
128,127,127,	0.00000,0.00000,1.00000,	3,	185,219,146
128,127,127,	0.00000,0.00000,1.00000,	3,	185,234,219
128,127,127,	0.00000,-0.98189,0.18948,	3,	186,188,126
128,127,127,	-0.64960,-0.74650,0.14405,	3,	186,253,188
128,127,127,	-0.61657,-0.78730,0.00000,	3,	187,251,186
128,127,127,	-0.61657,-0.78730,0.00000,	3,	187,252,251
128,127,127,	0.57754,-0.78458,0.22557,	3,	188,189,167
128,127,127,	-0.29162,-0.91929,0.26430,	3,	188,239,189
128,127,127,	-0.65736,-0.72547,0.20388,	3,	188,253,239
128,127,127,	0.93626,0.00001,0.35131,	3,	189,202,167
128,127,127,	-0.67694,-0.00001,0.73604,	3,	189,239,202
128,127,127,	0.00000,0.96107,0.27631,	3,	190,203,131
128,127,127,	0.00000,0.96107,0.27630,	3,	191,192,133
128,127,127,	0.00000,0.96107,0.27630,	3,	193,194,135
128,127,127,	0.00000,0.96107,0.27631,	3,	195,196,137
128,127,127,	0.00000,0.97798,0.20868,	3,	197,204,138
128,127,127,	-0.64127,0.75042,0.16012,	3,	197,257,204
128,127,127,	0.00000,0.00000,-1.00000,	3,	198,243,178
128,127,127,	0.00000,0.00000,-1.00000,	3,	198,261,243
128,127,127,	0.00000,0.00000,-1.00000,	3,	199,245,180
128,127,127,	0.00000,0.00000,-1.00000,	3,	199,263,245
128,127,127,	0.00000,1.00000,0.00000,	3,	200,201,143
128,127,127,	-0.61657,0.78730,0.00000,	3,	200,264,201
128,127,127,	0.00000,0.97817,-0.20781,	3,	201,208,123
128,127,127,	-0.60906,0.77771,-0.15563,	3,	201,265,208
128,127,127,	-0.24630,0.93146,0.26780,	3,	202,240,197
128,127,127,	-0.61658,0.78729,-0.00000,	3,	204,237,198
128,127,127,	-0.61657,0.78730,-0.00000,	3,	204,259,237
128,127,127,	-0.61657,0.78730,-0.00000,	3,	205,262,199
128,127,127,	-0.00004,0.97823,-0.20755,	3,	206,207,124
128,127,127,	-0.63475,0.75789,-0.15063,	3,	206,235,207
128,127,127,	0.00000,0.00000,1.00000,	3,	207,226,124
128,127,127,	0.00000,0.00000,1.00000,	3,	207,236,226
128,127,127,	0.00000,0.00000,-1.00000,	3,	208,231,182
128,127,127,	0.00000,0.00000,-1.00000,	3,	208,266,231
128,127,127,	0.80902,0.58778,0.00000,	3,	209,217,210
128,127,127,	0.80904,-0.58775,0.00000,	3,	210,214,209
128,127,127,	0.80904,-0.58775,0.00000,	3,	210,215,214
128,127,127,	0.00000,0.97824,-0.20747,	3,	211,218,117
128,127,127,	-0.60519,0.78064,-0.15605,	3,	211,267,218
128,127,127,	0.00000,0.00000,-1.00000,	3,	212,241,14
128,127,127,	0.75685,-0.65358,0.00000,	3,	212,242,241
128,127,127,	0.75685,-0.65358,0.00000,	3,	213,242,212
128,127,127,	0.00000,0.00000,-1.00000,	3,	213,248,242
128,127,127,	0.00000,0.00000,1.00000,	3,	214,216,209
128,127,127,	0.00000,0.00000,1.00000,	3,	214,222,216
128,127,127,	-0.30903,-0.95105,0.00000,	3,	215,222,214
128,127,127,	-0.30903,-0.95105,0.00000,	3,	215,223,222
128,127,127,	0.80902,0.58778,0.00000,	3,	216,217,209
128,127,127,	-0.30903,0.95105,0.00000,	3,	216,224,217
128,127,127,	0.00000,0.00000,-1.00000,	3,	218,233,184
128,127,127,	0.00000,0.00000,-1.00000,	3,	218,268,233
128,127,127,	0.00000,0.97824,-0.20747,	3,	219,220,110
128,127,127,	-0.60305,0.78221,-0.15642,	3,	219,269,220
128,127,127,	0.00000,0.00000,-1.00000,	3,	220,235,206
128,127,127,	0.00000,0.00000,-1.00000,	3,	220,270,235
128,127,127,	0.00000,0.00000,-1.00000,	3,	221,248,213
128,127,127,	-0.38966,0.33649,-0.85729,	3,	221,273,248
128,127,127,	0.00000,0.00000,1.00000,	3,	222,224,216
128,127,127,	-1.00000,0.00000,0.00000,	3,	222,225,224
128,127,127,	-1.00000,0.00000,0.00000,	3,	223,225,222
128,127,127,	-0.30903,0.95105,0.00000,	3,	224,225,217
128,127,127,	0.00000,0.97824,-0.20748,	3,	226,228,104
128,127,127,	-0.60008,0.78440,-0.15693,	3,	226,271,228
128,127,127,	-0.60908,-0.77773,-0.15544,	3,	227,252,187
128,127,127,	-0.59858,-0.78563,-0.15652,	3,	227,272,252
128,127,127,	-0.35335,0.46441,-0.81208,	3,	228,273,221
128,127,127,	0.00000,1.00000,0.00000,	3,	229,230,102
128,127,127,	0.92625,0.37691,0.00000,	3,	229,316,230
128,127,127,	0.00000,0.00000,-1.00000,	3,	230,247,88
128,127,127,	0.00000,0.00000,-1.00000,	3,	230,323,247
128,127,127,	-0.63201,0.76002,-0.15142,	3,	231,232,183
128,127,127,	-0.92590,0.37056,-0.07342,	3,	231,278,232
128,127,127,	0.00000,0.00000,1.00000,	3,	232,267,211
128,127,127,	0.00000,0.00000,1.00000,	3,	232,287,267
128,127,127,	-0.63351,0.75882,-0.15117,	3,	233,234,185
128,127,127,	-0.92341,0.37650,-0.07461,	3,	233,288,234
128,127,127,	0.00000,0.00000,1.00000,	3,	234,269,219
128,127,127,	0.00000,0.00000,1.00000,	3,	234,292,269
128,127,127,	-0.63623,0.75662,-0.15075,	3,	235,236,207
128,127,127,	-0.92245,0.37875,-0.07505,	3,	235,301,236
128,127,127,	0.00000,0.00000,1.00000,	3,	236,271,226
128,127,127,	0.00000,0.00000,1.00000,	3,	236,309,271
128,127,127,	-0.61658,0.78729,0.00000,	3,	237,238,198
128,127,127,	-0.90915,0.41647,0.00000,	3,	237,250,238
128,127,127,	0.00000,0.00000,-1.00000,	3,	237,259,249
128,127,127,	-0.61657,0.78730,0.00000,	3,	238,260,198
128,127,127,	-0.67695,0.00000,0.73603,	3,	239,240,202
128,127,127,	-0.92763,0.00000,0.37351,	3,	239,328,240
128,127,127,	-0.64729,0.73387,0.20601,	3,	240,257,197
128,127,127,	-0.55427,0.80188,0.22310,	3,	240,329,257
128,127,127,	0.00000,0.00000,-1.00000,	3,	241,318,14
128,127,127,	0.92554,-0.37865,0.00000,	3,	241,319,318
128,127,127,	0.92554,-0.37865,0.00000,	3,	242,319,241
128,127,127,	-0.60846,0.79358,0.00000,	3,	243,244,179
128,127,127,	0.00785,0.99997,0.00000,	3,	243,261,244
128,127,127,	0.00000,0.00000,1.00000,	3,	244,262,205
128,127,127,	-0.60846,0.79358,0.00000,	3,	245,246,181
128,127,127,	0.00785,0.99997,0.00000,	3,	245,263,246
128,127,127,	0.00000,0.00000,1.00000,	3,	246,264,200
128,127,127,	-0.40890,-0.53668,-0.73809,	3,	247,272,227
128,127,127,	-0.56918,-0.23161,-0.78892,	3,	247,323,272
128,127,127,	0.00000,0.00000,-1.00000,	3,	248,319,242
128,127,127,	0.00000,0.00000,-1.00000,	3,	248,324,319
128,127,127,	-0.90915,0.41647,0.00000,	3,	249,250,237
128,127,127,	0.00000,1.00000,0.00000,	3,	249,290,250
128,127,127,	0.00000,0.00000,1.00000,	3,	250,260,238
128,127,127,	0.00000,0.00000,1.00000,	3,	250,291,260
128,127,127,	-0.64731,-0.74761,0.14852,	3,	251,253,186
128,127,127,	-1.00000,0.00000,0.00000,	3,	251,254,253
128,127,127,	-1.00000,0.00000,0.00000,	3,	252,254,251
128,127,127,	-1.00000,0.00000,0.00000,	3,	252,255,254
128,127,127,	-0.99068,0.00000,0.13624,	3,	252,326,255
128,127,127,	-0.99991,0.00000,0.01306,	3,	253,256,239
128,127,127,	-1.00000,0.00000,0.00000,	3,	254,256,253
128,127,127,	-0.50574,-0.84615,0.16809,	3,	254,328,256
128,127,127,	-0.43834,-0.89881,0.00000,	3,	255,328,254
128,127,127,	-0.43800,-0.89897,0.00105,	3,	255,330,328
128,127,127,	-0.52201,-0.82666,0.21011,	3,	256,328,239
128,127,127,	-0.64732,0.74761,0.14851,	3,	257,258,204
128,127,127,	-0.53332,0.82970,0.16482,	3,	257,329,258
128,127,127,	-0.61657,0.78730,0.00000,	3,	258,259,204
128,127,127,	-0.47021,0.88256,0.00000,	3,	258,294,259
128,127,127,	0.00000,0.00000,-1.00000,	3,	259,290,249
128,127,127,	-0.61657,0.78730,0.00000,	3,	260,261,198
128,127,127,	-0.46990,0.88272,0.00000,	3,	260,297,265
128,127,127,	0.00785,0.99997,0.00000,	3,	261,262,244
128,127,127,	-0.61657,0.78730,0.00000,	3,	262,263,199
128,127,127,	0.00785,0.99997,0.00000,	3,	263,264,246
128,127,127,	-0.61657,0.78730,0.00000,	3,	264,265,201
128,127,127,	-0.60603,0.78011,-0.15538,	3,	265,266,208
128,127,127,	-0.92042,0.38347,-0.07608,	3,	265,289,266
128,127,127,	-0.43599,0.81906,-0.37291,	3,	265,331,327
128,127,127,	0.00000,0.00000,-1.00000,	3,	266,278,231
128,127,127,	0.00000,0.00000,-1.00000,	3,	266,289,278
128,127,127,	-0.60407,0.78158,-0.15569,	3,	267,268,218
128,127,127,	-0.92041,0.38347,-0.07609,	3,	267,293,268
128,127,127,	0.00000,0.00000,-1.00000,	3,	268,288,233
128,127,127,	0.00000,0.00000,-1.00000,	3,	268,300,288
128,127,127,	-0.60153,0.78346,-0.15605,	3,	269,270,220
128,127,127,	-0.92041,0.38347,-0.07608,	3,	269,306,270
128,127,127,	0.00000,0.00000,-1.00000,	3,	270,301,235
128,127,127,	0.00000,0.00000,-1.00000,	3,	270,321,301
128,127,127,	-0.59806,0.78601,-0.15658,	3,	271,273,228
128,127,127,	-0.92041,0.38347,-0.07608,	3,	271,325,273
128,127,127,	-0.92040,-0.38350,-0.07610,	3,	272,326,252
128,127,127,	-0.55833,0.22842,-0.79756,	3,	273,324,248
128,127,127,	-0.52394,0.21829,-0.82331,	3,	273,327,324
128,127,127,	0.00000,0.00000,1.00000,	3,	274,279,77
128,127,127,	-0.94963,-0.31336,0.00000,	3,	274,280,279
128,127,127,	-0.94963,-0.31336,0.00000,	3,	275,280,274
128,127,127,	0.00000,0.00000,1.00000,	3,	276,281,79
128,127,127,	-0.94963,-0.31336,0.00000,	3,	276,282,281
128,127,127,	-0.94963,-0.31336,0.00000,	3,	277,282,276
128,127,127,	-0.92474,0.37402,-0.07048,	3,	278,287,232
128,127,127,	0.00814,0.88364,-0.46810,	3,	278,289,287
128,127,127,	0.00000,0.00000,1.00000,	3,	279,283,49
128,127,127,	-1.00000,0.00000,0.00000,	3,	279,284,283
128,127,127,	-1.00000,0.00000,0.00000,	3,	280,284,279
128,127,127,	0.00000,0.00000,1.00000,	3,	281,285,51
128,127,127,	-1.00000,0.00000,0.00000,	3,	281,286,285
128,127,127,	-1.00000,0.00000,0.00000,	3,	282,286,281
128,127,127,	0.00000,0.00000,1.00000,	3,	287,293,267
128,127,127,	-0.92307,0.37770,-0.07266,	3,	288,292,234
128,127,127,	0.00813,0.88363,-0.46811,	3,	288,300,292
128,127,127,	0.00814,0.88364,-0.46810,	3,	289,293,287
128,127,127,	0.00000,1.00000,0.00000,	3,	290,291,250
128,127,127,	-0.47014,0.88259,0.00002,	3,	290,295,291
128,127,127,	0.00000,0.00000,1.00000,	3,	292,306,269
128,127,127,	-0.92041,0.38347,-0.07609,	3,	293,300,268
128,127,127,	-0.47008,0.88262,0.00003,	3,	294,295,259
128,127,127,	-0.47023,0.88254,0.00003,	3,	294,329,297
128,127,127,	-0.47007,0.88263,0.00007,	3,	295,296,291
128,127,127,	-0.47005,0.88264,0.00003,	3,	296,297,260
128,127,127,	0.82997,0.55226,0.07853,	3,	298,305,299
128,127,127,	0.62953,0.22879,0.74253,	3,	298,310,304
128,127,127,	0.54428,0.55226,-0.63148,	3,	299,305,303
128,127,127,	0.00813,0.88363,-0.46811,	3,	300,306,292
128,127,127,	-0.92229,0.37941,-0.07368,	3,	301,309,236
128,127,127,	0.00813,0.88363,-0.46811,	3,	301,321,309
128,127,127,	0.62953,0.22880,0.74252,	3,	302,310,298
128,127,127,	-0.06038,0.22867,-0.97163,	3,	303,311,308
128,127,127,	0.82997,0.55225,0.07851,	3,	304,305,298
128,127,127,	-0.55449,0.80170,0.22318,	3,	304,314,305
128,127,127,	0.54429,0.55225,-0.63147,	3,	305,311,303
128,127,127,	-0.55455,0.80168,0.22312,	3,	305,320,311
128,127,127,	-0.92041,0.38347,-0.07608,	3,	306,321,270
128,127,127,	0.06016,-0.22881,0.97161,	3,	307,310,302
128,127,127,	0.06046,-0.22878,0.97160,	3,	307,314,310
128,127,127,	-0.62954,-0.22880,-0.74252,	3,	308,322,313
128,127,127,	0.00000,0.00000,1.00000,	3,	309,325,271
128,127,127,	-0.55452,0.80170,0.22312,	3,	310,314,304
128,127,127,	-0.06037,0.22867,-0.97163,	3,	311,315,308
128,127,127,	-0.55449,0.80170,0.22319,	3,	311,322,315
128,127,127,	-0.54413,-0.55229,0.63158,	3,	312,314,307
128,127,127,	-0.54429,-0.55225,0.63147,	3,	312,320,314
128,127,127,	-0.82997,-0.55225,-0.07853,	3,	312,322,320
128,127,127,	-0.82997,-0.55225,-0.07853,	3,	313,322,312
128,127,127,	-0.55455,0.80168,0.22312,	3,	314,320,305
128,127,127,	-0.62954,-0.22879,-0.74252,	3,	315,322,308
128,127,127,	0.92625,0.37691,0.00000,	3,	316,317,230
128,127,127,	1.00000,0.00000,0.00000,	3,	316,318,317
128,127,127,	0.00000,0.00000,-1.00000,	3,	317,323,230
128,127,127,	1.00000,0.00000,0.00000,	3,	318,319,317
128,127,127,	0.00000,0.00000,-1.00000,	3,	319,323,317
128,127,127,	0.00000,0.00000,-1.00000,	3,	319,324,323
128,127,127,	-0.55451,0.80170,0.22317,	3,	320,322,311
128,127,127,	0.00813,0.88363,-0.46811,	3,	321,325,309
128,127,127,	-0.52394,-0.21831,-0.82330,	3,	323,326,272
128,127,127,	-0.53689,0.00000,-0.84365,	3,	323,327,326
128,127,127,	-0.53689,0.00000,-0.84365,	3,	324,327,323
128,127,127,	-0.92041,0.38347,-0.07608,	3,	325,327,273
128,127,127,	-0.41017,-0.84184,-0.35082,	3,	326,330,255
128,127,127,	-0.75995,0.00000,-0.64999,	3,	327,330,326
128,127,127,	-0.75995,0.00000,-0.64999,	3,	327,331,330
128,127,127,	-0.92763,0.00000,0.37351,	3,	328,329,240
128,127,127,	-1.00000,0.00000,0.00109,	3,	328,330,329
128,127,127,	-0.46988,0.88273,0.00107,	3,	329,331,297
128,127,127,	-1.00000,0.00000,0.00109,	3,	330,331,329

TEXTURES
oolite_python_diffuse.png	1.0 1.0	0.00222 0.26290	0.00785 0.35395	0.00776 0.26290
oolite_python_diffuse.png	1.0 1.0	0.00298 0.26019	0.18470 0.00561	0.17993 0.00282
oolite_python_diffuse.png	1.0 1.0	0.45394 0.69522	0.71403 0.74770	0.45385 0.65482
oolite_python_diffuse.png	1.0 1.0	0.00776 0.26290	0.18470 0.00561	0.00298 0.26019
oolite_python_diffuse.png	1.0 1.0	0.00776 0.26290	0.27559 0.26290	0.18470 0.00561
oolite_python_diffuse.png	1.0 1.0	0.00228 0.35395	0.00785 0.35395	0.00222 0.26290
oolite_python_diffuse.png	1.0 1.0	0.45385 0.65482	0.71403 0.74770	0.71403 0.52526
oolite_python_diffuse.png	1.0 1.0	0.00274 0.35579	0.21685 0.96883	0.00785 0.35395
oolite_python_diffuse.png	1.0 1.0	0.00785 0.35395	0.25917 0.26290	0.00776 0.26290
oolite_python_diffuse.png	1.0 1.0	0.00785 0.35395	0.21685 0.96883	0.27417 0.49795
oolite_python_diffuse.png	1.0 1.0	0.62795 0.99722	0.71403 0.74770	0.45394 0.69522
oolite_python_diffuse.png	1.0 1.0	0.62795 0.99722	0.71172 0.98694	0.72468 0.74654
oolite_python_diffuse.png	1.0 1.0	0.52808 0.85567	0.51907 0.86339	0.52808 0.86339
oolite_python_diffuse.png	1.0 1.0	0.52808 0.85567	0.51907 0.85567	0.51907 0.86339
oolite_python_diffuse.png	1.0 1.0	0.52808 0.85567	0.48122 0.74634	0.51907 0.85567
oolite_python_diffuse.png	1.0 1.0	0.45236 0.04310	0.52941 0.01945	0.43920 0.00192
oolite_python_diffuse.png	1.0 1.0	0.51907 0.86339	0.51516 0.85647	0.51516 0.86260
oolite_python_diffuse.png	1.0 1.0	0.51907 0.86339	0.48122 0.97271	0.52808 0.86339
oolite_python_diffuse.png	1.0 1.0	0.51907 0.86339	0.47435 0.97005	0.48122 0.97271
oolite_python_diffuse.png	1.0 1.0	0.51907 0.86339	0.47176 0.96613	0.47435 0.97005
oolite_python_diffuse.png	1.0 1.0	0.51907 0.85567	0.51516 0.85647	0.51907 0.86339
oolite_python_diffuse.png	1.0 1.0	0.51907 0.85567	0.47703 0.75616	0.51516 0.85647
oolite_python_diffuse.png	1.0 1.0	0.46541 0.08046	0.46316 0.04792	0.45498 0.04894
oolite_python_diffuse.png	1.0 1.0	0.46541 0.08046	0.47359 0.07940	0.46316 0.04792
oolite_python_diffuse.png	1.0 1.0	0.33130 0.10062	0.30075 0.03439	0.32195 0.10080
oolite_python_diffuse.png	1.0 1.0	0.00425 0.11055	0.01453 0.12905	0.01453 0.11055
oolite_python_diffuse.png	1.0 1.0	0.00590 0.10136	0.01300 0.08355	0.00590 0.09075
oolite_python_diffuse.png	1.0 1.0	0.08686 0.11055	0.07662 0.12905	0.08686 0.12905
oolite_python_diffuse.png	1.0 1.0	0.01453 0.11055	0.01453 0.12905	0.02504 0.11055
oolite_python_diffuse.png	1.0 1.0	0.01300 0.10841	0.01300 0.08355	0.00590 0.10136
oolite_python_diffuse.png	1.0 1.0	0.01300 0.10841	0.02331 0.08370	0.01300 0.08355
oolite_python_diffuse.png	1.0 1.0	0.30656 0.98479	0.21445 0.99809	0.30656 0.99809
oolite_python_diffuse.png	1.0 1.0	0.51178 0.86250	0.39708 0.86252	0.46968 0.96443
oolite_python_diffuse.png	1.0 1.0	0.30656 0.99809	0.31176 0.98479	0.30656 0.98479
oolite_python_diffuse.png	1.0 1.0	0.30656 0.99809	0.31176 0.99809	0.31176 0.98479
oolite_python_diffuse.png	1.0 1.0	0.51516 0.86260	0.47176 0.96613	0.51907 0.86339
oolite_python_diffuse.png	1.0 1.0	0.51178 0.85655	0.39708 0.86252	0.51178 0.86250
oolite_python_diffuse.png	1.0 1.0	0.51178 0.85655	0.39708 0.85653	0.39708 0.86252
oolite_python_diffuse.png	1.0 1.0	0.31176 0.99809	0.39914 0.98479	0.31176 0.98479
oolite_python_diffuse.png	1.0 1.0	0.31176 0.99809	0.39914 0.99809	0.39914 0.98479
oolite_python_diffuse.png	1.0 1.0	0.07662 0.11055	0.07662 0.12905	0.08686 0.11055
oolite_python_diffuse.png	1.0 1.0	0.02504 0.11055	0.02504 0.12905	0.03528 0.11055
oolite_python_diffuse.png	1.0 1.0	0.02331 0.10857	0.02331 0.08370	0.01300 0.10841
oolite_python_diffuse.png	1.0 1.0	0.02331 0.10857	0.03079 0.09075	0.02331 0.08370
oolite_python_diffuse.png	1.0 1.0	0.00425 0.12905	0.01453 0.12905	0.00425 0.11055
oolite_python_diffuse.png	1.0 1.0	0.01453 0.12905	0.02504 0.12905	0.02504 0.11055
oolite_python_diffuse.png	1.0 1.0	0.06641 0.11055	0.07662 0.12905	0.07662 0.11055
oolite_python_diffuse.png	1.0 1.0	0.06641 0.11055	0.06641 0.12905	0.07662 0.12905
oolite_python_diffuse.png	1.0 1.0	0.22801 0.08460	0.25390 0.00801	0.21866 0.08443
oolite_python_diffuse.png	1.0 1.0	0.22801 0.08460	0.26191 0.01024	0.25390 0.00801
oolite_python_diffuse.png	1.0 1.0	0.03079 0.10136	0.03079 0.09075	0.02331 0.10857
oolite_python_diffuse.png	1.0 1.0	0.03528 0.11055	0.04574 0.12905	0.04574 0.11055
oolite_python_diffuse.png	1.0 1.0	0.02504 0.12905	0.03528 0.12905	0.03528 0.11055
oolite_python_diffuse.png	1.0 1.0	0.47575 0.12113	0.52977 0.09413	0.46292 0.08241
oolite_python_diffuse.png	1.0 1.0	0.05625 0.11055	0.06641 0.12905	0.06641 0.11055
oolite_python_diffuse.png	1.0 1.0	0.05625 0.11055	0.05625 0.12905	0.06641 0.12905
oolite_python_diffuse.png	1.0 1.0	0.05625 0.11055	0.04574 0.12905	0.05625 0.12905
oolite_python_diffuse.png	1.0 1.0	0.04574 0.11055	0.04574 0.12905	0.05625 0.11055
oolite_python_diffuse.png	1.0 1.0	0.03528 0.12905	0.04574 0.12905	0.03528 0.11055
oolite_python_diffuse.png	1.0 1.0	0.47359 0.07940	0.53823 0.06143	0.46316 0.04792
oolite_python_diffuse.png	1.0 1.0	0.48512 0.15312	0.48459 0.12539	0.47641 0.12642
oolite_python_diffuse.png	1.0 1.0	0.48512 0.15312	0.49332 0.15208	0.48459 0.12539
oolite_python_diffuse.png	1.0 1.0	0.32114 0.13438	0.30034 0.08927	0.31179 0.13456
oolite_python_diffuse.png	1.0 1.0	0.25917 0.47690	0.25917 0.26290	0.00785 0.35395
oolite_python_diffuse.png	1.0 1.0	0.25917 0.47690	0.27559 0.37982	0.25917 0.37983
oolite_python_diffuse.png	1.0 1.0	0.34685 0.05898	0.32723 0.04962	0.32723 0.05898
oolite_python_diffuse.png	1.0 1.0	0.34685 0.05898	0.34685 0.04962	0.32723 0.04962
oolite_python_diffuse.png	1.0 1.0	0.25917 0.37077	0.27559 0.37077	0.25917 0.26290
oolite_python_diffuse.png	1.0 1.0	0.50020 0.19222	0.53398 0.16383	0.48816 0.15585
oolite_python_diffuse.png	1.0 1.0	0.23837 0.11594	0.25379 0.06205	0.22902 0.11576
oolite_python_diffuse.png	1.0 1.0	0.23837 0.11594	0.26181 0.06426	0.25379 0.06205
oolite_python_diffuse.png	1.0 1.0	0.32723 0.04962	0.32723 0.02477	0.31557 0.02773
oolite_python_diffuse.png	1.0 1.0	0.34685 0.04962	0.32723 0.02477	0.32723 0.04962
oolite_python_diffuse.png	1.0 1.0	0.84632 0.11020	0.87281 0.10996	0.87181 0.10189
oolite_python_diffuse.png	1.0 1.0	0.84632 0.11020	0.84732 0.11840	0.87281 0.10996
oolite_python_diffuse.png	1.0 1.0	0.31188 0.16265	0.30028 0.13749	0.30253 0.16282
oolite_python_diffuse.png	1.0 1.0	0.49332 0.15208	0.53668 0.13481	0.48459 0.12539
oolite_python_diffuse.png	1.0 1.0	0.24735 0.14741	0.25338 0.11386	0.23799 0.14723
oolite_python_diffuse.png	1.0 1.0	0.24735 0.14741	0.26141 0.11607	0.25338 0.11386
oolite_python_diffuse.png	1.0 1.0	0.99871 0.82767	0.99871 0.79571	0.94534 0.82767
oolite_python_diffuse.png	1.0 1.0	0.92622 0.98555	0.93071 0.99916	0.92625 0.95340
oolite_python_diffuse.png	1.0 1.0	0.99871 0.82767	0.94534 0.84325	0.99871 0.84325
oolite_python_diffuse.png	1.0 1.0	0.94534 0.82767	0.94534 0.84325	0.99871 0.82767
oolite_python_diffuse.png	1.0 1.0	0.73360 0.03417	0.73360 0.00221	0.68023 0.03417
oolite_python_diffuse.png	1.0 1.0	0.79182 0.03364	0.79632 0.04726	0.79186 0.00149
oolite_python_diffuse.png	1.0 1.0	0.73360 0.03417	0.68023 0.04976	0.73360 0.04976
oolite_python_diffuse.png	1.0 1.0	0.68023 0.03417	0.68023 0.04976	0.73360 0.03417
oolite_python_diffuse.png	1.0 1.0	0.99871 0.79571	0.94534 0.79571	0.94534 0.82767
oolite_python_diffuse.png	1.0 1.0	0.92429 0.95312	0.91698 0.99889	0.92429 0.98511
oolite_python_diffuse.png	1.0 1.0	0.92429 0.95312	0.85119 0.98528	0.91698 0.99889
oolite_python_diffuse.png	1.0 1.0	0.92429 0.95312	0.85123 0.95312	0.85119 0.98528
oolite_python_diffuse.png	1.0 1.0	0.73360 0.00221	0.68023 0.00221	0.68023 0.03417
oolite_python_diffuse.png	1.0 1.0	0.87587 0.04931	0.86857 0.09508	0.87587 0.08130
oolite_python_diffuse.png	1.0 1.0	0.87587 0.04931	0.80278 0.08146	0.86857 0.09508
oolite_python_diffuse.png	1.0 1.0	0.87587 0.04931	0.80281 0.04931	0.80278 0.08146
oolite_python_diffuse.png	1.0 1.0	0.84732 0.11840	0.86683 0.14161	0.87281 0.10996
oolite_python_diffuse.png	1.0 1.0	0.12309 0.97824	0.13288 0.77047	0.12309 0.77047
oolite_python_diffuse.png	1.0 1.0	0.12309 0.97824	0.11050 0.98263	0.12380 0.99215
oolite_python_diffuse.png	1.0 1.0	0.72468 0.74654	0.71403 0.74770	0.62795 0.99722
oolite_python_diffuse.png	1.0 1.0	0.12309 0.77047	0.11026 0.77047	0.12309 0.97824
oolite_python_diffuse.png	1.0 1.0	0.12380 0.99215	0.13288 0.97824	0.12309 0.97824
oolite_python_diffuse.png	1.0 1.0	0.12380 0.99215	0.13347 0.99403	0.13288 0.97824
oolite_python_diffuse.png	1.0 1.0	0.01120 0.99826	0.02153 0.55975	0.00162 0.99548
oolite_python_diffuse.png	1.0 1.0	0.01120 0.99826	0.02477 0.99633	0.02153 0.55975
oolite_python_diffuse.png	1.0 1.0	0.13288 0.97824	0.13288 0.77047	0.12309 0.97824
oolite_python_diffuse.png	1.0 1.0	0.71403 0.52526	0.71295 0.51211	0.45385 0.65482
oolite_python_diffuse.png	1.0 1.0	0.71295 0.51211	0.66651 0.04751	0.45385 0.65482
oolite_python_diffuse.png	1.0 1.0	0.27417 0.49795	0.27559 0.48487	0.00785 0.35395
oolite_python_diffuse.png	1.0 1.0	0.88075 0.22087	0.90006 0.21062	0.88255 0.20437
oolite_python_diffuse.png	1.0 1.0	0.27559 0.48487	0.27559 0.37982	0.25917 0.47690
oolite_python_diffuse.png	1.0 1.0	0.88255 0.20437	0.90006 0.21062	0.88255 0.07208
oolite_python_diffuse.png	1.0 1.0	0.35858 0.02773	0.34685 0.02477	0.34685 0.04962
oolite_python_diffuse.png	1.0 1.0	0.35467 0.01551	0.34685 0.00073	0.34685 0.02477
oolite_python_diffuse.png	1.0 1.0	0.88255 0.07208	0.90006 0.21062	0.89264 0.07208
oolite_python_diffuse.png	1.0 1.0	0.27559 0.37077	0.27559 0.26290	0.25917 0.26290
oolite_python_diffuse.png	1.0 1.0	0.88255 0.06031	0.90016 0.00142	0.88255 0.00142
oolite_python_diffuse.png	1.0 1.0	0.88688 0.32535	0.89426 0.31355	0.88688 0.31355
oolite_python_diffuse.png	1.0 1.0	0.30017 0.16546	0.28672 0.15494	0.29381 0.16554
oolite_python_diffuse.png	1.0 1.0	0.88336 0.31058	0.90314 0.31058	0.88336 0.27812
oolite_python_diffuse.png	1.0 1.0	0.88222 0.27535	0.88960 0.26355	0.88222 0.26355
oolite_python_diffuse.png	1.0 1.0	0.30017 0.16546	0.28672 0.15494	0.29381 0.16554
oolite_python_diffuse.png	1.0 1.0	0.03268 0.08075	0.03290 0.00695	0.00745 0.00195
oolite_python_diffuse.png	1.0 1.0	0.03268 0.08075	0.04653 0.00879	0.03290 0.00695
oolite_python_diffuse.png	1.0 1.0	0.03268 0.08075	0.04744 0.08296	0.04653 0.00879
oolite_python_diffuse.png	1.0 1.0	0.03236 0.10893	0.04744 0.08296	0.03237 0.08296
oolite_python_diffuse.png	1.0 1.0	0.30028 0.13749	0.29225 0.13969	0.30253 0.16282
oolite_python_diffuse.png	1.0 1.0	0.30028 0.13749	0.28807 0.12865	0.29225 0.13969
oolite_python_diffuse.png	1.0 1.0	0.53387 0.19810	0.53398 0.16383	0.50020 0.19222
oolite_python_diffuse.png	1.0 1.0	0.53387 0.19810	0.54636 0.16533	0.53398 0.16383
oolite_python_diffuse.png	1.0 1.0	0.53387 0.19810	0.54693 0.19971	0.54636 0.16533
oolite_python_diffuse.png	1.0 1.0	0.30034 0.08927	0.29232 0.09148	0.31179 0.13456
oolite_python_diffuse.png	1.0 1.0	0.30034 0.08927	0.28912 0.08119	0.29232 0.09148
oolite_python_diffuse.png	1.0 1.0	0.52985 0.13080	0.52977 0.09413	0.47575 0.12113
oolite_python_diffuse.png	1.0 1.0	0.52985 0.13080	0.54123 0.09552	0.52977 0.09413
oolite_python_diffuse.png	1.0 1.0	0.52985 0.13080	0.54172 0.13218	0.54123 0.09552
oolite_python_diffuse.png	1.0 1.0	0.30075 0.03439	0.29274 0.03661	0.32195 0.10080
oolite_python_diffuse.png	1.0 1.0	0.30075 0.03439	0.29058 0.02711	0.29274 0.03661
oolite_python_diffuse.png	1.0 1.0	0.52923 0.05806	0.52941 0.01945	0.45236 0.04310
oolite_python_diffuse.png	1.0 1.0	0.52923 0.05806	0.53916 0.02073	0.52941 0.01945
oolite_python_diffuse.png	1.0 1.0	0.52923 0.05806	0.53973 0.05944	0.53916 0.02073
oolite_python_diffuse.png	1.0 1.0	0.30161 0.71482	0.29111 0.71600	0.30277 0.97744
oolite_python_diffuse.png	1.0 1.0	0.48122 0.74634	0.47703 0.75616	0.51907 0.85567
oolite_python_diffuse.png	1.0 1.0	0.48122 0.74634	0.46968 0.74759	0.47703 0.75616
oolite_python_diffuse.png	1.0 1.0	0.99871 0.84325	0.94534 0.90450	0.99871 0.90450
oolite_python_diffuse.png	1.0 1.0	0.93071 0.99916	0.99931 0.98538	0.92625 0.95340
oolite_python_diffuse.png	1.0 1.0	0.94534 0.84325	0.94534 0.90450	0.99871 0.84325
oolite_python_diffuse.png	1.0 1.0	0.91698 0.99889	0.85119 0.98528	0.85568 0.99889
oolite_python_diffuse.png	1.0 1.0	0.73360 0.04976	0.68023 0.11101	0.73360 0.11101
oolite_python_diffuse.png	1.0 1.0	0.79632 0.04726	0.86492 0.03348	0.79186 0.00149
oolite_python_diffuse.png	1.0 1.0	0.68023 0.04976	0.68023 0.11101	0.73360 0.04976
oolite_python_diffuse.png	1.0 1.0	0.86857 0.09508	0.80278 0.08146	0.80727 0.09508
oolite_python_diffuse.png	1.0 1.0	0.34685 0.02477	0.32723 0.02477	0.34685 0.04962
oolite_python_diffuse.png	1.0 1.0	0.34685 0.02477	0.34685 0.00073	0.32723 0.02477
oolite_python_diffuse.png	1.0 1.0	0.32723 0.02477	0.32723 0.00072	0.31971 0.01551
oolite_python_diffuse.png	1.0 1.0	0.47703 0.75616	0.47368 0.75825	0.51516 0.85647
oolite_python_diffuse.png	1.0 1.0	0.47703 0.75616	0.46789 0.75151	0.47368 0.75825
oolite_python_diffuse.png	1.0 1.0	0.89426 0.32535	0.89426 0.31355	0.88688 0.32535
oolite_python_diffuse.png	1.0 1.0	0.89426 0.32535	0.90948 0.32535	0.89426 0.31355
oolite_python_diffuse.png	1.0 1.0	0.25912 0.17253	0.26621 0.16192	0.25277 0.17244
oolite_python_diffuse.png	1.0 1.0	0.25912 0.17253	0.26959 0.16450	0.26621 0.16192
oolite_python_diffuse.png	1.0 1.0	0.88960 0.27535	0.88960 0.26355	0.88222 0.27535
oolite_python_diffuse.png	1.0 1.0	0.88960 0.27535	0.90482 0.27535	0.88960 0.26355
oolite_python_diffuse.png	1.0 1.0	0.25912 0.17253	0.26621 0.16192	0.25277 0.17244
oolite_python_diffuse.png	1.0 1.0	0.25912 0.17253	0.26959 0.16450	0.26621 0.16192
oolite_python_diffuse.png	1.0 1.0	0.47435 0.97005	0.47102 0.98051	0.48122 0.97271
oolite_python_diffuse.png	1.0 1.0	0.47435 0.97005	0.43807 0.98051	0.47102 0.98051
oolite_python_diffuse.png	1.0 1.0	0.47435 0.97005	0.43473 0.97005	0.43807 0.98051
oolite_python_diffuse.png	1.0 1.0	0.47154 0.75940	0.44154 0.75286	0.51178 0.85655
oolite_python_diffuse.png	1.0 1.0	0.39914 0.99809	0.40641 0.98479	0.39914 0.98479
oolite_python_diffuse.png	1.0 1.0	0.39914 0.99809	0.40638 0.99809	0.40641 0.98479
oolite_python_diffuse.png	1.0 1.0	0.21168 0.97061	0.21685 0.96883	0.00274 0.35579
oolite_python_diffuse.png	1.0 1.0	0.74033 0.00523	0.75277 0.02047	0.75263 0.00523
oolite_python_diffuse.png	1.0 1.0	0.95606 0.51938	0.95894 0.00359	0.94308 0.00186
oolite_python_diffuse.png	1.0 1.0	0.34685 0.00077	0.32723 0.00072	0.32723 0.02477
oolite_python_diffuse.png	1.0 1.0	0.89264 0.07208	0.90016 0.00142	0.89264 0.06031
oolite_python_diffuse.png	1.0 1.0	0.89264 0.06031	0.90016 0.00142	0.88255 0.06031
oolite_python_diffuse.png	1.0 1.0	0.84284 0.14162	0.86683 0.14161	0.84732 0.11840
oolite_python_diffuse.png	1.0 1.0	0.84284 0.14162	0.86525 0.14970	0.86683 0.14161
oolite_python_diffuse.png	1.0 1.0	0.84284 0.14162	0.84120 0.15003	0.86525 0.14970
oolite_python_diffuse.png	1.0 1.0	0.26141 0.11607	0.26519 0.10534	0.25338 0.11386
oolite_python_diffuse.png	1.0 1.0	0.26141 0.11607	0.26845 0.11060	0.26519 0.10534
oolite_python_diffuse.png	1.0 1.0	0.53673 0.16016	0.53668 0.13481	0.49332 0.15208
oolite_python_diffuse.png	1.0 1.0	0.53673 0.16016	0.54356 0.13650	0.53668 0.13481
oolite_python_diffuse.png	1.0 1.0	0.53673 0.16016	0.54390 0.16170	0.54356 0.13650
oolite_python_diffuse.png	1.0 1.0	0.26181 0.06426	0.26458 0.05429	0.25379 0.06205
oolite_python_diffuse.png	1.0 1.0	0.26181 0.06426	0.26783 0.05956	0.26458 0.05429
oolite_python_diffuse.png	1.0 1.0	0.53826 0.09113	0.53823 0.06143	0.47359 0.07940
oolite_python_diffuse.png	1.0 1.0	0.53826 0.09113	0.54388 0.06274	0.53823 0.06143
oolite_python_diffuse.png	1.0 1.0	0.53826 0.09113	0.54429 0.09252	0.54388 0.06274
oolite_python_diffuse.png	1.0 1.0	0.26191 0.01024	0.26357 0.00113	0.25390 0.00801
oolite_python_diffuse.png	1.0 1.0	0.26191 0.01024	0.26679 0.00640	0.26357 0.00113
oolite_python_diffuse.png	1.0 1.0	0.21445 0.98479	0.21445 0.99809	0.30656 0.98479
oolite_python_diffuse.png	1.0 1.0	0.21445 0.98479	0.18618 0.98479	0.21445 0.99809
oolite_python_diffuse.png	1.0 1.0	0.46968 0.96443	0.39708 0.86252	0.43782 0.96443
oolite_python_diffuse.png	1.0 1.0	0.47176 0.96613	0.43736 0.96613	0.47435 0.97005
oolite_python_diffuse.png	1.0 1.0	0.29111 0.71600	0.28757 0.97941	0.30277 0.97744
oolite_python_diffuse.png	1.0 1.0	0.29111 0.71600	0.26981 0.97947	0.28757 0.97941
oolite_python_diffuse.png	1.0 1.0	0.29111 0.71600	0.26576 0.71607	0.26981 0.97947
oolite_python_diffuse.png	1.0 1.0	0.47102 0.73855	0.46968 0.74759	0.48122 0.74634
oolite_python_diffuse.png	1.0 1.0	0.47102 0.73855	0.43941 0.74759	0.46968 0.74759
oolite_python_diffuse.png	1.0 1.0	0.47102 0.73855	0.43807 0.73855	0.43941 0.74759
oolite_python_diffuse.png	1.0 1.0	0.09418 0.76725	0.08852 0.73640	0.09418 0.73640
oolite_python_diffuse.png	1.0 1.0	0.92814 0.36034	0.93309 0.34700	0.92561 0.35208
oolite_python_diffuse.png	1.0 1.0	0.06333 0.73640	0.06930 0.76725	0.06333 0.76725
oolite_python_diffuse.png	1.0 1.0	0.06333 0.73640	0.06930 0.73640	0.06930 0.76725
oolite_python_diffuse.png	1.0 1.0	0.08852 0.76725	0.08852 0.73640	0.09418 0.76725
oolite_python_diffuse.png	1.0 1.0	0.08852 0.76725	0.08256 0.73640	0.08852 0.73640
oolite_python_diffuse.png	1.0 1.0	0.53973 0.05944	0.56412 0.05944	0.53916 0.02073
oolite_python_diffuse.png	1.0 1.0	0.29058 0.02711	0.28734 0.03238	0.29274 0.03661
oolite_python_diffuse.png	1.0 1.0	0.29058 0.02711	0.26376 0.02711	0.28734 0.03238
oolite_python_diffuse.png	1.0 1.0	0.46968 0.74759	0.46789 0.75151	0.47703 0.75616
oolite_python_diffuse.png	1.0 1.0	0.46968 0.74759	0.43941 0.74759	0.46789 0.75151
oolite_python_diffuse.png	1.0 1.0	0.54172 0.13218	0.56420 0.13218	0.54123 0.09552
oolite_python_diffuse.png	1.0 1.0	0.93718 0.36037	0.93309 0.34700	0.92814 0.36034
oolite_python_diffuse.png	1.0 1.0	0.93718 0.36037	0.94024 0.35212	0.93309 0.34700
oolite_python_diffuse.png	1.0 1.0	0.06930 0.76725	0.07592 0.73640	0.07592 0.76725
oolite_python_diffuse.png	1.0 1.0	0.06930 0.73640	0.07592 0.73640	0.06930 0.76725
oolite_python_diffuse.png	1.0 1.0	0.08256 0.76725	0.08256 0.73640	0.08852 0.76725
oolite_python_diffuse.png	1.0 1.0	0.08256 0.76725	0.07592 0.76725	0.08256 0.73640
oolite_python_diffuse.png	1.0 1.0	0.28912 0.08119	0.28586 0.08646	0.29232 0.09148
oolite_python_diffuse.png	1.0 1.0	0.28912 0.08119	0.26433 0.08119	0.28586 0.08646
oolite_python_diffuse.png	1.0 1.0	0.07592 0.76725	0.07592 0.73640	0.08256 0.73640
oolite_python_diffuse.png	1.0 1.0	0.54693 0.19971	0.56769 0.19971	0.54636 0.16533
oolite_python_diffuse.png	1.0 1.0	0.46592 0.75286	0.44154 0.75286	0.47154 0.75940
oolite_python_diffuse.png	1.0 1.0	0.40638 0.99809	0.42830 0.98479	0.40641 0.98479
oolite_python_diffuse.png	1.0 1.0	0.40638 0.99809	0.42830 0.99809	0.42830 0.98479
oolite_python_diffuse.png	1.0 1.0	0.46789 0.75151	0.43941 0.74759	0.44119 0.75151
oolite_python_diffuse.png	1.0 1.0	0.28807 0.12865	0.28480 0.13391	0.29225 0.13969
oolite_python_diffuse.png	1.0 1.0	0.28807 0.12865	0.26520 0.12865	0.28480 0.13391
oolite_python_diffuse.png	1.0 1.0	0.26679 0.00640	0.29136 0.00113	0.26357 0.00113
oolite_python_diffuse.png	1.0 1.0	0.11026 0.77047	0.11050 0.98263	0.12309 0.97824
oolite_python_diffuse.png	1.0 1.0	0.11026 0.77047	0.09487 0.98260	0.11050 0.98263
oolite_python_diffuse.png	1.0 1.0	0.11026 0.77047	0.09487 0.77047	0.09487 0.98260
oolite_python_diffuse.png	1.0 1.0	0.11050 0.98263	0.11049 0.99471	0.12380 0.99215
oolite_python_diffuse.png	1.0 1.0	0.11050 0.98263	0.09487 0.99471	0.11049 0.99471
oolite_python_diffuse.png	1.0 1.0	0.02477 0.99633	0.02626 0.55603	0.02153 0.55975
oolite_python_diffuse.png	1.0 1.0	0.02477 0.99633	0.02950 0.56265	0.02626 0.55603
oolite_python_diffuse.png	1.0 1.0	0.11049 0.99471	0.09487 0.99471	0.10790 0.99832
oolite_python_diffuse.png	1.0 1.0	0.73981 0.02047	0.75277 0.02047	0.74033 0.00523
oolite_python_diffuse.png	1.0 1.0	0.73981 0.02047	0.73962 0.03858	0.75277 0.02047
oolite_python_diffuse.png	1.0 1.0	0.96115 0.52431	0.95894 0.00359	0.95606 0.51938
oolite_python_diffuse.png	1.0 1.0	0.96115 0.52431	0.96461 0.51609	0.95894 0.00359
oolite_python_diffuse.png	1.0 1.0	0.70505 0.38366	0.74594 0.38366	0.70501 0.34353
oolite_python_diffuse.png	1.0 1.0	0.70501 0.34353	0.73898 0.33894	0.71188 0.33894
oolite_python_diffuse.png	1.0 1.0	0.70501 0.34353	0.74594 0.34349	0.73898 0.33894
oolite_python_diffuse.png	1.0 1.0	0.70462 0.32989	0.74551 0.32989	0.70462 0.28976
oolite_python_diffuse.png	1.0 1.0	0.70462 0.28976	0.73858 0.28289	0.71149 0.28289
oolite_python_diffuse.png	1.0 1.0	0.70462 0.28976	0.74551 0.28976	0.73858 0.28289
oolite_python_diffuse.png	1.0 1.0	0.70419 0.27023	0.74490 0.27023	0.70419 0.23017
oolite_python_diffuse.png	1.0 1.0	0.70419 0.23017	0.73816 0.22181	0.71106 0.22181
oolite_python_diffuse.png	1.0 1.0	0.70419 0.23017	0.74490 0.23017	0.73816 0.22181
oolite_python_diffuse.png	1.0 1.0	0.70398 0.21162	0.74474 0.21162	0.70398 0.17147
oolite_python_diffuse.png	1.0 1.0	0.70398 0.17147	0.73795 0.16146	0.71086 0.16146
oolite_python_diffuse.png	1.0 1.0	0.70398 0.17147	0.74474 0.17147	0.73795 0.16146
oolite_python_diffuse.png	1.0 1.0	0.89811 0.22688	0.90006 0.21062	0.88075 0.22087
oolite_python_diffuse.png	1.0 1.0	0.90027 0.22728	0.92130 0.21062	0.90006 0.21062
oolite_python_diffuse.png	1.0 1.0	0.90006 0.21062	0.90016 0.00142	0.89264 0.07208
oolite_python_diffuse.png	1.0 1.0	0.90006 0.21062	0.92130 0.21062	0.90016 0.00142
oolite_python_diffuse.png	1.0 1.0	0.28672 0.15494	0.28334 0.15751	0.29381 0.16554
oolite_python_diffuse.png	1.0 1.0	0.28672 0.15494	0.26966 0.15749	0.28334 0.15751
oolite_python_diffuse.png	1.0 1.0	0.28672 0.15494	0.26625 0.15492	0.26966 0.15749
oolite_python_diffuse.png	1.0 1.0	0.90016 0.00142	0.92130 0.21062	0.92130 0.00142
oolite_python_diffuse.png	1.0 1.0	0.90314 0.31058	0.90314 0.27812	0.88336 0.27812
oolite_python_diffuse.png	1.0 1.0	0.90314 0.31058	0.92680 0.31058	0.90314 0.27812
oolite_python_diffuse.png	1.0 1.0	0.28672 0.15494	0.28334 0.15751	0.29381 0.16554
oolite_python_diffuse.png	1.0 1.0	0.28672 0.15494	0.26966 0.15749	0.28334 0.15751
oolite_python_diffuse.png	1.0 1.0	0.28672 0.15494	0.26625 0.15492	0.26966 0.15749
oolite_python_diffuse.png	1.0 1.0	0.90314 0.27812	0.92680 0.31058	0.92680 0.27812
oolite_python_diffuse.png	1.0 1.0	0.04744 0.10893	0.04744 0.08296	0.03236 0.10893
oolite_python_diffuse.png	1.0 1.0	0.04744 0.10893	0.06548 0.08296	0.04744 0.08296
oolite_python_diffuse.png	1.0 1.0	0.04744 0.08296	0.06548 0.08296	0.04653 0.00879
oolite_python_diffuse.png	1.0 1.0	0.54429 0.09252	0.56214 0.09251	0.54388 0.06274
oolite_python_diffuse.png	1.0 1.0	0.28734 0.03238	0.26376 0.02711	0.26700 0.03238
oolite_python_diffuse.png	1.0 1.0	0.26783 0.05956	0.29020 0.05429	0.26458 0.05429
oolite_python_diffuse.png	1.0 1.0	0.54390 0.16170	0.55988 0.16173	0.54356 0.13650
oolite_python_diffuse.png	1.0 1.0	0.28586 0.08646	0.26433 0.08119	0.26759 0.08646
oolite_python_diffuse.png	1.0 1.0	0.26845 0.11060	0.28885 0.10534	0.26519 0.10534
oolite_python_diffuse.png	1.0 1.0	0.84120 0.15003	0.84120 0.16436	0.86525 0.14970
oolite_python_diffuse.png	1.0 1.0	0.28480 0.13391	0.26520 0.12865	0.26847 0.13391
oolite_python_diffuse.png	1.0 1.0	0.90948 0.32535	0.90948 0.31355	0.89426 0.31355
oolite_python_diffuse.png	1.0 1.0	0.90948 0.32535	0.92530 0.32535	0.90948 0.31355
oolite_python_diffuse.png	1.0 1.0	0.26959 0.16450	0.28669 0.16190	0.26621 0.16192
oolite_python_diffuse.png	1.0 1.0	0.90482 0.27535	0.90482 0.26355	0.88960 0.26355
oolite_python_diffuse.png	1.0 1.0	0.90482 0.27535	0.92064 0.27535	0.90482 0.26355
oolite_python_diffuse.png	1.0 1.0	0.26959 0.16450	0.28669 0.16190	0.26621 0.16192
oolite_python_diffuse.png	1.0 1.0	0.02958 0.99404	0.02950 0.56265	0.02477 0.99633
oolite_python_diffuse.png	1.0 1.0	0.02958 0.99404	0.03976 0.99404	0.02950 0.56265
oolite_python_diffuse.png	1.0 1.0	0.10790 0.99832	0.09487 0.99471	0.09767 0.99832
oolite_python_diffuse.png	1.0 1.0	0.73962 0.03858	0.75501 0.03851	0.75277 0.02047
oolite_python_diffuse.png	1.0 1.0	0.73962 0.03858	0.75508 0.06325	0.75501 0.03851
oolite_python_diffuse.png	1.0 1.0	0.96461 0.51609	0.96445 0.00661	0.95894 0.00359
oolite_python_diffuse.png	1.0 1.0	0.96461 0.51609	0.97675 0.00661	0.96445 0.00661
oolite_python_diffuse.png	1.0 1.0	0.71193 0.38844	0.74594 0.38366	0.70505 0.38366
oolite_python_diffuse.png	1.0 1.0	0.71145 0.33650	0.74551 0.32989	0.70462 0.32989
oolite_python_diffuse.png	1.0 1.0	0.71102 0.27860	0.74490 0.27023	0.70419 0.27023
oolite_python_diffuse.png	1.0 1.0	0.71077 0.22134	0.74474 0.21162	0.70398 0.21162
oolite_python_diffuse.png	1.0 1.0	0.96445 0.00661	0.97957 0.00109	0.96139 0.00109
oolite_python_diffuse.png	1.0 1.0	0.03976 0.99404	0.03955 0.56245	0.02950 0.56265
oolite_python_diffuse.png	1.0 1.0	0.03976 0.99404	0.04362 0.99625	0.03955 0.56245
oolite_python_diffuse.png	1.0 1.0	0.73976 0.06325	0.75508 0.06325	0.73962 0.03858
oolite_python_diffuse.png	1.0 1.0	0.73976 0.06325	0.75301 0.08102	0.75508 0.06325
oolite_python_diffuse.png	1.0 1.0	0.97675 0.51609	0.97675 0.00661	0.96461 0.51609
oolite_python_diffuse.png	1.0 1.0	0.97675 0.51609	0.98222 0.00361	0.97675 0.00661
oolite_python_diffuse.png	1.0 1.0	0.97675 0.51609	0.98001 0.52433	0.98222 0.00361
oolite_python_diffuse.png	1.0 1.0	0.73911 0.38842	0.74594 0.38366	0.71193 0.38844
oolite_python_diffuse.png	1.0 1.0	0.73855 0.33650	0.74551 0.32989	0.71145 0.33650
oolite_python_diffuse.png	1.0 1.0	0.73807 0.27860	0.74490 0.27023	0.71102 0.27860
oolite_python_diffuse.png	1.0 1.0	0.73791 0.22134	0.74474 0.21162	0.71077 0.22134
oolite_python_diffuse.png	1.0 1.0	0.97675 0.00661	0.97957 0.00109	0.96445 0.00661
oolite_python_diffuse.png	1.0 1.0	0.92530 0.32535	0.92530 0.31355	0.90948 0.31355
oolite_python_diffuse.png	1.0 1.0	0.92530 0.32535	0.94054 0.32535	0.92530 0.31355
oolite_python_diffuse.png	1.0 1.0	0.28328 0.16448	0.28669 0.16190	0.26959 0.16450
oolite_python_diffuse.png	1.0 1.0	0.28328 0.16448	0.29378 0.17251	0.28669 0.16190
oolite_python_diffuse.png	1.0 1.0	0.92064 0.27535	0.92064 0.26355	0.90482 0.26355
oolite_python_diffuse.png	1.0 1.0	0.92064 0.27535	0.93588 0.27535	0.92064 0.26355
oolite_python_diffuse.png	1.0 1.0	0.28328 0.16448	0.28669 0.16190	0.26959 0.16450
oolite_python_diffuse.png	1.0 1.0	0.28328 0.16448	0.29378 0.17251	0.28669 0.16190
oolite_python_diffuse.png	1.0 1.0	0.84120 0.16436	0.86517 0.16477	0.86525 0.14970
oolite_python_diffuse.png	1.0 1.0	0.84120 0.16436	0.84292 0.17267	0.86517 0.16477
oolite_python_diffuse.png	1.0 1.0	0.28558 0.11060	0.28885 0.10534	0.26845 0.11060
oolite_python_diffuse.png	1.0 1.0	0.28558 0.11060	0.29259 0.11603	0.28885 0.10534
oolite_python_diffuse.png	1.0 1.0	0.55988 0.16173	0.56037 0.13647	0.54356 0.13650
oolite_python_diffuse.png	1.0 1.0	0.55988 0.16173	0.56711 0.16018	0.56037 0.13647
oolite_python_diffuse.png	1.0 1.0	0.28695 0.05956	0.29020 0.05429	0.26783 0.05956
oolite_python_diffuse.png	1.0 1.0	0.28695 0.05956	0.29294 0.06422	0.29020 0.05429
oolite_python_diffuse.png	1.0 1.0	0.09487 0.98260	0.09487 0.99471	0.11050 0.98263
oolite_python_diffuse.png	1.0 1.0	0.09487 0.98260	0.08191 0.99210	0.09487 0.99471
oolite_python_diffuse.png	1.0 1.0	0.09487 0.77047	0.08223 0.97824	0.09487 0.98260
oolite_python_diffuse.png	1.0 1.0	0.09487 0.77047	0.08223 0.77047	0.08223 0.97824
oolite_python_diffuse.png	1.0 1.0	0.04362 0.99625	0.04264 0.55572	0.03955 0.56245
oolite_python_diffuse.png	1.0 1.0	0.04362 0.99625	0.04762 0.55977	0.04264 0.55572
oolite_python_diffuse.png	1.0 1.0	0.04362 0.99625	0.05697 0.99822	0.04762 0.55977
oolite_python_diffuse.png	1.0 1.0	0.73989 0.08113	0.75301 0.08102	0.73976 0.06325
oolite_python_diffuse.png	1.0 1.0	0.73989 0.08113	0.74058 0.09626	0.75301 0.08102
oolite_python_diffuse.png	1.0 1.0	0.74594 0.38366	0.74594 0.34349	0.70501 0.34353
oolite_python_diffuse.png	1.0 1.0	0.74551 0.32989	0.74551 0.28976	0.70462 0.28976
oolite_python_diffuse.png	1.0 1.0	0.74490 0.27023	0.74490 0.23017	0.70419 0.23017
oolite_python_diffuse.png	1.0 1.0	0.74474 0.21162	0.74474 0.17147	0.70398 0.17147
oolite_python_diffuse.png	1.0 1.0	0.92128 0.22728	0.92130 0.21062	0.90027 0.22728
oolite_python_diffuse.png	1.0 1.0	0.92377 0.22704	0.94115 0.22127	0.92130 0.21062
oolite_python_diffuse.png	1.0 1.0	0.26625 0.15492	0.25915 0.16552	0.26966 0.15749
oolite_python_diffuse.png	1.0 1.0	0.26625 0.15492	0.25277 0.16547	0.25915 0.16552
oolite_python_diffuse.png	1.0 1.0	0.26625 0.15492	0.25915 0.16552	0.26966 0.15749
oolite_python_diffuse.png	1.0 1.0	0.26625 0.15492	0.25277 0.16547	0.25915 0.16552
oolite_python_diffuse.png	1.0 1.0	0.06560 0.10893	0.06548 0.08296	0.04744 0.10893
oolite_python_diffuse.png	1.0 1.0	0.06560 0.10893	0.08068 0.10893	0.06548 0.08296
oolite_python_diffuse.png	1.0 1.0	0.06548 0.08296	0.06662 0.00870	0.04653 0.00879
oolite_python_diffuse.png	1.0 1.0	0.06548 0.08296	0.08063 0.08082	0.06662 0.00870
oolite_python_diffuse.png	1.0 1.0	0.98001 0.52433	0.98510 0.51941	0.98222 0.00361
oolite_python_diffuse.png	1.0 1.0	0.92130 0.21062	0.92886 0.07208	0.92130 0.00142
oolite_python_diffuse.png	1.0 1.0	0.92130 0.21062	0.93898 0.07208	0.92886 0.07208
oolite_python_diffuse.png	1.0 1.0	0.92680 0.31058	0.94658 0.31058	0.92680 0.27812
oolite_python_diffuse.png	1.0 1.0	0.56214 0.09251	0.56261 0.06272	0.54388 0.06274
oolite_python_diffuse.png	1.0 1.0	0.56214 0.09251	0.56815 0.09120	0.56261 0.06272
oolite_python_diffuse.png	1.0 1.0	0.28813 0.00640	0.29136 0.00113	0.26679 0.00640
oolite_python_diffuse.png	1.0 1.0	0.28813 0.00640	0.29299 0.01020	0.29136 0.00113
oolite_python_diffuse.png	1.0 1.0	0.26520 0.12865	0.26105 0.13965	0.26847 0.13391
oolite_python_diffuse.png	1.0 1.0	0.26520 0.12865	0.25299 0.13749	0.26105 0.13965
oolite_python_diffuse.png	1.0 1.0	0.12136 0.76725	0.11539 0.73640	0.12136 0.73640
oolite_python_diffuse.png	1.0 1.0	0.12136 0.73640	0.12702 0.76725	0.12136 0.76725
oolite_python_diffuse.png	1.0 1.0	0.12136 0.73640	0.12702 0.73640	0.12702 0.76725
oolite_python_diffuse.png	1.0 1.0	0.56769 0.19971	0.56824 0.16534	0.54636 0.16533
oolite_python_diffuse.png	1.0 1.0	0.56769 0.19971	0.58072 0.19803	0.56824 0.16534
oolite_python_diffuse.png	1.0 1.0	0.44154 0.75286	0.43596 0.75934	0.51178 0.85655
oolite_python_diffuse.png	1.0 1.0	0.42830 0.98479	0.43557 0.99809	0.43557 0.98479
oolite_python_diffuse.png	1.0 1.0	0.42830 0.99809	0.43557 0.99809	0.42830 0.98479
oolite_python_diffuse.png	1.0 1.0	0.44119 0.75151	0.43207 0.75611	0.43545 0.75818
oolite_python_diffuse.png	1.0 1.0	0.92779 0.34384	0.93275 0.33050	0.92526 0.33558
oolite_python_diffuse.png	1.0 1.0	0.92779 0.34384	0.93683 0.34387	0.93275 0.33050
oolite_python_diffuse.png	1.0 1.0	0.09616 0.73640	0.10213 0.76725	0.09616 0.76725
oolite_python_diffuse.png	1.0 1.0	0.09616 0.73640	0.10213 0.73640	0.10213 0.76725
oolite_python_diffuse.png	1.0 1.0	0.11539 0.76725	0.11539 0.73640	0.12136 0.76725
oolite_python_diffuse.png	1.0 1.0	0.11539 0.76725	0.10876 0.76725	0.11539 0.73640
oolite_python_diffuse.png	1.0 1.0	0.26433 0.08119	0.26117 0.09144	0.26759 0.08646
oolite_python_diffuse.png	1.0 1.0	0.26433 0.08119	0.25311 0.08927	0.26117 0.09144
oolite_python_diffuse.png	1.0 1.0	0.56420 0.13218	0.56481 0.09549	0.54123 0.09552
oolite_python_diffuse.png	1.0 1.0	0.56420 0.13218	0.57617 0.13082	0.56481 0.09549
oolite_python_diffuse.png	1.0 1.0	0.26376 0.02711	0.26164 0.03657	0.26700 0.03238
oolite_python_diffuse.png	1.0 1.0	0.26376 0.02711	0.25359 0.03439	0.26164 0.03657
oolite_python_diffuse.png	1.0 1.0	0.43941 0.74759	0.43207 0.75611	0.44119 0.75151
oolite_python_diffuse.png	1.0 1.0	0.43941 0.74759	0.42786 0.74634	0.43207 0.75611
oolite_python_diffuse.png	1.0 1.0	0.93683 0.34387	0.93990 0.33562	0.93275 0.33050
oolite_python_diffuse.png	1.0 1.0	0.10213 0.76725	0.10876 0.73640	0.10876 0.76725
oolite_python_diffuse.png	1.0 1.0	0.10213 0.73640	0.10876 0.73640	0.10213 0.76725
oolite_python_diffuse.png	1.0 1.0	0.10876 0.76725	0.10876 0.73640	0.11539 0.73640
oolite_python_diffuse.png	1.0 1.0	0.56412 0.05944	0.56480 0.02073	0.53916 0.02073
oolite_python_diffuse.png	1.0 1.0	0.56412 0.05944	0.57484 0.05825	0.56480 0.02073
oolite_python_diffuse.png	1.0 1.0	0.26576 0.71607	0.25486 0.97735	0.26981 0.97947
oolite_python_diffuse.png	1.0 1.0	0.26576 0.71607	0.25562 0.71472	0.25486 0.97735
oolite_python_diffuse.png	1.0 1.0	0.43807 0.73855	0.42786 0.74634	0.43941 0.74759
oolite_python_diffuse.png	1.0 1.0	0.18618 0.98479	0.18618 0.99809	0.21445 0.99809
oolite_python_diffuse.png	1.0 1.0	0.61922 0.98479	0.52768 0.98479	0.61922 0.99809
oolite_python_diffuse.png	1.0 1.0	0.43736 0.96613	0.43473 0.97005	0.47435 0.97005
oolite_python_diffuse.png	1.0 1.0	0.43736 0.96613	0.39146 0.86339	0.43473 0.97005
oolite_python_diffuse.png	1.0 1.0	0.84292 0.17267	0.86692 0.17272	0.86517 0.16477
oolite_python_diffuse.png	1.0 1.0	0.84292 0.17267	0.84749 0.19570	0.86692 0.17272
oolite_python_diffuse.png	1.0 1.0	0.29259 0.11603	0.30065 0.11386	0.28885 0.10534
oolite_python_diffuse.png	1.0 1.0	0.29259 0.11603	0.30617 0.14731	0.30065 0.11386
oolite_python_diffuse.png	1.0 1.0	0.56711 0.16018	0.56716 0.13505	0.56037 0.13647
oolite_python_diffuse.png	1.0 1.0	0.56711 0.16018	0.61003 0.15149	0.56716 0.13505
oolite_python_diffuse.png	1.0 1.0	0.29294 0.06422	0.30099 0.06205	0.29020 0.05429
oolite_python_diffuse.png	1.0 1.0	0.29294 0.06422	0.31561 0.11584	0.30099 0.06205
oolite_python_diffuse.png	1.0 1.0	0.56815 0.09120	0.56822 0.06150	0.56261 0.06272
oolite_python_diffuse.png	1.0 1.0	0.56815 0.09120	0.63239 0.07952	0.56822 0.06150
oolite_python_diffuse.png	1.0 1.0	0.29299 0.01020	0.30102 0.00801	0.29136 0.00113
oolite_python_diffuse.png	1.0 1.0	0.29299 0.01020	0.32579 0.08451	0.30102 0.00801
oolite_python_diffuse.png	1.0 1.0	0.92886 0.07208	0.92886 0.06031	0.92130 0.00142
oolite_python_diffuse.png	1.0 1.0	0.20770 0.00067	0.22723 0.02479	0.22723 0.00067
oolite_python_diffuse.png	1.0 1.0	0.20770 0.00067	0.20018 0.01512	0.20770 0.02479
oolite_python_diffuse.png	1.0 1.0	0.92886 0.06031	0.93898 0.06031	0.92130 0.00142
oolite_python_diffuse.png	1.0 1.0	0.74058 0.09626	0.75288 0.09626	0.75301 0.08102
oolite_python_diffuse.png	1.0 1.0	0.34240 0.97052	0.55126 0.35572	0.33717 0.96873
oolite_python_diffuse.png	1.0 1.0	0.98510 0.51941	0.99808 0.00188	0.98222 0.00361
oolite_python_diffuse.png	1.0 1.0	0.33717 0.96873	0.54614 0.35395	0.27981 0.49795
oolite_python_diffuse.png	1.0 1.0	0.43596 0.75934	0.39708 0.85653	0.51178 0.85655
oolite_python_diffuse.png	1.0 1.0	0.43557 0.98479	0.52251 0.99809	0.52251 0.98479
oolite_python_diffuse.png	1.0 1.0	0.43557 0.99809	0.52251 0.99809	0.43557 0.98479
oolite_python_diffuse.png	1.0 1.0	0.94054 0.32535	0.94054 0.31355	0.92530 0.31355
oolite_python_diffuse.png	1.0 1.0	0.94054 0.32535	0.94792 0.32535	0.94054 0.31355
oolite_python_diffuse.png	1.0 1.0	0.29378 0.17251	0.30017 0.17246	0.28669 0.16190
oolite_python_diffuse.png	1.0 1.0	0.93588 0.27535	0.93588 0.26355	0.92064 0.26355
oolite_python_diffuse.png	1.0 1.0	0.93588 0.27535	0.94326 0.27535	0.93588 0.26355
oolite_python_diffuse.png	1.0 1.0	0.29378 0.17251	0.30017 0.17246	0.28669 0.16190
oolite_python_diffuse.png	1.0 1.0	0.43473 0.97005	0.42786 0.97271	0.43807 0.98051
oolite_python_diffuse.png	1.0 1.0	0.43473 0.97005	0.39146 0.86339	0.42786 0.97271
oolite_python_diffuse.png	1.0 1.0	0.43207 0.75611	0.39536 0.85644	0.43545 0.75818
oolite_python_diffuse.png	1.0 1.0	0.43207 0.75611	0.39146 0.85567	0.39536 0.85644
oolite_python_diffuse.png	1.0 1.0	0.20770 0.02479	0.22723 0.02479	0.20770 0.00067
oolite_python_diffuse.png	1.0 1.0	0.20770 0.02479	0.20770 0.04920	0.22723 0.02479
oolite_python_diffuse.png	1.0 1.0	0.22723 0.02479	0.23475 0.01512	0.22723 0.00067
oolite_python_diffuse.png	1.0 1.0	0.22723 0.02479	0.22723 0.04920	0.23883 0.02710
oolite_python_diffuse.png	1.0 1.0	0.08223 0.97824	0.08191 0.99210	0.09487 0.98260
oolite_python_diffuse.png	1.0 1.0	0.08223 0.97824	0.07244 0.97824	0.08191 0.99210
oolite_python_diffuse.png	1.0 1.0	0.08223 0.77047	0.07244 0.97824	0.08223 0.97824
oolite_python_diffuse.png	1.0 1.0	0.08223 0.77047	0.07244 0.77047	0.07244 0.97824
oolite_python_diffuse.png	1.0 1.0	0.72877 0.74654	0.82550 0.99722	0.73943 0.74770
oolite_python_diffuse.png	1.0 1.0	0.05697 0.99822	0.06644 0.99550	0.04762 0.55977
oolite_python_diffuse.png	1.0 1.0	0.07244 0.97824	0.07221 0.99381	0.08191 0.99210
oolite_python_diffuse.png	1.0 1.0	0.73943 0.52526	0.99961 0.65482	0.74050 0.51211
oolite_python_diffuse.png	1.0 1.0	0.73943 0.74770	0.99961 0.65482	0.73943 0.52526
oolite_python_diffuse.png	1.0 1.0	0.73943 0.74770	0.99952 0.69522	0.99961 0.65482
oolite_python_diffuse.png	1.0 1.0	0.74050 0.51211	0.99961 0.65482	0.78695 0.04751
oolite_python_diffuse.png	1.0 1.0	0.94115 0.22127	0.93902 0.20472	0.92130 0.21062
oolite_python_diffuse.png	1.0 1.0	0.27981 0.49795	0.54614 0.35395	0.27838 0.48487
oolite_python_diffuse.png	1.0 1.0	0.93898 0.20479	0.93898 0.07208	0.92130 0.21062
oolite_python_diffuse.png	1.0 1.0	0.27838 0.48487	0.29481 0.47690	0.27838 0.37983
oolite_python_diffuse.png	1.0 1.0	0.19591 0.02710	0.20770 0.04920	0.20770 0.02479
oolite_python_diffuse.png	1.0 1.0	0.93898 0.06031	0.93898 0.00142	0.92130 0.00142
oolite_python_diffuse.png	1.0 1.0	0.27838 0.37095	0.29481 0.26290	0.27838 0.26290
oolite_python_diffuse.png	1.0 1.0	0.94792 0.32535	0.94792 0.31355	0.94054 0.31355
oolite_python_diffuse.png	1.0 1.0	0.94658 0.31058	0.94658 0.27812	0.92680 0.27812
oolite_python_diffuse.png	1.0 1.0	0.94326 0.27535	0.94326 0.26355	0.93588 0.26355
oolite_python_diffuse.png	1.0 1.0	0.08068 0.10893	0.08073 0.08296	0.06548 0.08296
oolite_python_diffuse.png	1.0 1.0	0.08063 0.08082	0.08059 0.00697	0.06662 0.00870
oolite_python_diffuse.png	1.0 1.0	0.08063 0.08082	0.10599 0.00249	0.08059 0.00697
oolite_python_diffuse.png	1.0 1.0	0.27838 0.26290	0.54626 0.26290	0.36945 0.00580
oolite_python_diffuse.png	1.0 1.0	0.25299 0.13749	0.25114 0.16273	0.26105 0.13965
oolite_python_diffuse.png	1.0 1.0	0.25299 0.13749	0.24174 0.16265	0.25114 0.16273
oolite_python_diffuse.png	1.0 1.0	0.58072 0.19803	0.58066 0.16376	0.56824 0.16534
oolite_python_diffuse.png	1.0 1.0	0.58072 0.19803	0.61418 0.19215	0.58066 0.16376
oolite_python_diffuse.png	1.0 1.0	0.25311 0.08927	0.24234 0.13446	0.26117 0.09144
oolite_python_diffuse.png	1.0 1.0	0.25311 0.08927	0.23295 0.13438	0.24234 0.13446
oolite_python_diffuse.png	1.0 1.0	0.57617 0.13082	0.57638 0.09415	0.56481 0.09549
oolite_python_diffuse.png	1.0 1.0	0.57617 0.13082	0.63009 0.12119	0.57638 0.09415
oolite_python_diffuse.png	1.0 1.0	0.25359 0.03439	0.23338 0.10071	0.26164 0.03657
oolite_python_diffuse.png	1.0 1.0	0.25359 0.03439	0.22398 0.10062	0.23338 0.10071
oolite_python_diffuse.png	1.0 1.0	0.57484 0.05825	0.57472 0.01964	0.56480 0.02073
oolite_python_diffuse.png	1.0 1.0	0.57484 0.05825	0.65157 0.04462	0.57472 0.01964
oolite_python_diffuse.png	1.0 1.0	0.74173 0.98694	0.82550 0.99722	0.72877 0.74654
oolite_python_diffuse.png	1.0 1.0	0.42786 0.74634	0.39146 0.85567	0.43207 0.75611
oolite_python_diffuse.png	1.0 1.0	0.42786 0.74634	0.38244 0.85567	0.39146 0.85567
oolite_python_diffuse.png	1.0 1.0	0.99201 0.99916	0.99931 0.98538	0.93071 0.99916
oolite_python_diffuse.png	1.0 1.0	0.99871 0.90450	0.94534 0.91894	0.99871 0.91894
oolite_python_diffuse.png	1.0 1.0	0.94534 0.90450	0.94534 0.91894	0.99871 0.90450
oolite_python_diffuse.png	1.0 1.0	0.85761 0.04726	0.86492 0.03348	0.79632 0.04726
oolite_python_diffuse.png	1.0 1.0	0.73360 0.11101	0.68023 0.12544	0.73360 0.12544
oolite_python_diffuse.png	1.0 1.0	0.68023 0.11101	0.68023 0.12544	0.73360 0.11101
oolite_python_diffuse.png	1.0 1.0	0.84749 0.19570	0.87289 0.20393	0.86692 0.17272
oolite_python_diffuse.png	1.0 1.0	0.84749 0.19570	0.84642 0.20391	0.87289 0.20393
oolite_python_diffuse.png	1.0 1.0	0.99931 0.98538	0.99931 0.95340	0.92625 0.95340
oolite_python_diffuse.png	1.0 1.0	0.99871 0.91894	0.94534 0.95104	0.99871 0.95104
oolite_python_diffuse.png	1.0 1.0	0.94534 0.91894	0.94534 0.95104	0.99871 0.91894
oolite_python_diffuse.png	1.0 1.0	0.86492 0.03348	0.86492 0.00149	0.79186 0.00149
oolite_python_diffuse.png	1.0 1.0	0.73360 0.12544	0.68023 0.15754	0.73360 0.15754
oolite_python_diffuse.png	1.0 1.0	0.68023 0.12544	0.68023 0.15754	0.73360 0.12544
oolite_python_diffuse.png	1.0 1.0	0.30617 0.14731	0.31557 0.14723	0.30065 0.11386
oolite_python_diffuse.png	1.0 1.0	0.61003 0.15149	0.61808 0.12487	0.56716 0.13505
oolite_python_diffuse.png	1.0 1.0	0.61003 0.15149	0.61765 0.15473	0.62571 0.12819
oolite_python_diffuse.png	1.0 1.0	0.84642 0.20391	0.87193 0.21217	0.87289 0.20393
oolite_python_diffuse.png	1.0 1.0	0.20770 0.04920	0.22723 0.04920	0.22723 0.02479
oolite_python_diffuse.png	1.0 1.0	0.20770 0.04920	0.20770 0.06073	0.22723 0.04920
oolite_python_diffuse.png	1.0 1.0	0.31561 0.11584	0.32500 0.11576	0.30099 0.06205
oolite_python_diffuse.png	1.0 1.0	0.61418 0.19215	0.62627 0.15584	0.58066 0.16376
oolite_python_diffuse.png	1.0 1.0	0.29481 0.47690	0.29481 0.37983	0.27838 0.37983
oolite_python_diffuse.png	1.0 1.0	0.29481 0.47690	0.54614 0.35395	0.29481 0.26290
oolite_python_diffuse.png	1.0 1.0	0.20770 0.06073	0.22723 0.06073	0.22723 0.04920
oolite_python_diffuse.png	1.0 1.0	0.29481 0.37095	0.29481 0.26290	0.27838 0.37095
oolite_python_diffuse.png	1.0 1.0	0.06882 0.67970	0.08732 0.66919	0.06882 0.66919
oolite_python_diffuse.png	1.0 1.0	0.06882 0.67970	0.08732 0.69016	0.08732 0.67970
oolite_python_diffuse.png	1.0 1.0	0.06882 0.66919	0.08732 0.66919	0.06882 0.65903
oolite_python_diffuse.png	1.0 1.0	0.61003 0.15149	0.62571 0.12819	0.61808 0.12487
oolite_python_diffuse.png	1.0 1.0	0.63239 0.07952	0.64285 0.04799	0.56822 0.06150
oolite_python_diffuse.png	1.0 1.0	0.63239 0.07952	0.64064 0.08067	0.64285 0.04799
oolite_python_diffuse.png	1.0 1.0	0.06882 0.69016	0.08732 0.69016	0.06882 0.67970
oolite_python_diffuse.png	1.0 1.0	0.06882 0.65903	0.08732 0.65903	0.06882 0.64881
oolite_python_diffuse.png	1.0 1.0	0.08732 0.67970	0.08732 0.66919	0.06882 0.67970
oolite_python_diffuse.png	1.0 1.0	0.00525 0.15776	0.01272 0.17557	0.01272 0.15071
oolite_python_diffuse.png	1.0 1.0	0.08732 0.66919	0.08732 0.65903	0.06882 0.65903
oolite_python_diffuse.png	1.0 1.0	0.01272 0.15071	0.02303 0.17542	0.02303 0.15055
oolite_python_diffuse.png	1.0 1.0	0.63009 0.12119	0.64274 0.08231	0.57638 0.09415
oolite_python_diffuse.png	1.0 1.0	0.06882 0.70040	0.08732 0.69016	0.06882 0.69016
oolite_python_diffuse.png	1.0 1.0	0.06882 0.70040	0.08732 0.70040	0.08732 0.69016
oolite_python_diffuse.png	1.0 1.0	0.06882 0.64881	0.08732 0.63857	0.06882 0.63857
oolite_python_diffuse.png	1.0 1.0	0.32579 0.08451	0.33519 0.08443	0.30102 0.00801
oolite_python_diffuse.png	1.0 1.0	0.00525 0.16837	0.01272 0.17557	0.00525 0.15776
oolite_python_diffuse.png	1.0 1.0	0.08732 0.65903	0.08732 0.64881	0.06882 0.64881
oolite_python_diffuse.png	1.0 1.0	0.02303 0.15055	0.03013 0.16837	0.03013 0.15776
oolite_python_diffuse.png	1.0 1.0	0.06882 0.71090	0.08732 0.70040	0.06882 0.70040
oolite_python_diffuse.png	1.0 1.0	0.06882 0.71090	0.08732 0.71090	0.08732 0.70040
oolite_python_diffuse.png	1.0 1.0	0.06882 0.71090	0.08732 0.72118	0.08732 0.71090
oolite_python_diffuse.png	1.0 1.0	0.06882 0.72118	0.08732 0.72118	0.06882 0.71090
oolite_python_diffuse.png	1.0 1.0	0.01272 0.17557	0.02303 0.17542	0.01272 0.15071
oolite_python_diffuse.png	1.0 1.0	0.08732 0.64881	0.08732 0.63857	0.06882 0.64881
oolite_python_diffuse.png	1.0 1.0	0.52768 0.98479	0.52768 0.99809	0.61922 0.99809
oolite_python_diffuse.png	1.0 1.0	0.52768 0.98479	0.52251 0.98479	0.52768 0.99809
oolite_python_diffuse.png	1.0 1.0	0.39536 0.86262	0.39146 0.86339	0.43736 0.96613
oolite_python_diffuse.png	1.0 1.0	0.52251 0.98479	0.52251 0.99809	0.52768 0.99809
oolite_python_diffuse.png	1.0 1.0	0.39536 0.85644	0.39146 0.86339	0.39536 0.86262
oolite_python_diffuse.png	1.0 1.0	0.39536 0.85644	0.39146 0.85567	0.39146 0.86339
oolite_python_diffuse.png	1.0 1.0	0.02303 0.17542	0.03013 0.16837	0.02303 0.15055
oolite_python_diffuse.png	1.0 1.0	0.64064 0.08067	0.65104 0.04917	0.64285 0.04799
oolite_python_diffuse.png	1.0 1.0	0.39146 0.86339	0.38244 0.86339	0.42786 0.97271
oolite_python_diffuse.png	1.0 1.0	0.39146 0.86339	0.38244 0.85567	0.38244 0.86339
oolite_python_diffuse.png	1.0 1.0	0.39146 0.85567	0.38244 0.85567	0.39146 0.86339
oolite_python_diffuse.png	1.0 1.0	0.65157 0.04462	0.66473 0.00366	0.57472 0.01964
oolite_python_diffuse.png	1.0 1.0	0.82550 0.99722	0.99952 0.69522	0.73943 0.74770
oolite_python_diffuse.png	1.0 1.0	0.36945 0.00580	0.55100 0.26014	0.37420 0.00298
oolite_python_diffuse.png	1.0 1.0	0.36945 0.00580	0.54626 0.26290	0.55100 0.26014
oolite_python_diffuse.png	1.0 1.0	0.55126 0.35572	0.54614 0.35395	0.33717 0.96873
oolite_python_diffuse.png	1.0 1.0	0.55158 0.35395	0.55179 0.26290	0.54614 0.35395
oolite_python_diffuse.png	1.0 1.0	0.54614 0.35395	0.54626 0.26290	0.29481 0.26290
oolite_python_diffuse.png	1.0 1.0	0.55179 0.26290	0.54626 0.26290	0.54614 0.35395

END
