// output from Obj2DatTex.py Wavefront text file conversion script
// (c) 2005 By Giles Williams
// 
// original file: "ferdyhull.obj"
// 
// model size: 40.464 x 20.353 x 92.082
// 
// textures used: ['oolite_ferdelance_diffuse.png']
// 
NVERTS 394
NFACES 563

VERTEX
3.81158, -4.12903, -41.36970
-3.81158, -4.12903, -41.36970
-4.02665, -4.57636, -41.36970
20.23200, -4.08068, -8.58093
20.23200, 0.86846, -8.58093
20.23200, 4.06037, -8.58093
19.09270, -4.20636, -8.58093
19.09270, 0.15892, -8.58093
18.75950, 5.49081, -9.16514
18.69790, 5.49081, -8.03653
17.87840, -5.48232, -8.58093
10.70780, -3.73832, -17.82510
10.69360, 0.15892, -17.82510
10.46590, -5.49959, -16.40610
7.40515, 0.15892, -33.66500
7.36652, -3.73832, -33.66500
6.95425, -4.75275, -33.66500
5.99960, -5.48232, -33.66500
5.68792, -2.94492, -41.36970
5.68792, -2.85384, -33.66500
5.68792, 0.15892, -41.29440
5.68792, 0.15892, -33.66500
5.68792, 0.45103, -41.36970
5.68792, 5.86536, -41.36970
5.26649, -2.73511, -43.27990
5.26649, 5.86536, -43.27990
5.26230, -2.73511, -41.36970
5.26230, 5.86536, -41.36970
4.68719, -5.48232, -11.67780
4.56013, 7.29580, -41.36970
4.44204, -2.13692, -40.38490
4.44204, -2.13692, -43.27990
4.44204, 6.00971, -40.38490
4.44204, 6.00971, -43.27990
4.23272, 7.29580, -41.36970
4.23086, 7.29580, -43.27990
4.11364, 8.00872, -41.36970
4.02665, -4.57636, -41.36970
3.90319, 6.64615, -40.38490
3.90296, 6.64615, -43.27990
3.81693, -4.12903, -43.27990
3.81158, -4.12903, -41.36970
3.80172, -4.57636, -33.66500
3.77275, 7.29580, -42.08430
3.67252, 10.53110, -15.80610
3.54360, 10.55360, -14.85790
3.44405, 8.23712, -6.54814
3.30825, -3.47485, -40.38490
3.30825, -3.47485, -43.27990
2.87440, -5.01878, 41.00380
2.84580, -5.48232, 41.00380
2.71150, 8.52497, -6.55125
2.37923, 12.51870, -18.16670
2.12061, 7.94457, -3.39421
2.04632, 12.52230, -14.85790
1.78726, 10.30600, -6.55125
1.47495, 9.94226, -6.55125
-1.47495, 9.94226, -6.55125
-1.78817, 10.30600, -6.55125
-2.05866, 12.52230, -14.85790
-2.12061, 7.94457, -3.39421
-2.39367, 12.51870, -18.16670
-2.71150, 8.52497, -6.55125
-2.84580, -5.48232, 41.00380
-2.87440, -5.01878, 41.00380
-3.30825, -3.47485, -40.38490
-3.30825, -3.47485, -43.27990
-3.44463, 8.23712, -6.54814
-3.54428, 10.55360, -14.85790
-3.67321, 10.53110, -15.80610
-3.76027, 7.29580, -42.08430
-3.80172, -4.57636, -33.66500
-3.81158, -4.12903, -41.36970
-3.81693, -4.12903, -43.27990
-3.90296, 6.64615, -43.27990
-3.90319, 6.64615, -40.38490
-4.02665, -4.57636, -41.36970
-4.13000, 8.00872, -41.36970
-4.23235, 7.29580, -43.27990
-4.23272, 7.29580, -41.36970
-4.44204, -2.13692, -40.38490
-4.44204, -2.13692, -43.27990
-4.44204, 6.00971, -40.38490
-4.44204, 6.00971, -43.27990
-4.56013, 7.29580, -41.36970
-4.68719, -5.48232, -11.67780
-5.26230, -2.73511, -41.36970
-5.26230, 5.86536, -41.36970
-5.26649, -2.73511, -43.27990
-5.26649, 5.86536, -43.27990
-5.68261, -2.94492, -41.36970
-5.68261, -2.85384, -33.66500
-5.68261, 0.15892, -41.29440
-5.68261, 0.15892, -33.66500
-5.68261, 0.45103, -41.36970
-5.68261, 5.86536, -41.36970
-5.99960, -5.48232, -33.66500
-6.95425, -4.75275, -33.66500
-7.36652, -3.73832, -33.66500
-7.40515, 0.15892, -33.66500
-10.46590, -5.49959, -16.40610
-10.69360, 0.15892, -17.82510
-10.70780, -3.73832, -17.82510
-17.87080, -5.48232, -8.58093
-18.69790, 5.49081, -8.03653
-18.75950, 5.49081, -9.16514
-19.09270, -4.20636, -8.58093
-19.09270, 0.15892, -8.58093
-20.23200, -4.08068, -8.58093
-20.23200, 0.86846, -8.58093
-20.23200, 4.06037, -8.58093
1.41896, -6.44870, 43.60850
1.40580, -6.58911, 43.65720
1.34669, -6.01975, 44.15000
1.30813, -6.13416, 44.23770
1.27501, -6.44881, 43.56930
1.26917, -6.07980, 44.03760
1.26185, -6.58923, 43.61790
1.24805, -7.02337, 42.89950
1.23853, -6.88296, 42.85000
1.23061, -6.19420, 44.12520
1.10147, -7.02349, 42.92740
1.09195, -6.88307, 42.87780
1.02778, -7.42052, 41.98540
1.01144, -5.71735, 44.33640
0.96686, -5.83175, 44.42110
0.96206, -7.29045, 41.95340
0.94195, -5.77739, 44.21880
0.90310, -7.46693, 42.05290
0.89737, -5.89180, 44.30360
0.83738, -7.33685, 42.02100
0.70832, -7.75453, 41.11440
0.63283, -7.62887, 41.08660
0.58710, -7.81314, 41.17870
0.51160, -7.68749, 41.15090
0.37526, -7.77410, 40.18500
0.32669, -7.63613, 40.21440
0.24973, -7.83057, 40.24250
0.20116, -7.69260, 40.27200
0.18960, -7.58785, 39.79700
0.16758, -7.48928, 39.90680
0.08711, -7.21714, 39.65070
0.07208, -7.21714, 39.79910
0.05522, -7.64713, 39.82330
0.03320, -7.54856, 39.93310
-0.06133, -7.21714, 39.63570
-0.07635, -7.21714, 39.78400
0.87383, -4.93907, 41.77410
0.87383, -4.93907, 40.94300
0.56830, -5.47804, 40.94370
0.45289, -5.47804, 31.82320
0.44342, -4.41950, 41.77410
0.44342, -4.41950, 40.94300
0.35048, -6.86903, 41.77410
0.35048, -6.86903, 40.94370
0.35048, -6.86903, 40.04270
0.35048, -6.86903, 38.70140
0.18799, -6.86903, 41.77410
0.18799, -6.86903, 40.04270
0.18799, -6.04603, 41.77410
0.18799, -6.04603, 40.04270
-0.16984, -6.86903, 41.77410
-0.16984, -6.86903, 40.04270
-0.16984, -6.04603, 41.77410
-0.16984, -6.04603, 40.04270
-0.33281, -6.86903, 41.77410
-0.33281, -6.86903, 40.94370
-0.33281, -6.86903, 40.04270
-0.33281, -6.86903, 38.70140
-0.41593, -4.41950, 41.77410
-0.41593, -4.41950, 40.94300
-0.44223, -5.47804, 31.82320
-0.55063, -5.47804, 40.94370
-0.84635, -4.93907, 41.77410
-0.84635, -4.93907, 40.94300
4.32945, -1.35801, -40.36410
4.32945, -1.35801, -47.09480
4.32945, 4.37343, -40.36410
4.32945, 4.37343, -47.09480
3.47486, -1.00403, -47.09480
3.47486, 4.01944, -47.09480
2.90192, -2.78554, -40.36410
2.90192, -2.78554, -47.09480
2.90192, 5.80096, -40.36410
2.90192, 5.80096, -47.09480
2.54794, -1.93095, -47.09480
2.54794, 4.94636, -47.09480
-2.55469, -1.93095, -47.09480
-2.55469, 4.94636, -47.09480
-2.90868, -2.78554, -40.36410
-2.90868, -2.78554, -47.09480
-2.90868, 5.80096, -40.36410
-2.90868, 5.80096, -47.09480
-3.48161, -1.00403, -47.09480
-3.48161, 4.01944, -47.09480
-4.33621, -1.35801, -40.36410
-4.33621, -1.35801, -47.09480
-4.33621, 4.37343, -40.36410
-4.33621, 4.37343, -47.09480
0.72726, -5.29805, 44.98760
0.72726, -5.29805, 43.64370
0.35690, -5.93954, 44.98760
0.35690, -5.93954, 43.64370
0.35690, -4.65656, 44.98760
0.35690, -4.65656, 43.64370
-0.38383, -5.93954, 44.98760
-0.38383, -5.93954, 43.64370
-0.38383, -4.65656, 44.98760
-0.38383, -4.65656, 43.64370
-0.75419, -5.29805, 44.98760
-0.75419, -5.29805, 43.64370
-0.46228, -5.81048, 44.45080
-0.50809, -5.73112, 44.16880
-0.58223, -5.60271, 44.62510
-0.65636, -5.47431, 44.16880
-0.70218, -5.39495, 44.45080
-0.89919, -6.06273, 44.45080
-0.94501, -5.98337, 44.16880
-1.01914, -5.85496, 44.62510
-1.09328, -5.72656, 44.16880
-1.13910, -5.64720, 44.45080
-0.51889, -6.17054, 41.49110
-0.54263, -6.09286, 41.24110
-0.58106, -5.96718, 41.64560
-0.61949, -5.84149, 41.24110
-0.64324, -5.76381, 41.49110
-0.82042, -6.25274, 41.49110
-0.84417, -6.17507, 41.24110
-0.87947, -6.05941, 41.64560
-0.91790, -5.93373, 41.24110
-0.94164, -5.85605, 41.49110
0.22994, -5.94166, 44.45080
0.22994, -6.44617, 44.45080
0.13830, -6.44617, 44.16880
0.13830, -5.94166, 44.16880
-0.00997, -5.94166, 44.62510
-0.00997, -6.44617, 44.62510
-0.15824, -6.44617, 44.16880
-0.15824, -5.94166, 44.16880
-0.24987, -5.94166, 44.45080
-0.24988, -6.44617, 44.45080
1.08345, -5.63489, 44.38050
1.03946, -5.71107, 44.10980
0.96829, -5.83434, 44.54790
0.89712, -5.95761, 44.10980
0.85314, -6.03379, 44.38050
0.67192, -5.39243, 44.38050
0.62793, -5.46862, 44.10980
0.55676, -5.59189, 44.54790
0.48559, -5.71516, 44.10980
0.44161, -5.79134, 44.38050
0.15951, -6.87197, 39.77110
0.15656, -7.21426, 39.77110
0.09793, -6.87197, 39.58160
0.09499, -7.21426, 39.58160
-0.00171, -6.87197, 39.88830
-0.00465, -7.21426, 39.88830
-0.10135, -6.87197, 39.58160
-0.10429, -7.21426, 39.58160
-0.16292, -6.87197, 39.77110
-0.16587, -7.21426, 39.77110
0.14876, -4.65434, 44.74540
0.14876, -4.65434, 44.25220
0.14876, -4.55723, 44.25220
0.14876, -4.42087, 44.74540
-0.15448, -4.65434, 44.74540
-0.15448, -4.65434, 44.25220
-0.15448, -4.55723, 44.25220
-0.15448, -4.42087, 44.74540
2.77182, -5.26932, 42.43160
2.77182, -5.26932, 40.99270
2.54570, -5.49540, 42.43160
2.54570, -5.49540, 40.99270
2.54568, -5.04320, 42.43160
2.54568, -5.04320, 40.99270
2.31959, -5.26931, 42.43160
2.31959, -5.26931, 40.99270
-2.33428, -5.26399, 42.43570
-2.33428, -5.26399, 40.99910
-2.56159, -5.03667, 42.43570
-2.56159, -5.03667, 40.99910
-2.56161, -5.49130, 42.43570
-2.56161, -5.49130, 40.99910
-2.78894, -5.26400, 42.43570
-2.78894, -5.26400, 40.99910
-5.68488, -0.94437, -33.66500
-5.68488, -0.94437, -39.59720
-5.68627, -0.13600, -33.66500
-5.68627, -0.13600, -39.59720
-6.52139, -0.94437, -33.66500
-6.52139, -0.94437, -38.84390
-6.52139, -0.13600, -33.66500
-6.52139, -0.13600, -38.84390
-5.68488, -2.44524, -33.66500
-5.68488, -2.44524, -39.59720
-5.68627, -1.63687, -33.66500
-5.68627, -1.63687, -39.59720
-6.52139, -2.44524, -33.66500
-6.52139, -2.44524, -38.84390
-6.52139, -1.63687, -33.66500
-6.52139, -1.63687, -38.84390
-8.58103, -4.30085, -26.24770
-8.81576, -4.30085, -25.23100
-9.00089, 0.60603, -26.34850
-9.23562, 0.60603, -25.33170
-10.25840, -2.73565, -26.63880
-10.25840, 0.60603, -26.63880
-10.49310, -2.73565, -25.62210
-10.49310, 0.60603, -25.62210
-8.06221, -4.30085, -28.50660
-8.29694, -4.30085, -27.48990
-8.48208, 0.60603, -28.60740
-8.71681, 0.60603, -27.59060
-9.73960, -2.73565, -28.89770
-9.73960, 0.60603, -28.89770
-9.97433, -2.73565, -27.88100
-9.97433, 0.60603, -27.88100
-7.58370, -4.30085, -30.73510
-7.81843, -4.30085, -29.71840
-8.00356, 0.60603, -30.83590
-8.23829, 0.60603, -29.81920
-9.26109, -2.73565, -31.12620
-9.26109, 0.60603, -31.12620
-9.49582, -2.73565, -30.10950
-9.49582, 0.60603, -30.10950
-7.03431, -4.30085, -32.93310
-7.26904, -4.30085, -31.91640
-7.45418, 0.60603, -33.03390
-7.68891, 0.60603, -32.01710
-8.71170, -2.73565, -33.32420
-8.71170, 0.60603, -33.32420
-8.94643, -2.73565, -32.30750
-8.94643, 0.60603, -32.30750
6.52139, -0.94437, -33.66500
6.52139, -0.94437, -38.84390
6.52139, -0.13600, -33.66500
6.52139, -0.13600, -38.84390
5.68627, -0.13600, -33.66500
5.68627, -0.13600, -39.59720
5.68488, -0.94437, -33.66500
5.68488, -0.94437, -39.59720
6.52139, -2.44524, -33.66500
6.52139, -2.44524, -38.84390
6.52139, -1.63687, -33.66500
6.52139, -1.63687, -38.84390
5.68627, -1.63687, -33.66500
5.68627, -1.63687, -39.59720
5.68488, -2.44524, -33.66500
5.68488, -2.44524, -39.59720
8.94643, -2.73565, -32.30750
8.94643, 0.60603, -32.30750
8.71170, -2.73565, -33.32420
8.71170, 0.60603, -33.32420
7.68891, 0.60603, -32.01710
7.45418, 0.60603, -33.03390
7.26904, -4.30085, -31.91640
7.03431, -4.30085, -32.93310
9.49582, -2.73565, -30.10950
9.49582, 0.60603, -30.10950
9.26109, -2.73565, -31.12620
9.26109, 0.60603, -31.12620
8.23829, 0.60603, -29.81920
8.00356, 0.60603, -30.83590
7.81843, -4.30085, -29.71840
7.58370, -4.30085, -30.73510
9.97433, -2.73565, -27.88100
9.97433, 0.60603, -27.88100
9.73960, -2.73565, -28.89770
9.73960, 0.60603, -28.89770
8.71681, 0.60603, -27.59060
8.48208, 0.60603, -28.60740
8.29694, -4.30085, -27.48990
8.06221, -4.30085, -28.50660
10.49310, -2.73565, -25.62210
10.49310, 0.60603, -25.62210
10.25840, -2.73565, -26.63880
10.25840, 0.60603, -26.63880
9.23562, 0.60603, -25.33170
9.00089, 0.60603, -26.34850
8.81576, -4.30085, -25.23100
8.58103, -4.30085, -26.24770
1.33499, -5.04524, 40.99770
1.03181, -4.32849, 40.99770
1.03181, -4.32849, 38.71970
-1.03455, -4.32849, 40.99770
-1.03455, -4.32849, 38.71970
-1.33772, -5.04524, 40.99770
4.02665, -4.57636, -41.36970
3.81158, -4.12903, -41.36970
-3.81158, -4.12903, -41.36970
-4.02665, -4.57636, -41.36970
4.02665, -4.57636, -41.36970
3.81158, -4.12903, -41.36970
-4.02665, -4.57636, -41.36970

FACES
128,127,127,	-0.00000,-0.00000,-1.00000,	3,	1,2,0
128,127,127,	-0.00000,-0.00000,-1.00000,	3,	3,7,6
128,127,127,	0.94384,-0.00000,0.33040,	3,	3,49,5
128,127,127,	0.94259,-0.05816,0.32886,	3,	3,50,49
128,127,127,	-0.00000,-0.00000,-1.00000,	3,	4,7,3
128,127,127,	0.51666,-0.82960,-0.21171,	3,	4,20,7
128,127,127,	0.90967,-0.10368,-0.40218,	3,	4,22,20
128,127,127,	0.68858,0.72418,0.03758,	3,	5,9,8
128,127,127,	0.91411,-0.00000,-0.40547,	3,	5,22,4
128,127,127,	0.91411,-0.00000,-0.40547,	3,	5,23,22
128,127,127,	0.70153,0.61598,0.35837,	3,	5,49,9
128,127,127,	-0.00000,-0.00000,-1.00000,	3,	6,10,3
128,127,127,	0.59569,-0.56690,-0.56902,	3,	6,11,10
128,127,127,	0.74069,-0.00000,-0.67184,	3,	7,11,6
128,127,127,	0.74012,0.00270,-0.67246,	3,	7,12,11
128,127,127,	-0.00000,-1.00000,-0.00000,	3,	7,14,12
128,127,127,	-0.00000,-1.00000,-0.00000,	3,	7,20,14
128,127,127,	0.72364,0.62794,-0.28642,	3,	8,23,5
128,127,127,	0.74974,0.59111,-0.29744,	3,	8,29,23
128,127,127,	0.35643,0.92839,-0.10512,	3,	8,44,29
128,127,127,	0.30909,0.95083,0.01946,	3,	8,45,44
128,127,127,	0.30996,0.95060,0.01692,	3,	9,45,8
128,127,127,	0.19587,0.94400,0.26550,	3,	9,49,45
128,127,127,	0.50562,-0.84903,0.15329,	3,	10,50,3
128,127,127,	-0.00000,-1.00000,-0.00000,	3,	10,103,50
128,127,127,	0.60840,-0.54690,-0.57511,	3,	11,13,10
128,127,127,	0.93473,-0.29178,-0.20282,	3,	11,16,13
128,127,127,	0.97912,0.00357,-0.20327,	3,	12,14,11
128,127,127,	-0.00067,-1.00000,0.00284,	3,	13,28,10
128,127,127,	0.97842,-0.00970,-0.20639,	3,	14,15,11
128,127,127,	-0.00000,-0.00000,-1.00000,	3,	14,21,15
128,127,127,	0.90922,-0.36951,-0.19179,	3,	15,16,11
128,127,127,	-0.00000,-0.00000,-1.00000,	3,	15,19,16
128,127,127,	-0.00000,-0.00000,-1.00000,	3,	15,21,19
128,127,127,	-0.03288,-0.99879,-0.03653,	3,	16,28,13
128,127,127,	-0.00000,-0.00000,-1.00000,	3,	16,42,17
128,127,127,	0.60681,-0.79402,0.03622,	3,	17,28,16
128,127,127,	-0.00000,-1.00000,-0.00000,	3,	17,96,28
128,127,127,	-0.00000,-0.00000,-1.00000,	3,	18,27,26
128,127,127,	0.70065,-0.71346,0.00843,	3,	18,37,19
128,127,127,	-0.00000,-0.00000,-1.00000,	3,	18,41,37
128,127,127,	1.00000,-0.00000,-0.00000,	3,	19,21,18
128,127,127,	-0.00000,-0.00000,-1.00000,	3,	19,42,16
128,127,127,	-0.00000,-1.00000,0.00000,	3,	20,21,14
128,127,127,	1.00000,-0.00000,-0.00000,	3,	21,22,18
128,127,127,	-0.00000,-0.00000,-1.00000,	3,	23,27,18
128,127,127,	-0.00000,-0.00000,-1.00000,	3,	23,34,27
128,127,127,	1.00000,-0.00000,0.00219,	3,	24,27,25
128,127,127,	0.69314,-0.72080,0.00152,	3,	24,40,26
128,127,127,	-0.00000,-0.00000,-1.00000,	3,	25,31,24
128,127,127,	-0.00000,-0.00000,-1.00000,	3,	25,33,31
128,127,127,	-0.00000,-0.00000,-1.00000,	3,	25,35,33
128,127,127,	1.00000,-0.00000,0.00219,	3,	26,27,24
128,127,127,	-0.00000,-0.00000,-1.00000,	3,	26,41,18
128,127,127,	0.81000,0.58643,0.00178,	3,	27,35,25
128,127,127,	-0.00000,-1.00000,-0.00000,	3,	28,96,85
128,127,127,	-0.00000,-1.00000,-0.00000,	3,	28,103,10
128,127,127,	-0.00000,-0.00000,-1.00000,	3,	29,34,23
128,127,127,	-0.00000,-0.00000,-1.00000,	3,	29,36,34
128,127,127,	0.84684,0.53036,-0.03979,	3,	29,52,36
128,127,127,	-1.00000,-0.00000,-0.00000,	3,	30,33,32
128,127,127,	-0.76291,0.64651,-0.00000,	3,	30,47,31
128,127,127,	-1.00000,-0.00000,-0.00000,	3,	31,33,30
128,127,127,	-0.00000,-0.00000,-1.00000,	3,	31,40,24
128,127,127,	-0.00000,-0.00000,-1.00000,	3,	31,48,40
128,127,127,	-0.76319,-0.64617,0.00006,	3,	32,39,38
128,127,127,	-0.00000,-0.00000,-1.00000,	3,	32,47,30
128,127,127,	-0.00000,-0.00000,-1.00000,	3,	32,65,47
128,127,127,	-0.00000,-0.00000,-1.00000,	3,	32,82,65
128,127,127,	-0.76306,-0.64633,-0.00000,	3,	33,39,32
128,127,127,	0.81162,0.58418,-0.00079,	3,	34,35,27
128,127,127,	-0.00000,1.00000,-0.00000,	3,	34,43,35
128,127,127,	-0.00000,-0.00000,-1.00000,	3,	35,39,33
128,127,127,	-0.00000,-0.00000,-1.00000,	3,	35,74,39
128,127,127,	-0.00000,-0.00000,-1.00000,	3,	35,78,74
128,127,127,	0.83269,0.13909,-0.53598,	3,	36,43,34
128,127,127,	-0.00000,0.70794,-0.70627,	3,	36,70,43
128,127,127,	-0.00000,0.70794,-0.70627,	3,	36,77,70
128,127,127,	0.67421,-0.73828,0.01968,	3,	37,42,19
128,127,127,	-0.00000,-1.00000,-0.00000,	3,	37,71,42
128,127,127,	-0.00000,-1.00000,-0.00000,	3,	37,76,71
128,127,127,	-0.00000,-0.00000,-1.00000,	3,	38,82,32
128,127,127,	-0.00000,-1.00000,-0.00000,	3,	39,75,38
128,127,127,	0.69285,-0.72108,0.00194,	3,	40,41,26
128,127,127,	-0.00000,-1.00000,-0.00000,	3,	40,72,41
128,127,127,	-0.00000,-1.00000,-0.00000,	3,	40,73,72
128,127,127,	-0.00000,-0.00000,-1.00000,	3,	42,96,17
128,127,127,	-0.00000,1.00000,-0.00000,	3,	43,78,35
128,127,127,	0.85638,0.51512,-0.03546,	3,	44,52,29
128,127,127,	0.79018,0.60779,0.07884,	3,	44,54,52
128,127,127,	0.79247,0.60271,0.09344,	3,	45,54,44
128,127,127,	0.35481,0.90547,0.23287,	3,	46,53,51
128,127,127,	0.78360,0.59596,0.17552,	3,	46,54,45
128,127,127,	0.76654,0.61414,0.18776,	3,	46,55,54
128,127,127,	-0.76291,0.64651,-0.00000,	3,	47,48,31
128,127,127,	-0.00000,1.00000,-0.00000,	3,	47,65,48
128,127,127,	-0.00000,-0.00000,-1.00000,	3,	48,73,40
128,127,127,	0.40191,0.88079,0.25035,	3,	49,53,46
128,127,127,	-0.00000,0.95992,0.28028,	3,	49,60,53
128,127,127,	-0.00000,0.95992,0.28028,	3,	49,64,60
128,127,127,	-0.00000,-0.00000,1.00000,	3,	50,64,49
128,127,127,	-0.00000,-1.00000,-0.00000,	3,	50,103,63
128,127,127,	-0.00533,-0.00277,0.99998,	3,	51,55,46
128,127,127,	-0.00000,-0.00000,1.00000,	3,	51,56,55
128,127,127,	-0.00000,0.98163,-0.19080,	3,	52,77,36
128,127,127,	0.72893,0.63598,0.25335,	3,	53,56,51
128,127,127,	-0.00000,0.84503,0.53471,	3,	53,57,56
128,127,127,	-0.00000,0.84503,0.53471,	3,	53,60,57
128,127,127,	-0.00000,1.00000,-0.00109,	3,	54,61,52
128,127,127,	-0.00000,0.96620,0.25779,	3,	55,58,54
128,127,127,	-0.00000,-0.00000,1.00000,	3,	56,58,55
128,127,127,	-0.00000,-0.00000,1.00000,	3,	57,58,56
128,127,127,	-0.00000,-0.00000,1.00000,	3,	57,62,58
128,127,127,	-0.00000,0.96620,0.25779,	3,	58,59,54
128,127,127,	-0.76645,0.61394,0.18876,	3,	58,67,59
128,127,127,	-0.00000,1.00000,-0.00109,	3,	59,61,54
128,127,127,	-0.79248,0.60468,0.07958,	3,	59,69,61
128,127,127,	-0.72893,0.63598,0.25335,	3,	60,62,57
128,127,127,	-0.35457,0.90557,0.23285,	3,	60,67,62
128,127,127,	-0.00000,0.98163,-0.19080,	3,	61,77,52
128,127,127,	-0.85567,0.51625,-0.03631,	3,	61,84,77
128,127,127,	0.00533,-0.00276,0.99998,	3,	62,67,58
128,127,127,	-0.00000,-0.00000,1.00000,	3,	63,64,50
128,127,127,	-0.94259,-0.05816,0.32886,	3,	63,108,64
128,127,127,	-0.40177,0.88085,0.25037,	3,	64,67,60
128,127,127,	-0.19587,0.94400,0.26551,	3,	64,104,68
128,127,127,	-0.70153,0.61598,0.35837,	3,	64,110,104
128,127,127,	-0.00000,1.00000,-0.00000,	3,	65,66,48
128,127,127,	0.76291,0.64651,-0.00000,	3,	65,81,66
128,127,127,	-0.00000,-0.00000,-1.00000,	3,	65,82,80
128,127,127,	-0.00000,-0.00000,-1.00000,	3,	66,73,48
128,127,127,	-0.00000,-0.00000,-1.00000,	3,	66,81,73
128,127,127,	-0.78594,0.59309,0.17476,	3,	67,68,59
128,127,127,	-0.79470,0.59970,0.09383,	3,	68,69,59
128,127,127,	-0.30910,0.95083,0.01947,	3,	68,105,69
128,127,127,	-0.85868,0.51131,-0.03492,	3,	69,84,61
128,127,127,	-0.35645,0.92838,-0.10513,	3,	69,105,84
128,127,127,	-0.00000,1.00000,-0.00000,	3,	70,78,43
128,127,127,	-0.00000,1.00000,-0.00000,	3,	70,79,78
128,127,127,	-0.00000,-0.00000,-1.00000,	3,	71,96,42
128,127,127,	-0.00000,-0.00000,-1.00000,	3,	71,97,96
128,127,127,	-0.00000,-0.00000,-1.00000,	3,	72,90,76
128,127,127,	-0.69285,-0.72108,0.00194,	3,	73,86,72
128,127,127,	-0.69314,-0.72080,0.00152,	3,	73,88,86
128,127,127,	-0.00000,-1.00000,-0.00000,	3,	74,75,39
128,127,127,	0.76319,-0.64617,0.00006,	3,	74,82,75
128,127,127,	0.76306,-0.64633,-0.00000,	3,	74,83,82
128,127,127,	-0.00000,-0.00000,-1.00000,	3,	75,82,38
128,127,127,	-0.67525,-0.73733,0.01971,	3,	76,91,71
128,127,127,	-0.82821,0.11933,-0.54756,	3,	77,79,70
128,127,127,	-0.00000,-0.00000,-1.00000,	3,	77,84,79
128,127,127,	-0.00000,-0.00000,-1.00000,	3,	78,83,74
128,127,127,	-0.00000,-0.00000,-1.00000,	3,	78,89,83
128,127,127,	-0.81162,0.58418,-0.00016,	3,	79,87,78
128,127,127,	-0.00000,-0.00000,-1.00000,	3,	79,95,87
128,127,127,	0.76291,0.64651,-0.00000,	3,	80,81,65
128,127,127,	1.00000,-0.00000,-0.00000,	3,	80,83,81
128,127,127,	-0.00000,-0.00000,-1.00000,	3,	81,88,73
128,127,127,	-0.00000,-0.00000,-1.00000,	3,	81,89,88
128,127,127,	1.00000,-0.00000,-0.00000,	3,	82,83,80
128,127,127,	-0.00000,-0.00000,-1.00000,	3,	83,89,81
128,127,127,	-0.00000,-0.00000,-1.00000,	3,	84,95,79
128,127,127,	-0.75094,0.58927,-0.29807,	3,	84,105,95
128,127,127,	-0.00000,-1.00000,-0.00000,	3,	85,103,28
128,127,127,	-1.00000,-0.00000,0.00219,	3,	86,88,87
128,127,127,	-0.00000,-0.00000,-1.00000,	3,	86,90,72
128,127,127,	-0.81040,0.58588,0.00178,	3,	87,89,78
128,127,127,	-0.00000,-0.00000,-1.00000,	3,	87,90,86
128,127,127,	-0.00000,-0.00000,-1.00000,	3,	87,95,90
128,127,127,	-1.00000,-0.00000,0.00219,	3,	88,89,87
128,127,127,	-0.70179,-0.71234,0.00842,	3,	90,91,76
128,127,127,	-1.00000,-0.00000,-0.00000,	3,	90,93,91
128,127,127,	-1.00000,-0.00000,-0.00000,	3,	90,94,93
128,127,127,	-0.00000,-0.00000,-1.00000,	3,	91,97,71
128,127,127,	-0.00000,-0.00000,-1.00000,	3,	91,98,97
128,127,127,	0.00000,-1.00000,0.00000,	3,	92,99,93
128,127,127,	-0.00000,-1.00000,-0.00000,	3,	92,107,99
128,127,127,	-0.51665,-0.82959,-0.21179,	3,	92,109,107
128,127,127,	-0.00000,-0.00000,-1.00000,	3,	93,98,91
128,127,127,	-0.00000,-0.00000,-1.00000,	3,	93,99,98
128,127,127,	-0.90961,-0.10371,-0.40230,	3,	94,109,92
128,127,127,	-0.91405,-0.00000,-0.40559,	3,	94,110,109
128,127,127,	-0.91405,-0.00000,-0.40559,	3,	95,110,94
128,127,127,	-0.60681,-0.79402,0.03622,	3,	96,97,85
128,127,127,	0.03288,-0.99879,-0.03653,	3,	97,100,85
128,127,127,	-0.93473,-0.29178,-0.20282,	3,	97,102,100
128,127,127,	-0.90922,-0.36951,-0.19179,	3,	98,102,97
128,127,127,	-0.97842,-0.00970,-0.20639,	3,	99,102,98
128,127,127,	-0.00000,-1.00000,-0.00000,	3,	99,107,101
128,127,127,	0.00067,-1.00000,0.00284,	3,	100,103,85
128,127,127,	-0.97912,0.00357,-0.20327,	3,	101,102,99
128,127,127,	-0.74012,0.00270,-0.67246,	3,	101,107,102
128,127,127,	-0.60876,-0.54676,-0.57486,	3,	102,103,100
128,127,127,	-0.59443,-0.56924,-0.56800,	3,	102,106,103
128,127,127,	-0.74069,-0.00000,-0.67184,	3,	102,107,106
128,127,127,	-0.50445,-0.84980,0.15286,	3,	103,108,63
128,127,127,	-0.30998,0.95059,0.01692,	3,	104,105,68
128,127,127,	-0.68858,0.72418,0.03758,	3,	104,110,105
128,127,127,	-0.72364,0.62789,-0.28654,	3,	105,110,95
128,127,127,	-0.00000,-0.00000,-1.00000,	3,	106,108,103
128,127,127,	-0.00000,-0.00000,-1.00000,	3,	107,108,106
128,127,127,	-0.00000,-0.00000,-1.00000,	3,	107,109,108
128,127,127,	-0.94384,-0.00000,0.33040,	3,	108,110,64
128,127,127,	0.96074,-0.14031,0.23937,	3,	111,114,113
128,127,127,	0.16528,0.77565,-0.60914,	3,	111,116,115
128,127,127,	0.97812,-0.14382,-0.15033,	3,	111,119,112
128,127,127,	0.98205,-0.02731,0.18664,	3,	112,114,111
128,127,127,	-0.13965,-0.84628,0.51410,	3,	112,118,117
128,127,127,	0.97952,-0.00456,-0.20132,	3,	112,119,118
128,127,127,	-0.22880,-0.78452,0.57635,	3,	112,120,114
128,127,127,	0.24309,0.77588,-0.58217,	3,	113,116,111
128,127,127,	0.31809,0.72742,-0.60801,	3,	113,124,116
128,127,127,	0.64514,0.27606,0.71245,	3,	113,125,124
128,127,127,	0.64945,0.31250,0.69322,	3,	114,125,113
128,127,127,	0.14010,0.84454,-0.51685,	3,	115,119,111
128,127,127,	-0.99283,0.05663,-0.10523,	3,	115,120,117
128,127,127,	-0.09749,0.85424,-0.51065,	3,	115,122,119
128,127,127,	-0.96592,0.19730,-0.16752,	3,	116,120,115
128,127,127,	-0.65190,-0.31014,-0.69198,	3,	116,129,120
128,127,127,	-0.16312,-0.78328,0.59989,	3,	117,120,112
128,127,127,	-0.97507,0.14846,0.16490,	3,	117,122,115
128,127,127,	0.09840,-0.85254,0.51331,	3,	118,121,117
128,127,127,	0.07355,-0.92105,0.38245,	3,	118,123,121
128,127,127,	0.86535,0.34866,-0.36001,	3,	118,126,123
128,127,127,	0.95928,-0.03382,-0.28043,	3,	119,126,118
128,127,127,	-0.31825,-0.72766,0.60764,	3,	120,125,114
128,127,127,	-0.35253,-0.73225,0.58270,	3,	120,129,125
128,127,127,	-0.97556,0.01137,0.21944,	3,	121,122,117
128,127,127,	-0.96239,0.03012,0.26999,	3,	121,130,122
128,127,127,	-0.07527,0.91634,-0.39325,	3,	122,126,119
128,127,127,	-0.47111,0.82969,-0.29944,	3,	122,130,126
128,127,127,	0.47452,-0.82381,0.31010,	3,	123,128,121
128,127,127,	0.42819,-0.88510,0.18237,	3,	123,131,128
128,127,127,	0.80781,0.38693,-0.44466,	3,	123,132,131
128,127,127,	0.35369,0.73178,-0.58259,	3,	124,127,116
128,127,127,	0.83966,0.31548,-0.44209,	3,	126,132,123
128,127,127,	-0.64746,-0.27461,-0.71090,	3,	127,129,116
128,127,127,	-0.86243,-0.34487,0.37051,	3,	128,130,121
128,127,127,	-0.83969,-0.31593,0.44170,	3,	128,134,130
128,127,127,	-0.42840,0.88491,-0.18277,	3,	130,132,126
128,127,127,	-0.49655,0.85350,-0.15804,	3,	130,134,132
128,127,127,	0.49664,-0.85337,0.15844,	3,	131,133,128
128,127,127,	0.38117,-0.91704,-0.11728,	3,	131,135,133
128,127,127,	0.84341,0.43778,-0.31146,	3,	132,135,131
128,127,127,	0.87418,0.37383,-0.30995,	3,	132,136,135
128,127,127,	-0.80764,-0.38677,0.44511,	3,	133,134,128
128,127,127,	-0.84328,-0.43763,0.31203,	3,	133,137,134
128,127,127,	-0.37747,0.91756,0.12486,	3,	134,136,132
128,127,127,	-0.36017,0.92490,0.12184,	3,	134,138,136
128,127,127,	0.36374,-0.92452,-0.11386,	3,	135,137,133
128,127,127,	0.16170,-0.85724,-0.48887,	3,	135,139,137
128,127,127,	0.89496,0.36865,-0.25129,	3,	136,139,135
128,127,127,	0.86249,0.45018,-0.23120,	3,	136,140,139
128,127,127,	-0.87377,-0.37406,0.31081,	3,	137,138,134
128,127,127,	-0.88497,-0.37156,0.28067,	3,	137,144,138
128,127,127,	-0.15970,0.85619,0.49136,	3,	138,140,136
128,127,127,	-0.27091,0.83024,0.48714,	3,	138,144,140
128,127,127,	0.27037,-0.82962,-0.48849,	3,	139,143,137
128,127,127,	0.96665,0.25383,-0.03403,	3,	140,141,139
128,127,127,	0.92722,0.36255,0.09389,	3,	140,142,141
128,127,127,	0.01698,0.37308,0.92765,	3,	140,144,142
128,127,127,	-0.01789,-0.37131,-0.92834,	3,	141,143,139
128,127,127,	0.09313,-0.37684,-0.92159,	3,	141,145,143
128,127,127,	-0.87428,-0.43507,0.21529,	3,	143,144,137
128,127,127,	-0.96795,-0.24936,0.02979,	3,	143,145,144
128,127,127,	-0.09351,0.38261,0.91917,	3,	144,146,142
128,127,127,	-0.93180,-0.35048,-0.09438,	3,	145,146,144
128,127,127,	0.77008,0.63795,-0.00000,	3,	147,151,148
128,127,127,	0.96514,-0.26172,-0.00000,	3,	147,154,153
128,127,127,	-0.00000,-0.00000,1.00000,	3,	147,169,151
128,127,127,	-0.00000,-0.00000,1.00000,	3,	147,173,169
128,127,127,	0.96514,-0.26172,-0.00000,	3,	148,154,147
128,127,127,	-0.00317,0.00050,-0.99999,	3,	149,154,148
128,127,127,	0.98796,-0.15470,-0.00000,	3,	149,155,154
128,127,127,	0.98796,-0.15470,-0.00000,	3,	149,156,155
128,127,127,	0.99078,-0.13494,-0.01254,	3,	150,156,149
128,127,127,	-0.00000,-0.98016,-0.19822,	3,	150,168,156
128,127,127,	-0.00000,-0.98016,-0.19822,	3,	150,171,168
128,127,127,	0.77008,0.63795,-0.00000,	3,	151,152,148
128,127,127,	-0.00000,1.00000,-0.00000,	3,	151,169,152
128,127,127,	-0.00000,-1.00000,-0.00000,	3,	153,158,157
128,127,127,	-0.00000,-0.00000,1.00000,	3,	153,159,147
128,127,127,	-0.00000,-1.00000,-0.00000,	3,	155,158,153
128,127,127,	-0.00000,-1.00000,-0.00000,	3,	156,158,155
128,127,127,	-0.00000,-1.00000,-0.00000,	3,	156,162,158
128,127,127,	-0.00000,-1.00000,-0.00000,	3,	156,168,162
128,127,127,	-0.00000,-0.00000,1.00000,	3,	157,159,153
128,127,127,	-1.00000,-0.00000,-0.00000,	3,	157,160,159
128,127,127,	-1.00000,-0.00000,-0.00000,	3,	158,160,157
128,127,127,	-0.00000,-0.00000,1.00000,	3,	158,162,160
128,127,127,	-0.00000,-1.00000,-0.00000,	3,	159,164,163
128,127,127,	-0.00000,-0.00000,1.00000,	3,	159,173,147
128,127,127,	-0.00000,-1.00000,-0.00000,	3,	160,164,159
128,127,127,	1.00000,-0.00000,-0.00000,	3,	161,164,162
128,127,127,	-0.00000,-0.00000,1.00000,	3,	161,165,163
128,127,127,	-0.00000,-0.00000,1.00000,	3,	162,164,160
128,127,127,	-0.00000,-1.00000,-0.00000,	3,	162,165,161
128,127,127,	-0.00000,-1.00000,-0.00000,	3,	162,167,165
128,127,127,	-0.00000,-1.00000,-0.00000,	3,	162,168,167
128,127,127,	1.00000,-0.00000,-0.00000,	3,	163,164,161
128,127,127,	-0.00000,-0.00000,1.00000,	3,	163,173,159
128,127,127,	-0.00000,-0.00000,1.00000,	3,	165,173,163
128,127,127,	-0.96637,-0.25714,-0.00000,	3,	166,173,165
128,127,127,	-0.96637,-0.25714,-0.00000,	3,	166,174,173
128,127,127,	-0.98796,-0.15470,-0.00000,	3,	167,172,166
128,127,127,	-0.98796,-0.15470,-0.00000,	3,	168,172,167
128,127,127,	-0.00000,1.00000,-0.00000,	3,	169,170,152
128,127,127,	-0.77008,0.63795,-0.00000,	3,	169,173,170
128,127,127,	-0.99062,-0.13614,-0.01177,	3,	171,172,168
128,127,127,	0.00331,0.00052,-0.99999,	3,	172,174,166
128,127,127,	-0.77008,0.63795,-0.00000,	3,	173,174,170
128,127,127,	1.00000,-0.00000,-0.00000,	3,	175,178,176
128,127,127,	0.70711,-0.70711,-0.00000,	3,	176,181,175
128,127,127,	0.70711,-0.70711,-0.00000,	3,	176,182,181
128,127,127,	1.00000,-0.00000,-0.00000,	3,	177,178,175
128,127,127,	0.70711,0.70711,-0.00000,	3,	177,184,178
128,127,127,	-0.00000,-0.00000,-1.00000,	3,	178,179,176
128,127,127,	-0.00000,-0.00000,-1.00000,	3,	178,180,179
128,127,127,	-0.00000,-0.00000,-1.00000,	3,	178,184,180
128,127,127,	-0.00000,-0.00000,-1.00000,	3,	179,182,176
128,127,127,	-0.00000,-0.00000,-1.00000,	3,	179,185,182
128,127,127,	-0.00000,-1.00000,-0.00000,	3,	182,189,181
128,127,127,	-0.00000,-1.00000,-0.00000,	3,	182,190,189
128,127,127,	0.70711,0.70711,-0.00000,	3,	183,184,177
128,127,127,	-0.00000,1.00000,-0.00000,	3,	183,192,184
128,127,127,	-0.00000,-0.00000,-1.00000,	3,	184,186,180
128,127,127,	-0.00000,-0.00000,-1.00000,	3,	184,188,186
128,127,127,	-0.00000,-0.00000,-1.00000,	3,	184,192,188
128,127,127,	-0.00000,-0.00000,-1.00000,	3,	185,190,182
128,127,127,	-0.00000,-0.00000,-1.00000,	3,	187,190,185
128,127,127,	-0.00000,-0.00000,-1.00000,	3,	187,193,190
128,127,127,	-0.70711,-0.70711,-0.00000,	3,	190,195,189
128,127,127,	-0.70711,-0.70711,-0.00000,	3,	190,196,195
128,127,127,	-0.00000,1.00000,-0.00000,	3,	191,192,183
128,127,127,	-0.70711,0.70711,-0.00000,	3,	191,198,192
128,127,127,	-0.00000,-0.00000,-1.00000,	3,	192,194,188
128,127,127,	-0.00000,-0.00000,-1.00000,	3,	192,198,194
128,127,127,	-0.00000,-0.00000,-1.00000,	3,	193,196,190
128,127,127,	-0.00000,-0.00000,-1.00000,	3,	193,198,196
128,127,127,	-0.00000,-0.00000,-1.00000,	3,	194,198,193
128,127,127,	-1.00000,-0.00000,-0.00000,	3,	196,197,195
128,127,127,	-1.00000,-0.00000,-0.00000,	3,	196,198,197
128,127,127,	-0.70711,0.70711,-0.00000,	3,	197,198,191
128,127,127,	0.86603,-0.50000,-0.00000,	3,	199,202,201
128,127,127,	0.86603,0.50000,-0.00000,	3,	199,203,200
128,127,127,	-0.00000,-0.00000,1.00000,	3,	199,207,203
128,127,127,	-0.00000,-0.00000,1.00000,	3,	199,209,207
128,127,127,	0.86603,-0.50000,-0.00000,	3,	200,202,199
128,127,127,	-0.00000,-0.00000,-1.00000,	3,	200,206,202
128,127,127,	-0.00000,-0.00000,-1.00000,	3,	200,210,206
128,127,127,	-0.00000,-0.00000,1.00000,	3,	201,205,199
128,127,127,	-0.00000,-1.00000,-0.00000,	3,	202,205,201
128,127,127,	-0.00000,-1.00000,-0.00000,	3,	202,206,205
128,127,127,	0.86603,0.50000,-0.00000,	3,	203,204,200
128,127,127,	-0.00000,1.00000,-0.00000,	3,	203,207,204
128,127,127,	-0.00000,-0.00000,-1.00000,	3,	204,208,200
128,127,127,	-0.00000,-0.00000,1.00000,	3,	205,209,199
128,127,127,	-0.86603,-0.50000,-0.00000,	3,	206,209,205
128,127,127,	-0.86603,-0.50000,-0.00000,	3,	206,210,209
128,127,127,	-0.00000,1.00000,-0.00000,	3,	207,208,204
128,127,127,	-0.86603,0.50000,-0.00000,	3,	207,210,208
128,127,127,	-0.00000,-0.00000,-1.00000,	3,	208,210,200
128,127,127,	-0.86603,0.50000,-0.00000,	3,	209,210,207
128,127,127,	0.29389,-0.50903,0.80903,	3,	211,216,213
128,127,127,	0.47552,-0.82363,-0.30905,	3,	212,216,211
128,127,127,	0.47552,-0.82363,-0.30905,	3,	212,217,216
128,127,127,	-0.00000,-0.00000,-1.00000,	3,	212,219,217
128,127,127,	-0.29389,0.50904,0.80902,	3,	213,218,215
128,127,127,	-0.00000,-0.00000,-1.00000,	3,	214,219,212
128,127,127,	-0.47552,0.82363,-0.30905,	3,	215,219,214
128,127,127,	-0.47552,0.82363,-0.30905,	3,	215,220,219
128,127,127,	0.29389,-0.50903,0.80902,	3,	216,218,213
128,127,127,	-0.86602,-0.50001,0.00004,	3,	216,220,218
128,127,127,	-0.86602,-0.50001,-0.00001,	3,	217,219,216
128,127,127,	-0.29389,0.50904,0.80902,	3,	218,220,215
128,127,127,	-0.86602,-0.50001,-0.00000,	3,	219,220,216
128,127,127,	0.15464,-0.56726,0.80889,	3,	221,226,223
128,127,127,	0.25015,-0.91761,-0.30888,	3,	222,226,221
128,127,127,	0.25018,-0.91762,-0.30885,	3,	222,227,226
128,127,127,	-0.00000,-0.00000,-1.00000,	3,	222,229,227
128,127,127,	-0.17356,0.56156,0.80903,	3,	223,228,225
128,127,127,	-0.00000,-0.00000,-1.00000,	3,	224,229,222
128,127,127,	-0.28087,0.90864,-0.30901,	3,	225,229,224
128,127,127,	-0.28086,0.90864,-0.30901,	3,	225,230,229
128,127,127,	0.17931,-0.58017,0.79451,	3,	226,228,223
128,127,127,	-0.95634,-0.29225,0.00019,	3,	226,230,228
128,127,127,	-0.95637,-0.29216,0.00008,	3,	227,229,226
128,127,127,	-0.17358,0.56157,0.80902,	3,	228,230,225
128,127,127,	-0.95634,-0.29225,-0.00004,	3,	229,230,226
128,127,127,	0.95105,-0.00000,-0.30904,	3,	231,234,232
128,127,127,	0.95105,0.00000,-0.30904,	3,	232,234,233
128,127,127,	0.58778,-0.00000,0.80902,	3,	232,235,231
128,127,127,	0.58778,-0.00000,0.80902,	3,	232,236,235
128,127,127,	-0.00000,-1.00000,-0.00000,	3,	232,240,236
128,127,127,	-0.00000,-1.00000,-0.00000,	3,	233,237,232
128,127,127,	-0.00000,-0.00000,-1.00000,	3,	234,237,233
128,127,127,	-0.00000,-0.00000,-1.00000,	3,	234,238,237
128,127,127,	-0.58778,0.00000,0.80902,	3,	236,239,235
128,127,127,	-0.58778,0.00000,0.80902,	3,	236,240,239
128,127,127,	-0.00000,-1.00000,-0.00000,	3,	237,240,232
128,127,127,	-0.95105,-0.00000,-0.30904,	3,	238,239,237
128,127,127,	-0.95105,0.00000,-0.30905,	3,	239,240,237
128,127,127,	0.86602,-0.50001,0.00001,	3,	241,245,243
128,127,127,	0.48275,0.81941,-0.30905,	3,	241,247,242
128,127,127,	0.29845,0.50657,0.80889,	3,	241,248,246
128,127,127,	0.86603,-0.49999,-0.00003,	3,	242,244,241
128,127,127,	-0.00000,-0.00000,-1.00000,	3,	242,247,244
128,127,127,	0.29845,0.50659,0.80889,	3,	243,248,241
128,127,127,	-0.29845,-0.50659,0.80888,	3,	243,250,248
128,127,127,	0.86602,-0.50001,0.00001,	3,	244,245,241
128,127,127,	-0.48275,-0.81942,-0.30904,	3,	244,250,245
128,127,127,	-0.29845,-0.50659,0.80888,	3,	245,250,243
128,127,127,	0.48276,0.81940,-0.30907,	3,	246,247,241
128,127,127,	-0.00000,-0.00000,-1.00000,	3,	247,249,244
128,127,127,	-0.48275,-0.81942,-0.30904,	3,	249,250,244
128,127,127,	0.95101,-0.00818,-0.30904,	3,	251,253,252
128,127,127,	0.58801,-0.00506,0.80884,	3,	252,255,251
128,127,127,	0.58801,-0.00506,0.80884,	3,	252,256,255
128,127,127,	-0.00000,-1.00000,-0.00000,	3,	252,260,256
128,127,127,	0.95102,-0.00817,-0.30903,	3,	253,254,252
128,127,127,	-0.00000,-0.00000,-1.00000,	3,	253,258,254
128,127,127,	-0.00000,-1.00000,-0.00000,	3,	254,258,252
128,127,127,	-0.58801,0.00506,0.80884,	3,	256,259,255
128,127,127,	-0.58801,0.00506,0.80884,	3,	256,260,259
128,127,127,	-0.00000,-0.00000,-1.00000,	3,	257,258,253
128,127,127,	-0.95101,0.00818,-0.30904,	3,	257,259,258
128,127,127,	-0.00000,-1.00000,-0.00000,	3,	258,260,252
128,127,127,	-0.95101,0.00818,-0.30904,	3,	259,260,258
128,127,127,	1.00000,-0.00000,-0.00000,	3,	261,263,262
128,127,127,	1.00000,-0.00000,-0.00000,	3,	261,264,263
128,127,127,	-0.00000,-0.00000,1.00000,	3,	261,265,264
128,127,127,	-0.00000,-0.00000,-1.00000,	3,	263,266,262
128,127,127,	-0.00000,-0.00000,-1.00000,	3,	263,267,266
128,127,127,	-0.00000,0.96384,-0.26648,	3,	263,268,267
128,127,127,	-0.00000,0.96384,-0.26648,	3,	264,268,263
128,127,127,	-0.00000,-0.00000,1.00000,	3,	265,268,264
128,127,127,	-1.00000,-0.00000,-0.00000,	3,	266,267,265
128,127,127,	-1.00000,-0.00000,-0.00000,	3,	267,268,265
128,127,127,	0.70704,-0.70717,-0.00000,	3,	269,272,271
128,127,127,	0.70708,0.70714,-0.00000,	3,	269,273,270
128,127,127,	0.70704,-0.70717,-0.00000,	3,	270,272,269
128,127,127,	-0.00000,-0.00000,1.00000,	3,	271,273,269
128,127,127,	-0.00000,-0.00000,1.00000,	3,	271,275,273
128,127,127,	-0.70708,-0.70714,-0.00000,	3,	271,276,275
128,127,127,	-0.70708,-0.70714,-0.00000,	3,	272,276,271
128,127,127,	0.70708,0.70714,-0.00000,	3,	273,274,270
128,127,127,	-0.70714,0.70708,-0.00000,	3,	273,275,274
128,127,127,	-0.70714,0.70708,-0.00000,	3,	275,276,274
128,127,127,	0.70712,0.70709,-0.00000,	3,	277,280,278
128,127,127,	-0.00000,-0.00000,1.00000,	3,	277,281,279
128,127,127,	0.70708,-0.70714,-0.00000,	3,	278,281,277
128,127,127,	0.70708,-0.70714,-0.00000,	3,	278,282,281
128,127,127,	0.70712,0.70709,-0.00000,	3,	279,280,277
128,127,127,	-0.70708,0.70714,-0.00000,	3,	279,284,280
128,127,127,	-0.00000,-0.00000,1.00000,	3,	281,283,279
128,127,127,	-0.70706,-0.70715,-0.00000,	3,	282,283,281
128,127,127,	-0.70706,-0.70715,-0.00000,	3,	282,284,283
128,127,127,	-0.70708,0.70714,-0.00000,	3,	283,284,279
128,127,127,	-0.00000,-1.00000,-0.00000,	3,	285,290,289
128,127,127,	-0.00000,-1.00000,-0.00000,	3,	286,290,285
128,127,127,	0.00000,1.00000,-0.00000,	3,	287,292,288
128,127,127,	-0.66918,-0.00115,-0.74310,	3,	288,290,286
128,127,127,	-0.66980,-0.00000,-0.74255,	3,	288,292,290
128,127,127,	-1.00000,-0.00000,-0.00000,	3,	289,292,291
128,127,127,	-1.00000,-0.00000,-0.00000,	3,	290,292,289
128,127,127,	0.00000,1.00000,-0.00000,	3,	291,292,287
128,127,127,	-0.00000,-1.00000,-0.00000,	3,	293,298,297
128,127,127,	-0.00000,-1.00000,-0.00000,	3,	294,298,293
128,127,127,	-0.00000,1.00000,-0.00000,	3,	295,300,296
128,127,127,	-0.66918,-0.00115,-0.74310,	3,	296,298,294
128,127,127,	-0.66980,-0.00000,-0.74255,	3,	296,300,298
128,127,127,	-1.00000,-0.00000,-0.00000,	3,	297,300,299
128,127,127,	-1.00000,-0.00000,-0.00000,	3,	298,300,297
128,127,127,	-0.00000,1.00000,-0.00000,	3,	299,300,295
128,127,127,	-0.65530,-0.74006,-0.15129,	3,	301,307,302
128,127,127,	-0.22654,0.00060,0.97400,	3,	302,307,304
128,127,127,	0.22652,-0.00063,-0.97401,	3,	303,305,301
128,127,127,	0.22494,-0.00000,-0.97437,	3,	303,306,305
128,127,127,	-0.65530,-0.74006,-0.15127,	3,	305,307,301
128,127,127,	-0.97438,-0.00000,-0.22493,	3,	306,307,305
128,127,127,	-0.97438,-0.00000,-0.22493,	3,	306,308,307
128,127,127,	-0.22502,-0.00000,0.97436,	3,	307,308,304
128,127,127,	-0.65529,-0.74007,-0.15129,	3,	309,315,310
128,127,127,	-0.22653,0.00060,0.97400,	3,	310,315,312
128,127,127,	0.22652,-0.00063,-0.97401,	3,	311,313,309
128,127,127,	0.22494,-0.00000,-0.97437,	3,	311,314,313
128,127,127,	-0.65529,-0.74007,-0.15129,	3,	313,315,309
128,127,127,	-0.97437,-0.00000,-0.22496,	3,	314,315,313
128,127,127,	-0.97437,-0.00000,-0.22496,	3,	314,316,315
128,127,127,	-0.22501,-0.00000,0.97436,	3,	315,316,312
128,127,127,	-0.65529,-0.74007,-0.15129,	3,	317,323,318
128,127,127,	-0.22651,0.00063,0.97401,	3,	318,323,320
128,127,127,	0.22651,-0.00063,-0.97401,	3,	319,321,317
128,127,127,	0.22493,-0.00000,-0.97437,	3,	319,322,321
128,127,127,	-0.65529,-0.74007,-0.15129,	3,	321,323,317
128,127,127,	-0.97437,-0.00000,-0.22496,	3,	322,323,321
128,127,127,	-0.97437,-0.00000,-0.22496,	3,	322,324,323
128,127,127,	-0.22493,-0.00000,0.97437,	3,	323,324,320
128,127,127,	-0.65529,-0.74007,-0.15129,	3,	325,331,326
128,127,127,	-0.22653,0.00060,0.97400,	3,	326,331,328
128,127,127,	0.22652,-0.00063,-0.97401,	3,	327,329,325
128,127,127,	0.22494,-0.00000,-0.97437,	3,	327,330,329
128,127,127,	-0.65529,-0.74007,-0.15129,	3,	329,331,325
128,127,127,	-0.97437,-0.00000,-0.22496,	3,	330,331,329
128,127,127,	-0.97437,-0.00000,-0.22496,	3,	330,332,331
128,127,127,	-0.22501,-0.00000,0.97436,	3,	331,332,328
128,127,127,	1.00000,-0.00000,-0.00000,	3,	333,336,334
128,127,127,	0.00000,-1.00000,-0.00000,	3,	334,339,333
128,127,127,	0.00000,-1.00000,-0.00000,	3,	334,340,339
128,127,127,	1.00000,-0.00000,-0.00000,	3,	335,336,333
128,127,127,	-0.00000,1.00000,-0.00000,	3,	335,337,336
128,127,127,	0.66980,-0.00000,-0.74255,	3,	336,338,334
128,127,127,	-0.00000,1.00000,-0.00000,	3,	337,338,336
128,127,127,	0.66918,-0.00115,-0.74310,	3,	338,340,334
128,127,127,	1.00000,-0.00000,-0.00000,	3,	341,344,342
128,127,127,	-0.00000,-1.00000,-0.00000,	3,	342,347,341
128,127,127,	-0.00000,-1.00000,-0.00000,	3,	342,348,347
128,127,127,	1.00000,-0.00000,-0.00000,	3,	343,344,341
128,127,127,	-0.00000,1.00000,-0.00000,	3,	343,345,344
128,127,127,	0.66980,-0.00000,-0.74255,	3,	344,346,342
128,127,127,	-0.00000,1.00000,-0.00000,	3,	345,346,344
128,127,127,	0.66918,-0.00115,-0.74310,	3,	346,348,342
128,127,127,	0.97437,-0.00000,-0.22496,	3,	349,352,351
128,127,127,	0.22501,-0.00000,0.97436,	3,	349,353,350
128,127,127,	0.22653,0.00060,0.97400,	3,	349,355,353
128,127,127,	0.65529,-0.74007,-0.15129,	3,	349,356,355
128,127,127,	0.97437,-0.00000,-0.22496,	3,	350,352,349
128,127,127,	0.65529,-0.74007,-0.15129,	3,	351,356,349
128,127,127,	-0.22494,-0.00000,-0.97437,	3,	352,354,351
128,127,127,	-0.22652,-0.00063,-0.97401,	3,	354,356,351
128,127,127,	0.97437,-0.00000,-0.22496,	3,	357,360,359
128,127,127,	0.22493,-0.00000,0.97437,	3,	357,361,358
128,127,127,	0.22651,0.00063,0.97401,	3,	357,363,361
128,127,127,	0.65529,-0.74007,-0.15129,	3,	357,364,363
128,127,127,	0.97437,-0.00000,-0.22496,	3,	358,360,357
128,127,127,	0.65529,-0.74007,-0.15129,	3,	359,364,357
128,127,127,	-0.22493,-0.00000,-0.97437,	3,	360,362,359
128,127,127,	-0.22651,-0.00063,-0.97401,	3,	362,364,359
128,127,127,	0.97437,-0.00000,-0.22496,	3,	365,368,367
128,127,127,	0.22501,-0.00000,0.97436,	3,	365,369,366
128,127,127,	0.22653,0.00060,0.97400,	3,	365,371,369
128,127,127,	0.65529,-0.74007,-0.15129,	3,	365,372,371
128,127,127,	0.97437,-0.00000,-0.22496,	3,	366,368,365
128,127,127,	0.65529,-0.74007,-0.15129,	3,	367,372,365
128,127,127,	-0.22494,-0.00000,-0.97437,	3,	368,370,367
128,127,127,	-0.22652,-0.00063,-0.97401,	3,	370,372,367
128,127,127,	0.97438,-0.00000,-0.22493,	3,	373,376,375
128,127,127,	0.22502,-0.00000,0.97436,	3,	373,377,374
128,127,127,	0.22654,0.00060,0.97400,	3,	373,379,377
128,127,127,	0.65530,-0.74006,-0.15129,	3,	373,380,379
128,127,127,	0.97438,-0.00000,-0.22493,	3,	374,376,373
128,127,127,	0.65530,-0.74006,-0.15127,	3,	375,380,373
128,127,127,	-0.22494,-0.00000,-0.97437,	3,	376,378,375
128,127,127,	-0.22652,-0.00063,-0.97401,	3,	378,380,375
128,127,127,	-0.00000,-0.00000,1.00000,	3,	381,386,382
128,127,127,	0.92100,0.38957,-0.00000,	3,	382,383,381
128,127,127,	-0.00000,1.00000,-0.00000,	3,	382,384,383
128,127,127,	-0.00000,-0.00000,1.00000,	3,	382,386,384
128,127,127,	-0.00000,1.00000,-0.00000,	3,	384,385,383
128,127,127,	-0.92100,0.38956,-0.00000,	3,	384,386,385
128,127,127,	-0.00000,-0.00000,-1.00000,	3,	388,390,387
128,127,127,	-0.00000,-0.00000,-1.00000,	3,	389,390,388
128,127,127,	-0.00000,-0.00000,-1.00000,	3,	392,393,391

TEXTURES
oolite_ferdelance_diffuse.png	1.0 1.0	0.86979 0.48433	0.86734 0.48927	0.95661 0.48433
oolite_ferdelance_diffuse.png	1.0 1.0	0.99913 0.98088	0.98855 0.93553	0.98855 0.98242
oolite_ferdelance_diffuse.png	1.0 1.0	0.00549 0.43854	0.28296 0.93946	0.08209 0.39431
oolite_ferdelance_diffuse.png	1.0 1.0	0.00549 0.43854	0.27878 0.94209	0.28296 0.93946
oolite_ferdelance_diffuse.png	1.0 1.0	0.99907 0.92832	0.98855 0.93553	0.99913 0.98088
oolite_ferdelance_diffuse.png	1.0 1.0	0.03078 0.41396	0.15015 0.04344	0.02019 0.40525
oolite_ferdelance_diffuse.png	1.0 1.0	0.99798 0.79759	0.61626 0.80154	0.61699 0.80467
oolite_ferdelance_diffuse.png	1.0 1.0	0.08209 0.39431	0.10454 0.39335	0.10211 0.38107
oolite_ferdelance_diffuse.png	1.0 1.0	0.99834 0.76303	0.61626 0.80154	0.99798 0.79759
oolite_ferdelance_diffuse.png	1.0 1.0	0.99834 0.76303	0.61627 0.74380	0.61626 0.80154
oolite_ferdelance_diffuse.png	1.0 1.0	0.08209 0.39431	0.28296 0.93946	0.10454 0.39335
oolite_ferdelance_diffuse.png	1.0 1.0	0.98855 0.98242	0.97791 0.99866	0.99913 0.98088
oolite_ferdelance_diffuse.png	1.0 1.0	0.98855 0.98242	0.85403 0.97784	0.97791 0.99866
oolite_ferdelance_diffuse.png	1.0 1.0	0.98855 0.93553	0.85403 0.97784	0.98855 0.98242
oolite_ferdelance_diffuse.png	1.0 1.0	0.98855 0.93553	0.85525 0.93553	0.85403 0.97784
oolite_ferdelance_diffuse.png	1.0 1.0	0.02019 0.40525	0.10855 0.11752	0.02019 0.26929
oolite_ferdelance_diffuse.png	1.0 1.0	0.02019 0.40525	0.15015 0.04344	0.10855 0.11752
oolite_ferdelance_diffuse.png	1.0 1.0	0.08288 0.34913	0.24099 0.00619	0.05984 0.35180
oolite_ferdelance_diffuse.png	1.0 1.0	0.08288 0.34913	0.26061 0.01198	0.24099 0.00619
oolite_ferdelance_diffuse.png	1.0 1.0	0.08288 0.34913	0.26303 0.29171	0.26061 0.01198
oolite_ferdelance_diffuse.png	1.0 1.0	0.10211 0.38107	0.27265 0.30230	0.27136 0.29111
oolite_ferdelance_diffuse.png	1.0 1.0	0.10454 0.39335	0.27265 0.30230	0.10211 0.38107
oolite_ferdelance_diffuse.png	1.0 1.0	0.10454 0.39335	0.28296 0.93946	0.27265 0.30230
oolite_ferdelance_diffuse.png	1.0 1.0	0.91897 0.09239	0.75605 0.63165	0.94912 0.09240
oolite_ferdelance_diffuse.png	1.0 1.0	0.91897 0.09239	0.53057 0.09239	0.75605 0.63165
oolite_ferdelance_diffuse.png	1.0 1.0	0.85403 0.97784	0.85865 0.99028	0.97791 0.99866
oolite_ferdelance_diffuse.png	1.0 1.0	0.85403 0.97784	0.68080 0.98883	0.85865 0.99028
oolite_ferdelance_diffuse.png	1.0 1.0	0.85525 0.93553	0.68163 0.93553	0.85403 0.97784
oolite_ferdelance_diffuse.png	1.0 1.0	0.83853 0.00085	0.77557 0.05885	0.91897 0.09239
oolite_ferdelance_diffuse.png	1.0 1.0	0.68163 0.93553	0.68153 0.97714	0.85403 0.97784
oolite_ferdelance_diffuse.png	1.0 1.0	0.99787 0.44541	0.97832 0.44541	0.99743 0.48841
oolite_ferdelance_diffuse.png	1.0 1.0	0.68153 0.97714	0.68080 0.98883	0.85403 0.97784
oolite_ferdelance_diffuse.png	1.0 1.0	0.99743 0.48841	0.97832 0.47865	0.99274 0.49960
oolite_ferdelance_diffuse.png	1.0 1.0	0.99743 0.48841	0.97832 0.44541	0.97832 0.47865
oolite_ferdelance_diffuse.png	1.0 1.0	0.96161 0.51106	0.93785 0.74494	0.99958 0.68808
oolite_ferdelance_diffuse.png	1.0 1.0	0.99274 0.49960	0.95683 0.49766	0.98187 0.50765
oolite_ferdelance_diffuse.png	1.0 1.0	0.95167 0.51066	0.93785 0.74494	0.96161 0.51106
oolite_ferdelance_diffuse.png	1.0 1.0	0.95167 0.51066	0.82371 0.51040	0.93785 0.74494
oolite_ferdelance_diffuse.png	1.0 1.0	0.04899 0.84585	0.04415 0.74864	0.04415 0.84354
oolite_ferdelance_diffuse.png	1.0 1.0	0.63879 0.91491	0.61453 0.91491	0.63975 0.99667
oolite_ferdelance_diffuse.png	1.0 1.0	0.04899 0.84585	0.02762 0.85892	0.03007 0.86385
oolite_ferdelance_diffuse.png	1.0 1.0	0.63975 0.99667	0.67185 0.99667	0.63879 0.91491
oolite_ferdelance_diffuse.png	1.0 1.0	0.97832 0.47865	0.95683 0.49766	0.99274 0.49960
oolite_ferdelance_diffuse.png	1.0 1.0	0.15015 0.04344	0.09468 0.10504	0.10855 0.11752
oolite_ferdelance_diffuse.png	1.0 1.0	0.67185 0.99667	0.67509 0.91491	0.63879 0.91491
oolite_ferdelance_diffuse.png	1.0 1.0	0.04899 0.74864	0.04415 0.74864	0.04899 0.84585
oolite_ferdelance_diffuse.png	1.0 1.0	0.04899 0.74864	0.03242 0.73286	0.04415 0.74864
oolite_ferdelance_diffuse.png	1.0 1.0	0.40492 0.99677	0.31532 0.97704	0.31532 0.99677
oolite_ferdelance_diffuse.png	1.0 1.0	0.40492 0.99677	0.42570 0.99677	0.40492 0.97704
oolite_ferdelance_diffuse.png	1.0 1.0	0.00243 0.87910	0.01093 0.95510	0.00243 0.96078
oolite_ferdelance_diffuse.png	1.0 1.0	0.00243 0.87910	0.01093 0.87773	0.01093 0.95510
oolite_ferdelance_diffuse.png	1.0 1.0	0.00243 0.87910	0.01310 0.86552	0.01093 0.87773
oolite_ferdelance_diffuse.png	1.0 1.0	0.40492 0.97704	0.31532 0.97704	0.40492 0.99677
oolite_ferdelance_diffuse.png	1.0 1.0	0.04415 0.84354	0.02762 0.85892	0.04899 0.84585
oolite_ferdelance_diffuse.png	1.0 1.0	0.31532 0.97704	0.29697 0.99677	0.31532 0.99677
oolite_ferdelance_diffuse.png	1.0 1.0	0.93785 0.74494	0.82371 0.51040	0.83835 0.74494
oolite_ferdelance_diffuse.png	1.0 1.0	0.77557 0.05885	0.53057 0.09239	0.91897 0.09239
oolite_ferdelance_diffuse.png	1.0 1.0	0.03615 0.73286	0.03242 0.73286	0.04899 0.74864
oolite_ferdelance_diffuse.png	1.0 1.0	0.03615 0.73286	0.03062 0.72501	0.03242 0.73286
oolite_ferdelance_diffuse.png	1.0 1.0	0.26061 0.01198	0.28491 0.26977	0.26980 0.01306
oolite_ferdelance_diffuse.png	1.0 1.0	0.44698 0.97192	0.36862 0.94819	0.36862 0.97192
oolite_ferdelance_diffuse.png	1.0 1.0	0.11454 0.97192	0.13011 0.97192	0.11454 0.94819
oolite_ferdelance_diffuse.png	1.0 1.0	0.44698 0.94819	0.36862 0.94819	0.44698 0.97192
oolite_ferdelance_diffuse.png	1.0 1.0	0.01093 0.95510	0.01737 0.97401	0.00243 0.96078
oolite_ferdelance_diffuse.png	1.0 1.0	0.01093 0.95510	0.02261 0.96780	0.01737 0.97401
oolite_ferdelance_diffuse.png	1.0 1.0	0.36862 0.97192	0.36173 0.94819	0.36173 0.97192
oolite_ferdelance_diffuse.png	1.0 1.0	0.01093 0.87773	0.02261 0.96780	0.01093 0.95510
oolite_ferdelance_diffuse.png	1.0 1.0	0.01093 0.87773	0.09076 0.96780	0.02261 0.96780
oolite_ferdelance_diffuse.png	1.0 1.0	0.01093 0.87773	0.10244 0.87773	0.09076 0.96780
oolite_ferdelance_diffuse.png	1.0 1.0	0.36862 0.94819	0.36173 0.94819	0.36862 0.97192
oolite_ferdelance_diffuse.png	1.0 1.0	0.29697 0.97704	0.29697 0.99677	0.31532 0.97704
oolite_ferdelance_diffuse.png	1.0 1.0	0.29697 0.97704	0.29222 0.98452	0.29697 0.99677
oolite_ferdelance_diffuse.png	1.0 1.0	0.01310 0.86552	0.01648 0.87169	0.01093 0.87773
oolite_ferdelance_diffuse.png	1.0 1.0	0.01310 0.86552	0.09688 0.87169	0.01648 0.87169
oolite_ferdelance_diffuse.png	1.0 1.0	0.01310 0.86552	0.10028 0.86552	0.09688 0.87169
oolite_ferdelance_diffuse.png	1.0 1.0	0.26980 0.01306	0.27281 0.00213	0.26496 0.00680
oolite_ferdelance_diffuse.png	1.0 1.0	0.26980 0.01306	0.35495 0.00212	0.27281 0.00213
oolite_ferdelance_diffuse.png	1.0 1.0	0.26980 0.01306	0.35854 0.01307	0.35495 0.00212
oolite_ferdelance_diffuse.png	1.0 1.0	0.61453 0.91491	0.61241 0.99667	0.63975 0.99667
oolite_ferdelance_diffuse.png	1.0 1.0	0.61453 0.91491	0.53107 0.99667	0.61241 0.99667
oolite_ferdelance_diffuse.png	1.0 1.0	0.61453 0.91491	0.52934 0.91491	0.53107 0.99667
oolite_ferdelance_diffuse.png	1.0 1.0	0.01648 0.87169	0.10244 0.87773	0.01093 0.87773
oolite_ferdelance_diffuse.png	1.0 1.0	0.36173 0.94819	0.29220 0.97192	0.36173 0.97192
oolite_ferdelance_diffuse.png	1.0 1.0	0.42570 0.99677	0.42570 0.97704	0.40492 0.97704
oolite_ferdelance_diffuse.png	1.0 1.0	0.00063 0.99677	0.08064 0.97704	0.00063 0.97704
oolite_ferdelance_diffuse.png	1.0 1.0	0.00063 0.99677	0.08064 0.99677	0.08064 0.97704
oolite_ferdelance_diffuse.png	1.0 1.0	0.95683 0.49766	0.84520 0.50765	0.98187 0.50765
oolite_ferdelance_diffuse.png	1.0 1.0	0.29222 0.98452	0.20919 0.99677	0.29697 0.99677
oolite_ferdelance_diffuse.png	1.0 1.0	0.26303 0.29171	0.28491 0.26977	0.26061 0.01198
oolite_ferdelance_diffuse.png	1.0 1.0	0.50269 0.74642	0.53023 0.75572	0.52711 0.72021
oolite_ferdelance_diffuse.png	1.0 1.0	0.50389 0.75663	0.53023 0.75572	0.50269 0.74642
oolite_ferdelance_diffuse.png	1.0 1.0	0.27383 0.39823	0.29138 0.43561	0.28362 0.40192
oolite_ferdelance_diffuse.png	1.0 1.0	0.50521 0.85394	0.53023 0.75572	0.50449 0.76104
oolite_ferdelance_diffuse.png	1.0 1.0	0.50521 0.85394	0.53307 0.84787	0.53023 0.75572
oolite_ferdelance_diffuse.png	1.0 1.0	0.13011 0.97192	0.13011 0.94819	0.11454 0.94819
oolite_ferdelance_diffuse.png	1.0 1.0	0.13011 0.97192	0.19137 0.97192	0.13011 0.94819
oolite_ferdelance_diffuse.png	1.0 1.0	0.02261 0.96780	0.09600 0.97401	0.01737 0.97401
oolite_ferdelance_diffuse.png	1.0 1.0	0.28296 0.93946	0.29138 0.43561	0.27383 0.39823
oolite_ferdelance_diffuse.png	1.0 1.0	0.28296 0.93946	0.33642 0.43561	0.29138 0.43561
oolite_ferdelance_diffuse.png	1.0 1.0	0.28296 0.93946	0.34546 0.93957	0.33642 0.43561
oolite_ferdelance_diffuse.png	1.0 1.0	0.28296 0.94450	0.34546 0.93957	0.28296 0.93946
oolite_ferdelance_diffuse.png	1.0 1.0	0.75605 0.63165	0.53057 0.09239	0.69421 0.63165
oolite_ferdelance_diffuse.png	1.0 1.0	0.50107 0.90371	0.51025 0.85805	0.48233 0.91109
oolite_ferdelance_diffuse.png	1.0 1.0	0.50107 0.90371	0.53271 0.86738	0.51025 0.85805
oolite_ferdelance_diffuse.png	1.0 1.0	0.28491 0.26977	0.35854 0.01307	0.26980 0.01306
oolite_ferdelance_diffuse.png	1.0 1.0	0.56694 0.70267	0.58142 0.61887	0.54202 0.63402
oolite_ferdelance_diffuse.png	1.0 1.0	0.56694 0.70267	0.64794 0.61888	0.58142 0.61887
oolite_ferdelance_diffuse.png	1.0 1.0	0.56694 0.70267	0.66212 0.70267	0.64794 0.61888
oolite_ferdelance_diffuse.png	1.0 1.0	0.53023 0.75572	0.57788 0.72021	0.52711 0.72021
oolite_ferdelance_diffuse.png	1.0 1.0	0.53307 0.84787	0.57164 0.84787	0.53023 0.75572
oolite_ferdelance_diffuse.png	1.0 1.0	0.53271 0.86738	0.63061 0.85805	0.51025 0.85805
oolite_ferdelance_diffuse.png	1.0 1.0	0.60818 0.86738	0.63061 0.85805	0.53271 0.86738
oolite_ferdelance_diffuse.png	1.0 1.0	0.60818 0.86738	0.63982 0.90371	0.63061 0.85805
oolite_ferdelance_diffuse.png	1.0 1.0	0.57164 0.84787	0.57416 0.75566	0.53023 0.75572
oolite_ferdelance_diffuse.png	1.0 1.0	0.57164 0.84787	0.59986 0.85380	0.57416 0.75566
oolite_ferdelance_diffuse.png	1.0 1.0	0.57416 0.75566	0.57788 0.72021	0.53023 0.75572
oolite_ferdelance_diffuse.png	1.0 1.0	0.57416 0.75566	0.60216 0.74691	0.57788 0.72021
oolite_ferdelance_diffuse.png	1.0 1.0	0.66212 0.70267	0.68733 0.63400	0.64794 0.61888
oolite_ferdelance_diffuse.png	1.0 1.0	0.33642 0.43561	0.35270 0.39823	0.34345 0.40192
oolite_ferdelance_diffuse.png	1.0 1.0	0.34350 0.26965	0.35854 0.01307	0.28491 0.26977
oolite_ferdelance_diffuse.png	1.0 1.0	0.34350 0.26965	0.36638 0.01149	0.35854 0.01307
oolite_ferdelance_diffuse.png	1.0 1.0	0.63982 0.90371	0.65858 0.91109	0.63061 0.85805
oolite_ferdelance_diffuse.png	1.0 1.0	0.34546 0.94461	0.34546 0.93957	0.28296 0.94450
oolite_ferdelance_diffuse.png	1.0 1.0	0.35025 0.94245	0.62253 0.44001	0.34546 0.93957
oolite_ferdelance_diffuse.png	1.0 1.0	0.34546 0.93957	0.35270 0.39823	0.33642 0.43561
oolite_ferdelance_diffuse.png	1.0 1.0	0.34546 0.93957	0.52199 0.39342	0.35388 0.30230
oolite_ferdelance_diffuse.png	1.0 1.0	0.34546 0.93957	0.54581 0.39460	0.52199 0.39342
oolite_ferdelance_diffuse.png	1.0 1.0	0.19137 0.97192	0.19137 0.94819	0.13011 0.94819
oolite_ferdelance_diffuse.png	1.0 1.0	0.19137 0.97192	0.20695 0.94819	0.19137 0.94819
oolite_ferdelance_diffuse.png	1.0 1.0	0.09076 0.96780	0.10244 0.87773	0.10244 0.95510
oolite_ferdelance_diffuse.png	1.0 1.0	0.09076 0.96780	0.09600 0.97401	0.02261 0.96780
oolite_ferdelance_diffuse.png	1.0 1.0	0.09076 0.96780	0.10244 0.95510	0.09600 0.97401
oolite_ferdelance_diffuse.png	1.0 1.0	0.59986 0.85380	0.59991 0.76121	0.57416 0.75566
oolite_ferdelance_diffuse.png	1.0 1.0	0.60069 0.75703	0.60216 0.74691	0.57416 0.75566
oolite_ferdelance_diffuse.png	1.0 1.0	0.35388 0.30230	0.52442 0.38107	0.35517 0.29111
oolite_ferdelance_diffuse.png	1.0 1.0	0.36486 0.29259	0.36638 0.01149	0.34350 0.26965
oolite_ferdelance_diffuse.png	1.0 1.0	0.36486 0.29259	0.54601 0.35056	0.36638 0.01149
oolite_ferdelance_diffuse.png	1.0 1.0	0.21427 0.98452	0.20919 0.99677	0.29222 0.98452
oolite_ferdelance_diffuse.png	1.0 1.0	0.21427 0.98452	0.20919 0.97704	0.20919 0.99677
oolite_ferdelance_diffuse.png	1.0 1.0	0.87023 0.49766	0.84520 0.50765	0.95683 0.49766
oolite_ferdelance_diffuse.png	1.0 1.0	0.87023 0.49766	0.83433 0.49960	0.84520 0.50765
oolite_ferdelance_diffuse.png	1.0 1.0	0.02388 0.85892	0.00257 0.84585	0.02143 0.86385
oolite_ferdelance_diffuse.png	1.0 1.0	0.08064 0.99677	0.10142 0.97704	0.08064 0.97704
oolite_ferdelance_diffuse.png	1.0 1.0	0.08064 0.99677	0.10142 0.99677	0.10142 0.97704
oolite_ferdelance_diffuse.png	1.0 1.0	0.29220 0.94819	0.29220 0.97192	0.36173 0.94819
oolite_ferdelance_diffuse.png	1.0 1.0	0.29220 0.94819	0.28530 0.97192	0.29220 0.97192
oolite_ferdelance_diffuse.png	1.0 1.0	0.29220 0.94819	0.28530 0.94819	0.28530 0.97192
oolite_ferdelance_diffuse.png	1.0 1.0	0.09689 0.87169	0.10244 0.87773	0.01648 0.87169
oolite_ferdelance_diffuse.png	1.0 1.0	0.52934 0.91491	0.50369 0.99667	0.53107 0.99667
oolite_ferdelance_diffuse.png	1.0 1.0	0.35854 0.01307	0.36309 0.00663	0.35495 0.00212
oolite_ferdelance_diffuse.png	1.0 1.0	0.02072 0.72501	0.01535 0.73286	0.01908 0.73286
oolite_ferdelance_diffuse.png	1.0 1.0	0.10028 0.86552	0.10244 0.87773	0.09688 0.87169
oolite_ferdelance_diffuse.png	1.0 1.0	0.10028 0.86552	0.11093 0.87910	0.10244 0.87773
oolite_ferdelance_diffuse.png	1.0 1.0	0.20919 0.97704	0.19053 0.97704	0.20919 0.99677
oolite_ferdelance_diffuse.png	1.0 1.0	0.01908 0.73286	0.00257 0.74864	0.00735 0.74864
oolite_ferdelance_diffuse.png	1.0 1.0	0.20695 0.97192	0.20695 0.94819	0.19137 0.97192
oolite_ferdelance_diffuse.png	1.0 1.0	0.20695 0.97192	0.28530 0.94819	0.20695 0.94819
oolite_ferdelance_diffuse.png	1.0 1.0	0.10244 0.95510	0.11093 0.96078	0.09600 0.97401
oolite_ferdelance_diffuse.png	1.0 1.0	0.10244 0.95510	0.11093 0.87910	0.11093 0.96078
oolite_ferdelance_diffuse.png	1.0 1.0	0.28530 0.97192	0.28530 0.94819	0.20695 0.97192
oolite_ferdelance_diffuse.png	1.0 1.0	0.10244 0.87773	0.11093 0.87910	0.10244 0.95510
oolite_ferdelance_diffuse.png	1.0 1.0	0.01535 0.73286	0.00257 0.74864	0.01908 0.73286
oolite_ferdelance_diffuse.png	1.0 1.0	0.36638 0.01149	0.54601 0.35056	0.38578 0.00718
oolite_ferdelance_diffuse.png	1.0 1.0	0.67408 0.05885	0.53057 0.09239	0.77557 0.05885
oolite_ferdelance_diffuse.png	1.0 1.0	0.10142 0.97704	0.10142 0.99677	0.19053 0.97704
oolite_ferdelance_diffuse.png	1.0 1.0	0.00735 0.84354	0.00257 0.84585	0.02388 0.85892
oolite_ferdelance_diffuse.png	1.0 1.0	0.19053 0.97704	0.19053 0.99677	0.20919 0.99677
oolite_ferdelance_diffuse.png	1.0 1.0	0.00735 0.74864	0.00257 0.84585	0.00735 0.84354
oolite_ferdelance_diffuse.png	1.0 1.0	0.00735 0.74864	0.00257 0.74864	0.00257 0.84585
oolite_ferdelance_diffuse.png	1.0 1.0	0.10142 0.99677	0.19053 0.99677	0.19053 0.97704
oolite_ferdelance_diffuse.png	1.0 1.0	0.50466 0.91491	0.50369 0.99667	0.52934 0.91491
oolite_ferdelance_diffuse.png	1.0 1.0	0.50466 0.91491	0.47160 0.99667	0.50369 0.99667
oolite_ferdelance_diffuse.png	1.0 1.0	0.50466 0.91491	0.46836 0.91491	0.47160 0.99667
oolite_ferdelance_diffuse.png	1.0 1.0	0.84881 0.47865	0.83433 0.49960	0.87023 0.49766
oolite_ferdelance_diffuse.png	1.0 1.0	0.84881 0.47865	0.82964 0.48841	0.83433 0.49960
oolite_ferdelance_diffuse.png	1.0 1.0	0.13160 0.84056	0.08990 0.76626	0.07613 0.77896
oolite_ferdelance_diffuse.png	1.0 1.0	0.13160 0.84056	0.00058 0.47828	0.08990 0.76626
oolite_ferdelance_diffuse.png	1.0 1.0	0.13160 0.84056	0.01300 0.46945	0.00058 0.47828
oolite_ferdelance_diffuse.png	1.0 1.0	0.84881 0.44541	0.82964 0.48841	0.84881 0.47865
oolite_ferdelance_diffuse.png	1.0 1.0	0.84881 0.44541	0.82919 0.44541	0.82964 0.48841
oolite_ferdelance_diffuse.png	1.0 1.0	0.99750 0.85769	0.61515 0.85377	0.99676 0.86082
oolite_ferdelance_diffuse.png	1.0 1.0	0.99750 0.85769	0.61542 0.81920	0.61515 0.85377
oolite_ferdelance_diffuse.png	1.0 1.0	0.99751 0.79997	0.61542 0.81920	0.99750 0.85769
oolite_ferdelance_diffuse.png	1.0 1.0	0.82371 0.51040	0.81449 0.51037	0.83835 0.74494
oolite_ferdelance_diffuse.png	1.0 1.0	0.81449 0.51037	0.77730 0.68807	0.83835 0.74494
oolite_ferdelance_diffuse.png	1.0 1.0	0.99336 0.92200	0.82014 0.91100	0.81552 0.92344
oolite_ferdelance_diffuse.png	1.0 1.0	0.99263 0.91030	0.82014 0.91100	0.99336 0.92200
oolite_ferdelance_diffuse.png	1.0 1.0	0.99254 0.86869	0.82014 0.91100	0.99263 0.91030
oolite_ferdelance_diffuse.png	1.0 1.0	0.08990 0.76626	0.00058 0.47828	0.00124 0.61385
oolite_ferdelance_diffuse.png	1.0 1.0	0.61181 0.00084	0.53057 0.09239	0.67408 0.05885
oolite_ferdelance_diffuse.png	1.0 1.0	0.82014 0.86840	0.82014 0.91100	0.99254 0.86869
oolite_ferdelance_diffuse.png	1.0 1.0	0.82014 0.86840	0.68724 0.86904	0.82014 0.91100
oolite_ferdelance_diffuse.png	1.0 1.0	0.82014 0.91100	0.69625 0.93182	0.81552 0.92344
oolite_ferdelance_diffuse.png	1.0 1.0	0.82014 0.91100	0.68695 0.91558	0.69625 0.93182
oolite_ferdelance_diffuse.png	1.0 1.0	0.82014 0.91100	0.68724 0.86904	0.68695 0.91558
oolite_ferdelance_diffuse.png	1.0 1.0	0.53057 0.09239	0.50125 0.09240	0.69421 0.63165
oolite_ferdelance_diffuse.png	1.0 1.0	0.52199 0.39342	0.52442 0.38107	0.35388 0.30230
oolite_ferdelance_diffuse.png	1.0 1.0	0.52199 0.39342	0.54581 0.39460	0.52442 0.38107
oolite_ferdelance_diffuse.png	1.0 1.0	0.54601 0.35056	0.56904 0.35323	0.38578 0.00718
oolite_ferdelance_diffuse.png	1.0 1.0	0.68695 0.91558	0.67504 0.91405	0.69625 0.93182
oolite_ferdelance_diffuse.png	1.0 1.0	0.68724 0.86904	0.67504 0.91405	0.68695 0.91558
oolite_ferdelance_diffuse.png	1.0 1.0	0.68724 0.86904	0.67510 0.86148	0.67504 0.91405
oolite_ferdelance_diffuse.png	1.0 1.0	0.62253 0.44001	0.54581 0.39460	0.34546 0.93957
oolite_ferdelance_diffuse.png	1.0 1.0	0.46981 0.78727	0.47558 0.77208	0.46981 0.77208
oolite_ferdelance_diffuse.png	1.0 1.0	0.46981 0.78727	0.46403 0.77208	0.46403 0.78727
oolite_ferdelance_diffuse.png	1.0 1.0	0.46981 0.78727	0.46981 0.80246	0.47558 0.78727
oolite_ferdelance_diffuse.png	1.0 1.0	0.47558 0.78727	0.47558 0.77208	0.46981 0.78727
oolite_ferdelance_diffuse.png	1.0 1.0	0.47558 0.78727	0.47558 0.80246	0.48135 0.78727
oolite_ferdelance_diffuse.png	1.0 1.0	0.47558 0.78727	0.46981 0.80246	0.47558 0.80246
oolite_ferdelance_diffuse.png	1.0 1.0	0.47558 0.78727	0.48135 0.77208	0.47558 0.77208
oolite_ferdelance_diffuse.png	1.0 1.0	0.46981 0.77208	0.46403 0.77208	0.46981 0.78727
oolite_ferdelance_diffuse.png	1.0 1.0	0.46981 0.77208	0.46981 0.75689	0.46403 0.77208
oolite_ferdelance_diffuse.png	1.0 1.0	0.46981 0.77208	0.47558 0.75689	0.46981 0.75689
oolite_ferdelance_diffuse.png	1.0 1.0	0.47558 0.77208	0.47558 0.75689	0.46981 0.77208
oolite_ferdelance_diffuse.png	1.0 1.0	0.46403 0.78727	0.46981 0.80246	0.46981 0.78727
oolite_ferdelance_diffuse.png	1.0 1.0	0.48712 0.78727	0.48135 0.77208	0.48135 0.78727
oolite_ferdelance_diffuse.png	1.0 1.0	0.46403 0.78727	0.46403 0.80246	0.46981 0.80246
oolite_ferdelance_diffuse.png	1.0 1.0	0.48712 0.77208	0.48135 0.77208	0.48712 0.78727
oolite_ferdelance_diffuse.png	1.0 1.0	0.48712 0.77208	0.48135 0.75689	0.48135 0.77208
oolite_ferdelance_diffuse.png	1.0 1.0	0.48135 0.78727	0.48135 0.77208	0.47558 0.78727
oolite_ferdelance_diffuse.png	1.0 1.0	0.48135 0.78727	0.48712 0.80246	0.48712 0.78727
oolite_ferdelance_diffuse.png	1.0 1.0	0.47558 0.80246	0.48135 0.80246	0.48135 0.78727
oolite_ferdelance_diffuse.png	1.0 1.0	0.47558 0.80246	0.47558 0.81765	0.48135 0.80246
oolite_ferdelance_diffuse.png	1.0 1.0	0.47558 0.80246	0.46981 0.81765	0.47558 0.81765
oolite_ferdelance_diffuse.png	1.0 1.0	0.46981 0.80246	0.46981 0.81765	0.47558 0.80246
oolite_ferdelance_diffuse.png	1.0 1.0	0.48135 0.77208	0.47558 0.75689	0.47558 0.77208
oolite_ferdelance_diffuse.png	1.0 1.0	0.48135 0.77208	0.48135 0.75689	0.47558 0.75689
oolite_ferdelance_diffuse.png	1.0 1.0	0.48135 0.80246	0.48712 0.80246	0.48135 0.78727
oolite_ferdelance_diffuse.png	1.0 1.0	0.48135 0.80246	0.48712 0.81765	0.48712 0.80246
oolite_ferdelance_diffuse.png	1.0 1.0	0.46403 0.80246	0.46981 0.81765	0.46981 0.80246
oolite_ferdelance_diffuse.png	1.0 1.0	0.46403 0.80246	0.46403 0.81765	0.46981 0.81765
oolite_ferdelance_diffuse.png	1.0 1.0	0.47558 0.81765	0.48135 0.81765	0.48135 0.80246
oolite_ferdelance_diffuse.png	1.0 1.0	0.47558 0.81765	0.47558 0.83284	0.48135 0.81765
oolite_ferdelance_diffuse.png	1.0 1.0	0.47558 0.81765	0.46981 0.83284	0.47558 0.83284
oolite_ferdelance_diffuse.png	1.0 1.0	0.46981 0.75689	0.46403 0.75689	0.46403 0.77208
oolite_ferdelance_diffuse.png	1.0 1.0	0.46981 0.81765	0.46981 0.83284	0.47558 0.81765
oolite_ferdelance_diffuse.png	1.0 1.0	0.48712 0.75689	0.48135 0.75689	0.48712 0.77208
oolite_ferdelance_diffuse.png	1.0 1.0	0.48135 0.81765	0.48712 0.81765	0.48135 0.80246
oolite_ferdelance_diffuse.png	1.0 1.0	0.48135 0.81765	0.48712 0.83284	0.48712 0.81765
oolite_ferdelance_diffuse.png	1.0 1.0	0.46403 0.81765	0.46981 0.83284	0.46981 0.81765
oolite_ferdelance_diffuse.png	1.0 1.0	0.46403 0.81765	0.46403 0.83284	0.46981 0.83284
oolite_ferdelance_diffuse.png	1.0 1.0	0.47558 0.83284	0.48135 0.83284	0.48135 0.81765
oolite_ferdelance_diffuse.png	1.0 1.0	0.47558 0.83284	0.47558 0.84803	0.48135 0.83284
oolite_ferdelance_diffuse.png	1.0 1.0	0.46981 0.83284	0.47558 0.84803	0.47558 0.83284
oolite_ferdelance_diffuse.png	1.0 1.0	0.46981 0.83284	0.46981 0.84803	0.47558 0.84803
oolite_ferdelance_diffuse.png	1.0 1.0	0.48135 0.83284	0.48712 0.83284	0.48135 0.81765
oolite_ferdelance_diffuse.png	1.0 1.0	0.48135 0.83284	0.48135 0.84803	0.48712 0.83284
oolite_ferdelance_diffuse.png	1.0 1.0	0.46403 0.83284	0.46981 0.84803	0.46981 0.83284
oolite_ferdelance_diffuse.png	1.0 1.0	0.46403 0.83284	0.46403 0.84803	0.46981 0.84803
oolite_ferdelance_diffuse.png	1.0 1.0	0.47558 0.84803	0.48135 0.84803	0.48135 0.83284
oolite_ferdelance_diffuse.png	1.0 1.0	0.47558 0.84803	0.47558 0.86323	0.48135 0.84803
oolite_ferdelance_diffuse.png	1.0 1.0	0.46981 0.84803	0.47558 0.86323	0.47558 0.84803
oolite_ferdelance_diffuse.png	1.0 1.0	0.46981 0.84803	0.46981 0.86323	0.47558 0.86323
oolite_ferdelance_diffuse.png	1.0 1.0	0.48135 0.84803	0.48712 0.84803	0.48712 0.83284
oolite_ferdelance_diffuse.png	1.0 1.0	0.48135 0.84803	0.48712 0.86323	0.48712 0.84803
oolite_ferdelance_diffuse.png	1.0 1.0	0.46403 0.84803	0.46981 0.86323	0.46981 0.84803
oolite_ferdelance_diffuse.png	1.0 1.0	0.46403 0.84803	0.46403 0.86323	0.46981 0.86323
oolite_ferdelance_diffuse.png	1.0 1.0	0.47558 0.86323	0.48135 0.86323	0.48135 0.84803
oolite_ferdelance_diffuse.png	1.0 1.0	0.46981 0.86323	0.47558 0.87842	0.47558 0.86323
oolite_ferdelance_diffuse.png	1.0 1.0	0.46981 0.86323	0.46981 0.87842	0.47558 0.87842
oolite_ferdelance_diffuse.png	1.0 1.0	0.46981 0.86323	0.46403 0.86323	0.46981 0.87842
oolite_ferdelance_diffuse.png	1.0 1.0	0.47558 0.87842	0.48135 0.86323	0.47558 0.86323
oolite_ferdelance_diffuse.png	1.0 1.0	0.47558 0.87842	0.48135 0.87842	0.48135 0.86323
oolite_ferdelance_diffuse.png	1.0 1.0	0.48135 0.86323	0.48712 0.86323	0.48135 0.84803
oolite_ferdelance_diffuse.png	1.0 1.0	0.48135 0.86323	0.48135 0.87842	0.48712 0.86323
oolite_ferdelance_diffuse.png	1.0 1.0	0.46403 0.86323	0.46403 0.87842	0.46981 0.87842
oolite_ferdelance_diffuse.png	1.0 1.0	0.48135 0.87842	0.48712 0.87842	0.48712 0.86323
oolite_ferdelance_diffuse.png	1.0 1.0	0.72536 0.70561	0.70499 0.70561	0.72536 0.73147
oolite_ferdelance_diffuse.png	1.0 1.0	0.72536 0.70561	0.78992 0.73155	0.78992 0.70561
oolite_ferdelance_diffuse.png	1.0 1.0	0.86886 0.33212	0.92579 0.30985	0.88786 0.30985
oolite_ferdelance_diffuse.png	1.0 1.0	0.86886 0.33212	0.94480 0.33212	0.92579 0.30985
oolite_ferdelance_diffuse.png	1.0 1.0	0.72536 0.73147	0.78992 0.73155	0.72536 0.70561
oolite_ferdelance_diffuse.png	1.0 1.0	0.73026 0.73734	0.79013 0.73145	0.72536 0.73147
oolite_ferdelance_diffuse.png	1.0 1.0	0.92521 0.17212	0.94645 0.18912	0.94645 0.17212
oolite_ferdelance_diffuse.png	1.0 1.0	0.92521 0.17212	0.94645 0.21444	0.94645 0.18912
oolite_ferdelance_diffuse.png	1.0 1.0	0.91795 0.29812	0.94645 0.21444	0.92521 0.17212
oolite_ferdelance_diffuse.png	1.0 1.0	0.94621 0.40897	0.97036 0.21435	0.94621 0.21435
oolite_ferdelance_diffuse.png	1.0 1.0	0.94621 0.40897	0.97036 0.40897	0.97036 0.21435
oolite_ferdelance_diffuse.png	1.0 1.0	0.70499 0.70561	0.70499 0.73151	0.72536 0.73147
oolite_ferdelance_diffuse.png	1.0 1.0	0.70499 0.70561	0.67828 0.70561	0.70499 0.73151
oolite_ferdelance_diffuse.png	1.0 1.0	0.88627 0.05132	0.95261 0.04690	0.88627 0.04690
oolite_ferdelance_diffuse.png	1.0 1.0	0.89196 0.40797	0.89913 0.37635	0.86886 0.33212
oolite_ferdelance_diffuse.png	1.0 1.0	0.95261 0.05129	0.95261 0.04690	0.88627 0.05132
oolite_ferdelance_diffuse.png	1.0 1.0	0.94621 0.21435	0.95386 0.17222	0.94621 0.17222
oolite_ferdelance_diffuse.png	1.0 1.0	0.94621 0.21435	0.96522 0.17222	0.95386 0.17222
oolite_ferdelance_diffuse.png	1.0 1.0	0.94621 0.21435	0.97036 0.21435	0.96522 0.17222
oolite_ferdelance_diffuse.png	1.0 1.0	0.89913 0.40797	0.89913 0.37635	0.89196 0.40797
oolite_ferdelance_diffuse.png	1.0 1.0	0.88627 0.04690	0.95261 0.03104	0.88627 0.03104
oolite_ferdelance_diffuse.png	1.0 1.0	0.95261 0.04690	0.95261 0.03104	0.88627 0.04690
oolite_ferdelance_diffuse.png	1.0 1.0	0.97554 0.33420	0.98690 0.33420	0.97554 0.31680
oolite_ferdelance_diffuse.png	1.0 1.0	0.88627 0.03104	0.95261 0.02087	0.88627 0.02087
oolite_ferdelance_diffuse.png	1.0 1.0	0.89913 0.37635	0.94480 0.33212	0.86886 0.33212
oolite_ferdelance_diffuse.png	1.0 1.0	0.95261 0.03104	0.95261 0.02087	0.88627 0.03104
oolite_ferdelance_diffuse.png	1.0 1.0	0.88627 0.00501	0.95261 0.02087	0.95261 0.00501
oolite_ferdelance_diffuse.png	1.0 1.0	0.91493 0.40797	0.92212 0.40797	0.91493 0.37635
oolite_ferdelance_diffuse.png	1.0 1.0	0.98690 0.33420	0.98690 0.31684	0.97555 0.31684
oolite_ferdelance_diffuse.png	1.0 1.0	0.95261 0.00501	0.88627 0.00058	0.88627 0.00501
oolite_ferdelance_diffuse.png	1.0 1.0	0.95261 0.00501	0.95261 0.00058	0.88627 0.00058
oolite_ferdelance_diffuse.png	1.0 1.0	0.96522 0.17222	0.97036 0.21435	0.97036 0.17222
oolite_ferdelance_diffuse.png	1.0 1.0	0.88627 0.02087	0.95261 0.02087	0.88627 0.00501
oolite_ferdelance_diffuse.png	1.0 1.0	0.91493 0.37635	0.94480 0.33212	0.89913 0.37635
oolite_ferdelance_diffuse.png	1.0 1.0	0.92212 0.40797	0.94480 0.33212	0.91493 0.37635
oolite_ferdelance_diffuse.png	1.0 1.0	0.59436 0.73155	0.65715 0.70561	0.59436 0.70561
oolite_ferdelance_diffuse.png	1.0 1.0	0.59436 0.73155	0.65715 0.73155	0.65715 0.70561
oolite_ferdelance_diffuse.png	1.0 1.0	0.97039 0.18915	0.99164 0.17215	0.97039 0.17215
oolite_ferdelance_diffuse.png	1.0 1.0	0.97039 0.21447	0.99164 0.17215	0.97039 0.18915
oolite_ferdelance_diffuse.png	1.0 1.0	0.67828 0.70561	0.67828 0.73155	0.70499 0.73151
oolite_ferdelance_diffuse.png	1.0 1.0	0.67828 0.70561	0.65715 0.70561	0.67828 0.73155
oolite_ferdelance_diffuse.png	1.0 1.0	0.99889 0.29815	0.99164 0.17215	0.97039 0.21447
oolite_ferdelance_diffuse.png	1.0 1.0	0.65317 0.73734	0.65715 0.73155	0.59436 0.73155
oolite_ferdelance_diffuse.png	1.0 1.0	0.65715 0.70561	0.65715 0.73155	0.67828 0.73155
oolite_ferdelance_diffuse.png	1.0 1.0	0.05032 0.10490	0.00196 0.06148	0.00196 0.10490
oolite_ferdelance_diffuse.png	1.0 1.0	0.00196 0.10490	0.05032 0.11945	0.05032 0.10490
oolite_ferdelance_diffuse.png	1.0 1.0	0.00196 0.10490	0.00196 0.11945	0.05032 0.11945
oolite_ferdelance_diffuse.png	1.0 1.0	0.05032 0.06148	0.00196 0.06148	0.05032 0.10490
oolite_ferdelance_diffuse.png	1.0 1.0	0.05032 0.06148	0.00196 0.04723	0.00196 0.06148
oolite_ferdelance_diffuse.png	1.0 1.0	0.08032 0.06244	0.06595 0.15367	0.08032 0.15968
oolite_ferdelance_diffuse.png	1.0 1.0	0.08032 0.06244	0.06595 0.06844	0.06595 0.15367
oolite_ferdelance_diffuse.png	1.0 1.0	0.20752 0.06001	0.18352 0.03579	0.19315 0.06602
oolite_ferdelance_diffuse.png	1.0 1.0	0.04793 0.18134	0.03830 0.21157	0.06229 0.18735
oolite_ferdelance_diffuse.png	1.0 1.0	0.04793 0.18134	0.03235 0.19707	0.03830 0.21157
oolite_ferdelance_diffuse.png	1.0 1.0	0.00196 0.11945	0.05032 0.16366	0.05032 0.11945
oolite_ferdelance_diffuse.png	1.0 1.0	0.00196 0.11892	0.00196 0.16366	0.05032 0.16366
oolite_ferdelance_diffuse.png	1.0 1.0	0.05032 0.04723	0.00196 0.04723	0.05032 0.06148
oolite_ferdelance_diffuse.png	1.0 1.0	0.05032 0.04723	0.00196 0.00303	0.00196 0.04723
oolite_ferdelance_diffuse.png	1.0 1.0	0.18352 0.03579	0.17757 0.05029	0.19315 0.06602
oolite_ferdelance_diffuse.png	1.0 1.0	0.11057 0.00243	0.20231 0.01692	0.11652 0.01692
oolite_ferdelance_diffuse.png	1.0 1.0	0.11057 0.00243	0.20826 0.00243	0.20231 0.01692
oolite_ferdelance_diffuse.png	1.0 1.0	0.11592 0.01880	0.20765 0.03330	0.10997 0.03330
oolite_ferdelance_diffuse.png	1.0 1.0	0.20170 0.01880	0.20765 0.03330	0.11592 0.01880
oolite_ferdelance_diffuse.png	1.0 1.0	0.03075 0.19646	0.01517 0.18073	0.02480 0.21096
oolite_ferdelance_diffuse.png	1.0 1.0	0.00196 0.16366	0.05032 0.17820	0.05032 0.16366
oolite_ferdelance_diffuse.png	1.0 1.0	0.00196 0.16366	0.00196 0.17820	0.05032 0.17820
oolite_ferdelance_diffuse.png	1.0 1.0	0.05032 0.00303	0.00196 0.00303	0.05032 0.04723
oolite_ferdelance_diffuse.png	1.0 1.0	0.10333 0.06084	0.05497 0.04629	0.05497 0.06084
oolite_ferdelance_diffuse.png	1.0 1.0	0.17305 0.05035	0.16342 0.08057	0.17901 0.06485
oolite_ferdelance_diffuse.png	1.0 1.0	0.17305 0.05035	0.14906 0.07457	0.16342 0.08057
oolite_ferdelance_diffuse.png	1.0 1.0	0.01517 0.18073	0.00080 0.18674	0.02480 0.21096
oolite_ferdelance_diffuse.png	1.0 1.0	0.06636 0.15367	0.05200 0.06244	0.05200 0.15968
oolite_ferdelance_diffuse.png	1.0 1.0	0.06636 0.06844	0.05200 0.06244	0.06636 0.15367
oolite_ferdelance_diffuse.png	1.0 1.0	0.05497 0.00287	0.10333 0.04629	0.10333 0.00287
oolite_ferdelance_diffuse.png	1.0 1.0	0.05497 0.00287	0.05497 0.04629	0.10333 0.04629
oolite_ferdelance_diffuse.png	1.0 1.0	0.10333 0.04629	0.05497 0.04629	0.10333 0.06084
oolite_ferdelance_diffuse.png	1.0 1.0	0.95606 0.00087	0.99888 0.02730	0.95606 0.02730
oolite_ferdelance_diffuse.png	1.0 1.0	0.95606 0.15946	0.95606 0.13303	0.99888 0.15946
oolite_ferdelance_diffuse.png	1.0 1.0	0.58912 0.51763	0.63467 0.48726	0.60431 0.48726
oolite_ferdelance_diffuse.png	1.0 1.0	0.58912 0.51763	0.64986 0.51763	0.63467 0.48726
oolite_ferdelance_diffuse.png	1.0 1.0	0.99888 0.00087	0.99888 0.02730	0.95606 0.00087
oolite_ferdelance_diffuse.png	1.0 1.0	0.58912 0.51763	0.63467 0.54800	0.60431 0.54800
oolite_ferdelance_diffuse.png	1.0 1.0	0.58912 0.51763	0.64986 0.51763	0.63467 0.54800
oolite_ferdelance_diffuse.png	1.0 1.0	0.60431 0.54800	0.63467 0.54800	0.58912 0.51763
oolite_ferdelance_diffuse.png	1.0 1.0	0.99888 0.02730	0.95606 0.05373	0.95606 0.02730
oolite_ferdelance_diffuse.png	1.0 1.0	0.99888 0.02730	0.99888 0.05373	0.95606 0.05373
oolite_ferdelance_diffuse.png	1.0 1.0	0.95606 0.13303	0.99888 0.13303	0.99888 0.15946
oolite_ferdelance_diffuse.png	1.0 1.0	0.95606 0.13303	0.95606 0.10660	0.99888 0.13303
oolite_ferdelance_diffuse.png	1.0 1.0	0.60431 0.48726	0.63467 0.48726	0.58912 0.51763
oolite_ferdelance_diffuse.png	1.0 1.0	0.63467 0.54800	0.64986 0.51763	0.58912 0.51763
oolite_ferdelance_diffuse.png	1.0 1.0	0.99888 0.05373	0.95606 0.08017	0.95606 0.05373
oolite_ferdelance_diffuse.png	1.0 1.0	0.99888 0.05373	0.99888 0.08017	0.95606 0.08017
oolite_ferdelance_diffuse.png	1.0 1.0	0.95606 0.10660	0.99888 0.10660	0.99888 0.13303
oolite_ferdelance_diffuse.png	1.0 1.0	0.95606 0.10660	0.99888 0.08017	0.99888 0.10660
oolite_ferdelance_diffuse.png	1.0 1.0	0.63467 0.48726	0.64986 0.51763	0.58912 0.51763
oolite_ferdelance_diffuse.png	1.0 1.0	0.95606 0.08017	0.99888 0.08017	0.95606 0.10660
oolite_ferdelance_diffuse.png	1.0 1.0	0.60987 0.57123	0.60987 0.59565	0.62427 0.57123
oolite_ferdelance_diffuse.png	1.0 1.0	0.59540 0.57123	0.60987 0.59565	0.60987 0.57123
oolite_ferdelance_diffuse.png	1.0 1.0	0.59540 0.57123	0.59540 0.59565	0.60987 0.59565
oolite_ferdelance_diffuse.png	1.0 1.0	0.59540 0.57123	0.58100 0.59565	0.59540 0.59565
oolite_ferdelance_diffuse.png	1.0 1.0	0.62427 0.57123	0.62427 0.59565	0.63889 0.57123
oolite_ferdelance_diffuse.png	1.0 1.0	0.58100 0.57123	0.58100 0.59565	0.59540 0.57123
oolite_ferdelance_diffuse.png	1.0 1.0	0.63889 0.57123	0.65321 0.59565	0.65321 0.57123
oolite_ferdelance_diffuse.png	1.0 1.0	0.63889 0.57123	0.63889 0.59565	0.65321 0.59565
oolite_ferdelance_diffuse.png	1.0 1.0	0.60987 0.59565	0.62427 0.59565	0.62427 0.57123
oolite_ferdelance_diffuse.png	1.0 1.0	0.14628 0.93190	0.11772 0.93184	0.13184 0.94214
oolite_ferdelance_diffuse.png	1.0 1.0	0.14087 0.91524	0.12336 0.91524	0.14628 0.93190
oolite_ferdelance_diffuse.png	1.0 1.0	0.62427 0.59565	0.63889 0.59565	0.63889 0.57123
oolite_ferdelance_diffuse.png	1.0 1.0	0.12336 0.91524	0.11772 0.93184	0.14628 0.93190
oolite_ferdelance_diffuse.png	1.0 1.0	0.60987 0.59805	0.60987 0.61621	0.62427 0.59805
oolite_ferdelance_diffuse.png	1.0 1.0	0.59540 0.59805	0.60987 0.61621	0.60987 0.59805
oolite_ferdelance_diffuse.png	1.0 1.0	0.59540 0.59805	0.59540 0.61621	0.60987 0.61621
oolite_ferdelance_diffuse.png	1.0 1.0	0.59540 0.59805	0.58100 0.61621	0.59540 0.61621
oolite_ferdelance_diffuse.png	1.0 1.0	0.62427 0.59805	0.62427 0.61621	0.63889 0.59805
oolite_ferdelance_diffuse.png	1.0 1.0	0.58100 0.59805	0.58100 0.61621	0.59540 0.59805
oolite_ferdelance_diffuse.png	1.0 1.0	0.63889 0.59805	0.65321 0.61621	0.65321 0.59805
oolite_ferdelance_diffuse.png	1.0 1.0	0.63889 0.59805	0.63889 0.61621	0.65321 0.61621
oolite_ferdelance_diffuse.png	1.0 1.0	0.60987 0.61621	0.62427 0.61621	0.62427 0.59805
oolite_ferdelance_diffuse.png	1.0 1.0	0.15099 0.89496	0.11548 0.89489	0.13303 0.90769
oolite_ferdelance_diffuse.png	1.0 1.0	0.14426 0.87426	0.12249 0.87426	0.15099 0.89496
oolite_ferdelance_diffuse.png	1.0 1.0	0.62427 0.61621	0.63889 0.61621	0.63889 0.59805
oolite_ferdelance_diffuse.png	1.0 1.0	0.12249 0.87426	0.11548 0.89489	0.15099 0.89496
oolite_ferdelance_diffuse.png	1.0 1.0	0.60987 0.57123	0.59540 0.57123	0.60987 0.59565
oolite_ferdelance_diffuse.png	1.0 1.0	0.60987 0.59565	0.59540 0.57123	0.59540 0.59565
oolite_ferdelance_diffuse.png	1.0 1.0	0.60987 0.59565	0.62427 0.57123	0.60987 0.57123
oolite_ferdelance_diffuse.png	1.0 1.0	0.60987 0.59565	0.62427 0.59565	0.62427 0.57123
oolite_ferdelance_diffuse.png	1.0 1.0	0.14628 0.93190	0.11772 0.93184	0.13184 0.94214
oolite_ferdelance_diffuse.png	1.0 1.0	0.14087 0.91524	0.12336 0.91524	0.14628 0.93190
oolite_ferdelance_diffuse.png	1.0 1.0	0.59540 0.57123	0.58100 0.59565	0.59540 0.59565
oolite_ferdelance_diffuse.png	1.0 1.0	0.59540 0.57123	0.58100 0.57123	0.58100 0.59565
oolite_ferdelance_diffuse.png	1.0 1.0	0.62427 0.59565	0.63889 0.57123	0.62427 0.57123
oolite_ferdelance_diffuse.png	1.0 1.0	0.62427 0.59565	0.63889 0.59565	0.63889 0.57123
oolite_ferdelance_diffuse.png	1.0 1.0	0.12336 0.91524	0.11772 0.93184	0.14628 0.93190
oolite_ferdelance_diffuse.png	1.0 1.0	0.65321 0.57123	0.63889 0.57123	0.65321 0.59565
oolite_ferdelance_diffuse.png	1.0 1.0	0.63889 0.57123	0.63889 0.59565	0.65321 0.59565
oolite_ferdelance_diffuse.png	1.0 1.0	0.02108 0.78194	0.02113 0.75822	0.01257 0.76994
oolite_ferdelance_diffuse.png	1.0 1.0	0.97713 0.37940	0.99815 0.35859	0.97713 0.35859
oolite_ferdelance_diffuse.png	1.0 1.0	0.97713 0.37940	0.99815 0.40011	0.99815 0.37940
oolite_ferdelance_diffuse.png	1.0 1.0	0.03491 0.77745	0.03491 0.76290	0.02108 0.78194
oolite_ferdelance_diffuse.png	1.0 1.0	0.97713 0.35859	0.99815 0.35859	0.97713 0.33786
oolite_ferdelance_diffuse.png	1.0 1.0	0.97713 0.40011	0.99815 0.40011	0.97713 0.37940
oolite_ferdelance_diffuse.png	1.0 1.0	0.97713 0.40011	0.99815 0.42115	0.99815 0.40011
oolite_ferdelance_diffuse.png	1.0 1.0	0.03491 0.76290	0.02113 0.75822	0.02108 0.78194
oolite_ferdelance_diffuse.png	1.0 1.0	0.97713 0.44174	0.99815 0.42115	0.97713 0.42115
oolite_ferdelance_diffuse.png	1.0 1.0	0.97713 0.42115	0.99815 0.42115	0.97713 0.40011
oolite_ferdelance_diffuse.png	1.0 1.0	0.99815 0.37940	0.99815 0.35859	0.97713 0.37940
oolite_ferdelance_diffuse.png	1.0 1.0	0.99815 0.35859	0.99815 0.33786	0.97713 0.33786
oolite_ferdelance_diffuse.png	1.0 1.0	0.99815 0.44174	0.99815 0.42115	0.97713 0.44174
oolite_ferdelance_diffuse.png	1.0 1.0	0.60992 0.55241	0.59547 0.55241	0.60992 0.56700
oolite_ferdelance_diffuse.png	1.0 1.0	0.60992 0.56700	0.62431 0.55241	0.60992 0.55241
oolite_ferdelance_diffuse.png	1.0 1.0	0.60992 0.56700	0.62431 0.56700	0.62431 0.55241
oolite_ferdelance_diffuse.png	1.0 1.0	0.57684 0.60825	0.55312 0.60821	0.56484 0.61676
oolite_ferdelance_diffuse.png	1.0 1.0	0.59547 0.55241	0.59547 0.56700	0.60992 0.56700
oolite_ferdelance_diffuse.png	1.0 1.0	0.59547 0.55241	0.58108 0.56700	0.59547 0.56700
oolite_ferdelance_diffuse.png	1.0 1.0	0.57234 0.59442	0.55780 0.59442	0.57684 0.60825
oolite_ferdelance_diffuse.png	1.0 1.0	0.62431 0.56700	0.63892 0.55241	0.62431 0.55241
oolite_ferdelance_diffuse.png	1.0 1.0	0.62431 0.56700	0.63892 0.56700	0.63892 0.55241
oolite_ferdelance_diffuse.png	1.0 1.0	0.58108 0.55241	0.58108 0.56700	0.59547 0.55241
oolite_ferdelance_diffuse.png	1.0 1.0	0.65322 0.55241	0.63892 0.55241	0.65322 0.56700
oolite_ferdelance_diffuse.png	1.0 1.0	0.55780 0.59442	0.55312 0.60821	0.57684 0.60825
oolite_ferdelance_diffuse.png	1.0 1.0	0.63892 0.55241	0.63892 0.56700	0.65322 0.56700
oolite_ferdelance_diffuse.png	1.0 1.0	0.46351 0.93715	0.45869 0.96362	0.46351 0.96362
oolite_ferdelance_diffuse.png	1.0 1.0	0.46351 0.93715	0.45204 0.93715	0.45869 0.96362
oolite_ferdelance_diffuse.png	1.0 1.0	0.46351 0.93715	0.46351 0.92267	0.45204 0.93715
oolite_ferdelance_diffuse.png	1.0 1.0	0.42766 0.93715	0.42288 0.92267	0.42288 0.93715
oolite_ferdelance_diffuse.png	1.0 1.0	0.42766 0.93715	0.42766 0.92267	0.42288 0.92267
oolite_ferdelance_diffuse.png	1.0 1.0	0.42766 0.93715	0.45204 0.92267	0.42766 0.92267
oolite_ferdelance_diffuse.png	1.0 1.0	0.45204 0.93715	0.45204 0.92267	0.42766 0.93715
oolite_ferdelance_diffuse.png	1.0 1.0	0.46351 0.92267	0.45204 0.92267	0.45204 0.93715
oolite_ferdelance_diffuse.png	1.0 1.0	0.46351 0.89626	0.45874 0.89626	0.46351 0.92267
oolite_ferdelance_diffuse.png	1.0 1.0	0.45874 0.89626	0.45204 0.92267	0.46351 0.92267
oolite_ferdelance_diffuse.png	1.0 1.0	0.93705 0.48050	0.91863 0.41069	0.91863 0.48050
oolite_ferdelance_diffuse.png	1.0 1.0	0.93705 0.48050	0.95547 0.48050	0.93705 0.41069
oolite_ferdelance_diffuse.png	1.0 1.0	0.93705 0.41069	0.91863 0.41069	0.93705 0.48050
oolite_ferdelance_diffuse.png	1.0 1.0	0.03328 0.80884	0.01469 0.79025	0.03328 0.79025
oolite_ferdelance_diffuse.png	1.0 1.0	0.03328 0.80884	0.01469 0.80884	0.01469 0.79025
oolite_ferdelance_diffuse.png	1.0 1.0	0.91863 0.48050	0.90021 0.41069	0.90021 0.48050
oolite_ferdelance_diffuse.png	1.0 1.0	0.91863 0.41069	0.90021 0.41069	0.91863 0.48050
oolite_ferdelance_diffuse.png	1.0 1.0	0.95547 0.48050	0.95547 0.41069	0.93705 0.41069
oolite_ferdelance_diffuse.png	1.0 1.0	0.95547 0.48050	0.97389 0.48050	0.95547 0.41069
oolite_ferdelance_diffuse.png	1.0 1.0	0.97389 0.48050	0.97389 0.41069	0.95547 0.41069
oolite_ferdelance_diffuse.png	1.0 1.0	0.50074 0.07712	0.43092 0.05870	0.43092 0.07712
oolite_ferdelance_diffuse.png	1.0 1.0	0.03397 0.82011	0.03397 0.83871	0.01537 0.82011
oolite_ferdelance_diffuse.png	1.0 1.0	0.43092 0.00343	0.50074 0.02185	0.50074 0.00343
oolite_ferdelance_diffuse.png	1.0 1.0	0.43092 0.00343	0.43092 0.02185	0.50074 0.02185
oolite_ferdelance_diffuse.png	1.0 1.0	0.50074 0.05870	0.43092 0.05870	0.50074 0.07712
oolite_ferdelance_diffuse.png	1.0 1.0	0.50074 0.05870	0.43092 0.04027	0.43092 0.05870
oolite_ferdelance_diffuse.png	1.0 1.0	0.03397 0.83871	0.01537 0.83871	0.01537 0.82011
oolite_ferdelance_diffuse.png	1.0 1.0	0.43092 0.02185	0.50074 0.04027	0.50074 0.02185
oolite_ferdelance_diffuse.png	1.0 1.0	0.43092 0.02185	0.43092 0.04027	0.50074 0.04027
oolite_ferdelance_diffuse.png	1.0 1.0	0.50074 0.04027	0.43092 0.04027	0.50074 0.05870
oolite_ferdelance_diffuse.png	1.0 1.0	0.77949 0.00089	0.68302 0.01538	0.78463 0.01538
oolite_ferdelance_diffuse.png	1.0 1.0	0.66894 0.00089	0.68302 0.01538	0.77949 0.00089
oolite_ferdelance_diffuse.png	1.0 1.0	0.78001 0.04452	0.68302 0.03000	0.66985 0.04460
oolite_ferdelance_diffuse.png	1.0 1.0	0.66333 0.02993	0.68302 0.01538	0.66332 0.01538
oolite_ferdelance_diffuse.png	1.0 1.0	0.66333 0.02993	0.68302 0.03000	0.68302 0.01538
oolite_ferdelance_diffuse.png	1.0 1.0	0.78463 0.01538	0.68302 0.03000	0.78463 0.02992
oolite_ferdelance_diffuse.png	1.0 1.0	0.68302 0.01538	0.68302 0.03000	0.78463 0.01538
oolite_ferdelance_diffuse.png	1.0 1.0	0.78463 0.02992	0.68302 0.03000	0.78001 0.04452
oolite_ferdelance_diffuse.png	1.0 1.0	0.77949 0.00089	0.68302 0.01538	0.78463 0.01538
oolite_ferdelance_diffuse.png	1.0 1.0	0.66894 0.00089	0.68302 0.01538	0.77949 0.00089
oolite_ferdelance_diffuse.png	1.0 1.0	0.78001 0.04452	0.68302 0.03000	0.66985 0.04460
oolite_ferdelance_diffuse.png	1.0 1.0	0.66333 0.02993	0.68302 0.01538	0.66332 0.01538
oolite_ferdelance_diffuse.png	1.0 1.0	0.66333 0.02993	0.68302 0.03000	0.68302 0.01538
oolite_ferdelance_diffuse.png	1.0 1.0	0.78463 0.01538	0.68302 0.03000	0.78463 0.02992
oolite_ferdelance_diffuse.png	1.0 1.0	0.68302 0.01538	0.68302 0.03000	0.78463 0.01538
oolite_ferdelance_diffuse.png	1.0 1.0	0.78463 0.02992	0.68302 0.03000	0.78001 0.04452
oolite_ferdelance_diffuse.png	1.0 1.0	0.32187 0.36977	0.30514 0.33234	0.30514 0.36977
oolite_ferdelance_diffuse.png	1.0 1.0	0.27737 0.35762	0.30514 0.33234	0.28438 0.28130
oolite_ferdelance_diffuse.png	1.0 1.0	0.34244 0.28130	0.32187 0.33234	0.34942 0.35762
oolite_ferdelance_diffuse.png	1.0 1.0	0.34244 0.28130	0.32187 0.28130	0.32187 0.33234
oolite_ferdelance_diffuse.png	1.0 1.0	0.32187 0.33234	0.30514 0.33234	0.32187 0.36977
oolite_ferdelance_diffuse.png	1.0 1.0	0.32187 0.28130	0.30514 0.33234	0.32187 0.33234
oolite_ferdelance_diffuse.png	1.0 1.0	0.32187 0.28130	0.30514 0.28130	0.30514 0.33234
oolite_ferdelance_diffuse.png	1.0 1.0	0.30514 0.33234	0.30514 0.28130	0.28438 0.28130
oolite_ferdelance_diffuse.png	1.0 1.0	0.32187 0.36977	0.30514 0.33234	0.30514 0.36977
oolite_ferdelance_diffuse.png	1.0 1.0	0.27737 0.35762	0.30514 0.33234	0.28438 0.28130
oolite_ferdelance_diffuse.png	1.0 1.0	0.34244 0.28130	0.32187 0.33234	0.34942 0.35762
oolite_ferdelance_diffuse.png	1.0 1.0	0.34244 0.28130	0.32187 0.28130	0.32187 0.33234
oolite_ferdelance_diffuse.png	1.0 1.0	0.32187 0.33234	0.30514 0.33234	0.32187 0.36977
oolite_ferdelance_diffuse.png	1.0 1.0	0.32187 0.28130	0.30514 0.33234	0.32187 0.33234
oolite_ferdelance_diffuse.png	1.0 1.0	0.32187 0.28130	0.30514 0.28130	0.30514 0.33234
oolite_ferdelance_diffuse.png	1.0 1.0	0.30514 0.33234	0.30514 0.28130	0.28438 0.28130
oolite_ferdelance_diffuse.png	1.0 1.0	0.32187 0.36977	0.30514 0.33234	0.30514 0.36977
oolite_ferdelance_diffuse.png	1.0 1.0	0.27737 0.35762	0.30514 0.33234	0.28438 0.28130
oolite_ferdelance_diffuse.png	1.0 1.0	0.34244 0.28130	0.32187 0.33234	0.34942 0.35762
oolite_ferdelance_diffuse.png	1.0 1.0	0.34244 0.28130	0.32187 0.28130	0.32187 0.33234
oolite_ferdelance_diffuse.png	1.0 1.0	0.32187 0.33234	0.30514 0.33234	0.32187 0.36977
oolite_ferdelance_diffuse.png	1.0 1.0	0.32187 0.28130	0.30514 0.33234	0.32187 0.33234
oolite_ferdelance_diffuse.png	1.0 1.0	0.32187 0.28130	0.30514 0.28130	0.30514 0.33234
oolite_ferdelance_diffuse.png	1.0 1.0	0.30514 0.33234	0.30514 0.28130	0.28438 0.28130
oolite_ferdelance_diffuse.png	1.0 1.0	0.32187 0.36977	0.30514 0.33234	0.30514 0.36977
oolite_ferdelance_diffuse.png	1.0 1.0	0.27737 0.35762	0.30514 0.33234	0.28438 0.28130
oolite_ferdelance_diffuse.png	1.0 1.0	0.34244 0.28130	0.32187 0.33234	0.34942 0.35762
oolite_ferdelance_diffuse.png	1.0 1.0	0.34244 0.28130	0.32187 0.28130	0.32187 0.33234
oolite_ferdelance_diffuse.png	1.0 1.0	0.32187 0.33234	0.30514 0.33234	0.32187 0.36977
oolite_ferdelance_diffuse.png	1.0 1.0	0.32187 0.28130	0.30514 0.33234	0.32187 0.33234
oolite_ferdelance_diffuse.png	1.0 1.0	0.32187 0.28130	0.30514 0.28130	0.30514 0.33234
oolite_ferdelance_diffuse.png	1.0 1.0	0.30514 0.33234	0.30514 0.28130	0.28438 0.28130
oolite_ferdelance_diffuse.png	1.0 1.0	0.78463 0.01538	0.68302 0.03000	0.68302 0.01538
oolite_ferdelance_diffuse.png	1.0 1.0	0.68302 0.01538	0.77949 0.00089	0.78463 0.01538
oolite_ferdelance_diffuse.png	1.0 1.0	0.68302 0.01538	0.66894 0.00089	0.77949 0.00089
oolite_ferdelance_diffuse.png	1.0 1.0	0.78463 0.02992	0.68302 0.03000	0.78463 0.01538
oolite_ferdelance_diffuse.png	1.0 1.0	0.78463 0.02992	0.78001 0.04452	0.68302 0.03000
oolite_ferdelance_diffuse.png	1.0 1.0	0.68302 0.03000	0.66333 0.02993	0.68302 0.01538
oolite_ferdelance_diffuse.png	1.0 1.0	0.78001 0.04452	0.66985 0.04460	0.68302 0.03000
oolite_ferdelance_diffuse.png	1.0 1.0	0.66333 0.02993	0.66332 0.01538	0.68302 0.01538
oolite_ferdelance_diffuse.png	1.0 1.0	0.78463 0.01538	0.68302 0.03000	0.68302 0.01538
oolite_ferdelance_diffuse.png	1.0 1.0	0.68302 0.01538	0.77949 0.00089	0.78463 0.01538
oolite_ferdelance_diffuse.png	1.0 1.0	0.68302 0.01538	0.66894 0.00089	0.77949 0.00089
oolite_ferdelance_diffuse.png	1.0 1.0	0.78463 0.02992	0.68302 0.03000	0.78463 0.01538
oolite_ferdelance_diffuse.png	1.0 1.0	0.78463 0.02992	0.78001 0.04452	0.68302 0.03000
oolite_ferdelance_diffuse.png	1.0 1.0	0.68302 0.03000	0.66333 0.02993	0.68302 0.01538
oolite_ferdelance_diffuse.png	1.0 1.0	0.78001 0.04452	0.66985 0.04460	0.68302 0.03000
oolite_ferdelance_diffuse.png	1.0 1.0	0.66333 0.02993	0.66332 0.01538	0.68302 0.01538
oolite_ferdelance_diffuse.png	1.0 1.0	0.17576 0.84599	0.15903 0.79495	0.15903 0.84599
oolite_ferdelance_diffuse.png	1.0 1.0	0.17576 0.84599	0.19652 0.79495	0.17576 0.79495
oolite_ferdelance_diffuse.png	1.0 1.0	0.17576 0.84599	0.20353 0.87127	0.19652 0.79495
oolite_ferdelance_diffuse.png	1.0 1.0	0.17576 0.84599	0.15903 0.88342	0.17576 0.88342
oolite_ferdelance_diffuse.png	1.0 1.0	0.17576 0.79495	0.15903 0.79495	0.17576 0.84599
oolite_ferdelance_diffuse.png	1.0 1.0	0.15903 0.84599	0.15903 0.88342	0.17576 0.84599
oolite_ferdelance_diffuse.png	1.0 1.0	0.15903 0.79495	0.13846 0.79495	0.15903 0.84599
oolite_ferdelance_diffuse.png	1.0 1.0	0.13846 0.79495	0.13148 0.87127	0.15903 0.84599
oolite_ferdelance_diffuse.png	1.0 1.0	0.17576 0.84599	0.15903 0.79495	0.15903 0.84599
oolite_ferdelance_diffuse.png	1.0 1.0	0.17576 0.84599	0.19652 0.79495	0.17576 0.79495
oolite_ferdelance_diffuse.png	1.0 1.0	0.17576 0.84599	0.20353 0.87127	0.19652 0.79495
oolite_ferdelance_diffuse.png	1.0 1.0	0.17576 0.84599	0.15903 0.88342	0.17576 0.88342
oolite_ferdelance_diffuse.png	1.0 1.0	0.17576 0.79495	0.15903 0.79495	0.17576 0.84599
oolite_ferdelance_diffuse.png	1.0 1.0	0.15903 0.84599	0.15903 0.88342	0.17576 0.84599
oolite_ferdelance_diffuse.png	1.0 1.0	0.15903 0.79495	0.13846 0.79495	0.15903 0.84599
oolite_ferdelance_diffuse.png	1.0 1.0	0.13846 0.79495	0.13148 0.87127	0.15903 0.84599
oolite_ferdelance_diffuse.png	1.0 1.0	0.17576 0.84599	0.15903 0.79495	0.15903 0.84599
oolite_ferdelance_diffuse.png	1.0 1.0	0.17576 0.84599	0.19652 0.79495	0.17576 0.79495
oolite_ferdelance_diffuse.png	1.0 1.0	0.17576 0.84599	0.20353 0.87127	0.19652 0.79495
oolite_ferdelance_diffuse.png	1.0 1.0	0.17576 0.84599	0.15903 0.88342	0.17576 0.88342
oolite_ferdelance_diffuse.png	1.0 1.0	0.17576 0.79495	0.15903 0.79495	0.17576 0.84599
oolite_ferdelance_diffuse.png	1.0 1.0	0.15903 0.84599	0.15903 0.88342	0.17576 0.84599
oolite_ferdelance_diffuse.png	1.0 1.0	0.15903 0.79495	0.13846 0.79495	0.15903 0.84599
oolite_ferdelance_diffuse.png	1.0 1.0	0.13846 0.79495	0.13148 0.87127	0.15903 0.84599
oolite_ferdelance_diffuse.png	1.0 1.0	0.17576 0.84599	0.15903 0.79495	0.15903 0.84599
oolite_ferdelance_diffuse.png	1.0 1.0	0.17576 0.84599	0.19652 0.79495	0.17576 0.79495
oolite_ferdelance_diffuse.png	1.0 1.0	0.17576 0.84599	0.20353 0.87127	0.19652 0.79495
oolite_ferdelance_diffuse.png	1.0 1.0	0.17576 0.84599	0.15903 0.88342	0.17576 0.88342
oolite_ferdelance_diffuse.png	1.0 1.0	0.17576 0.79495	0.15903 0.79495	0.17576 0.84599
oolite_ferdelance_diffuse.png	1.0 1.0	0.15903 0.84599	0.15903 0.88342	0.17576 0.84599
oolite_ferdelance_diffuse.png	1.0 1.0	0.15903 0.79495	0.13846 0.79495	0.15903 0.84599
oolite_ferdelance_diffuse.png	1.0 1.0	0.13846 0.79495	0.13148 0.87127	0.15903 0.84599
oolite_ferdelance_diffuse.png	1.0 1.0	0.16173 0.94546	0.21379 0.94546	0.16747 0.93124
oolite_ferdelance_diffuse.png	1.0 1.0	0.16747 0.93124	0.16747 0.88694	0.15231 0.93124
oolite_ferdelance_diffuse.png	1.0 1.0	0.16747 0.93124	0.20778 0.93124	0.16747 0.88694
oolite_ferdelance_diffuse.png	1.0 1.0	0.16747 0.93124	0.21379 0.94546	0.20778 0.93124
oolite_ferdelance_diffuse.png	1.0 1.0	0.20778 0.93124	0.20778 0.88694	0.16747 0.88694
oolite_ferdelance_diffuse.png	1.0 1.0	0.20778 0.93124	0.22279 0.93124	0.20778 0.88694
oolite_ferdelance_diffuse.png	1.0 1.0	0.95661 0.48433	0.86734 0.48927	0.95906 0.48927
oolite_ferdelance_diffuse.png	1.0 1.0	0.86979 0.48433	0.86734 0.48927	0.95661 0.48433
oolite_ferdelance_diffuse.png	1.0 1.0	0.95661 0.48433	0.86734 0.48927	0.95906 0.48927

END
