// output from Obj2DatTex.py Wavefront text file conversion script
// (c) 2005 By Giles Williams
// 
// original file: "engines.obj"
// 
// model size: 15.191 x 17.360 x 56.327
// 
// textures used: ['oolite_boa_subents.png']
// 
NVERTS 68
NFACES 110

VERTEX
7.59567, 5.78236, -53.20740
7.59567, 5.78236, -55.85400
7.59567, 6.98611, -53.27070
7.59567, 6.98611, -55.85400
6.26002, 6.93231, -53.63510
6.26002, 6.93231, -55.85400
6.26002, 7.44795, -53.63510
6.26002, 7.44795, -55.85400
4.35011, 5.78236, -53.20740
4.35011, 5.78236, -55.85400
4.35011, 6.93231, -53.63510
4.35011, 6.93231, -55.85400
4.19608, 5.44455, -53.36140
4.19608, 5.44455, -55.69990
4.19608, 5.72284, -56.32720
4.19608, 7.00522, -56.32720
4.19608, 7.27880, -53.63510
4.19608, 7.27880, -55.69990
2.29503, 5.44455, -53.36140
2.29503, 5.44455, -55.69990
2.29503, 5.72284, -56.32720
2.29503, 7.00522, -56.32720
2.29503, 7.27880, -53.63510
2.29503, 7.27880, -55.69990
2.14100, 5.78236, -53.20740
2.14100, 5.78236, -55.85400
2.14100, 6.93231, -53.63510
2.14100, 6.93231, -55.85400
1.88709, 17.15620, -51.54020
1.88709, 17.15620, -55.85400
1.30384, 17.35960, -51.54020
1.30384, 17.35960, -55.85400
1.13632, 16.20290, -53.63510
1.13632, 16.20290, -55.85400
-1.13632, 16.20290, -53.63510
-1.13632, 16.20290, -55.85400
-1.30384, 17.35960, -51.54020
-1.30384, 17.35960, -55.85400
-1.88709, 17.15620, -51.54020
-1.88709, 17.15620, -55.85400
-2.14100, 5.78236, -53.20740
-2.14100, 5.78236, -55.85400
-2.14100, 6.93231, -53.63510
-2.14100, 6.93231, -55.85400
-2.29503, 5.44455, -53.36140
-2.29503, 5.44455, -55.69990
-2.29503, 5.72284, -56.32720
-2.29503, 7.00522, -56.32720
-2.29503, 7.27880, -53.63510
-2.29503, 7.27880, -55.69990
-4.19608, 5.44455, -53.36140
-4.19608, 5.44455, -55.69990
-4.19608, 5.72284, -56.32720
-4.19608, 7.00522, -56.32720
-4.19608, 7.27880, -53.63510
-4.19608, 7.27880, -55.69990
-4.35011, 5.78236, -53.20740
-4.35011, 5.78236, -55.85400
-4.35011, 6.93231, -53.63510
-4.35011, 6.93231, -55.85400
-6.26002, 6.93231, -53.63510
-6.26002, 6.93231, -55.85400
-6.26002, 7.44795, -53.63510
-6.26002, 7.44795, -55.85400
-7.59567, 5.78236, -53.20740
-7.59567, 5.78236, -55.85400
-7.59567, 6.98611, -53.27070
-7.59567, 6.98611, -55.85400

FACES
128,127,127,	-0.00000,-1.00000,0.00000,	3,	0,9,8
128,127,127,	1.00000,0.00000,0.00000,	3,	2,3,1
128,127,127,	-1.00000,-0.00000,-0.00000,	3,	5,7,6
128,127,127,	-0.00000,-0.00000,-1.00000,	3,	5,11,9
128,127,127,	-0.00000,-0.00000,-1.00000,	3,	6,62,4
128,127,127,	0.90988,-0.41487,-0.00000,	3,	8,13,12
128,127,127,	0.84785,-0.48468,-0.21502,	3,	9,14,13
128,127,127,	0.85685,0.47257,-0.20610,	3,	11,17,15
128,127,127,	-0.00000,-1.00000,0.00000,	3,	12,19,18
128,127,127,	-0.00000,-0.00000,-1.00000,	3,	15,21,14
128,127,127,	-0.00000,0.91662,-0.39976,	3,	17,23,21
128,127,127,	-0.84785,-0.48468,-0.21502,	3,	20,25,19
128,127,127,	-0.95089,-0.00000,-0.30952,	3,	21,27,20
128,127,127,	-0.00000,-1.00000,0.00000,	3,	25,41,24
128,127,127,	-0.91378,0.40621,-0.00000,	3,	26,27,23
128,127,127,	-0.00000,-0.00000,-1.00000,	3,	27,43,25
128,127,127,	0.32929,0.94423,-0.00000,	3,	28,31,29
128,127,127,	-0.00000,-0.00000,-1.00000,	3,	29,33,7
128,127,127,	-0.00000,-0.00000,-1.00000,	3,	31,37,33
128,127,127,	-0.00000,-1.00000,0.00000,	3,	33,34,32
128,127,127,	0.86306,-0.50509,-0.00000,	3,	35,63,34
128,127,127,	-0.00000,1.00000,-0.00000,	3,	36,37,30
128,127,127,	-0.32929,0.94423,-0.00000,	3,	38,39,37
128,127,127,	0.00000,-0.00000,-1.00000,	3,	39,67,63
128,127,127,	0.90988,-0.41487,-0.00000,	3,	41,45,40
128,127,127,	0.91378,0.40621,-0.00000,	3,	42,49,43
128,127,127,	0.95089,-0.00000,-0.30952,	3,	43,46,41
128,127,127,	-0.00000,-1.00000,0.00000,	3,	45,50,44
128,127,127,	-0.00000,-0.91409,-0.40552,	3,	45,52,51
128,127,127,	-0.00000,-0.00000,-1.00000,	3,	47,53,52
128,127,127,	-0.00000,1.00000,0.00000,	3,	48,55,49
128,127,127,	-0.90988,-0.41487,-0.00000,	3,	51,56,50
128,127,127,	-0.85685,0.47257,-0.20610,	3,	55,59,53
128,127,127,	-0.00000,-1.00000,0.00000,	3,	57,64,56
128,127,127,	-0.00000,-0.00000,-1.00000,	3,	59,61,57
128,127,127,	1.00000,0.00000,0.00000,	3,	62,63,61
128,127,127,	-1.00000,-0.00000,-0.00000,	3,	65,67,66
129,127,127,	-0.00000,-1.00000,0.00000,	3,	1,9,0
129,127,127,	0.87202,0.48947,-0.00000,	3,	2,29,3
129,127,127,	-0.00000,-0.00000,-1.00000,	3,	3,7,5
129,127,127,	0.00000,1.00000,0.00000,	3,	4,10,5
129,127,127,	-0.00000,-0.00000,-1.00000,	3,	4,62,60
129,127,127,	-0.86306,-0.50509,0.00000,	3,	7,33,32
129,127,127,	0.90988,-0.41487,-0.00000,	3,	9,13,8
129,127,127,	0.91378,0.40621,-0.00000,	3,	10,17,11
129,127,127,	0.95089,-0.00000,-0.30952,	3,	11,14,9
129,127,127,	-0.00000,-1.00000,0.00000,	3,	13,19,12
129,127,127,	-0.00000,-0.00000,-1.00000,	3,	14,21,20
129,127,127,	0.00000,1.00000,0.00000,	3,	16,22,17
129,127,127,	-0.00000,0.91662,-0.39976,	3,	17,21,15
129,127,127,	-0.90988,-0.41487,-0.00000,	3,	19,24,18
129,127,127,	-0.95089,-0.00000,-0.30952,	3,	20,27,25
129,127,127,	-0.91378,0.40621,-0.00000,	3,	22,26,23
129,127,127,	-0.85685,0.47257,-0.20610,	3,	23,27,21
129,127,127,	-0.00000,-1.00000,0.00000,	3,	24,41,40
129,127,127,	-0.00000,-0.00000,-1.00000,	3,	25,43,41
129,127,127,	0.00000,1.00000,0.00000,	3,	26,42,27
129,127,127,	-0.00000,1.00000,0.00000,	3,	30,37,31
129,127,127,	0.00000,-0.00000,-1.00000,	3,	31,33,29
129,127,127,	0.00000,-0.00000,-1.00000,	3,	32,62,6
129,127,127,	-0.00000,-1.00000,0.00000,	3,	33,35,34
129,127,127,	0.86306,-0.50509,-0.00000,	3,	34,63,62
129,127,127,	-0.32929,0.94423,-0.00000,	3,	36,38,37
129,127,127,	-0.00000,-0.00000,-1.00000,	3,	37,39,35
129,127,127,	0.90988,-0.41487,-0.00000,	3,	40,45,44
129,127,127,	0.95089,-0.00000,-0.30952,	3,	43,47,46
129,127,127,	-0.00000,-1.00000,0.00000,	3,	45,51,50
129,127,127,	-0.00000,-0.91409,-0.40552,	3,	46,52,45
129,127,127,	-0.00000,0.91662,-0.39976,	3,	47,55,53
129,127,127,	0.91378,0.40621,0.00000,	3,	48,49,42
129,127,127,	-0.90988,-0.41487,0.00000,	3,	51,57,56
129,127,127,	-0.95089,-0.00000,-0.30952,	3,	53,59,52
129,127,127,	-0.00000,1.00000,-0.00000,	3,	54,55,48
129,127,127,	-0.91378,0.40621,-0.00000,	3,	58,59,55
129,127,127,	-0.00000,1.00000,-0.00000,	3,	60,61,58
129,127,127,	-0.00000,-0.00000,-1.00000,	3,	61,67,65
129,127,127,	-1.00000,-0.00000,0.00000,	3,	65,66,64
129,127,127,	-0.87202,0.48947,-0.00000,	3,	66,67,39
130,127,127,	1.00000,-0.00000,0.00000,	3,	0,2,1
130,127,127,	-0.00000,-0.00000,-1.00000,	3,	3,29,7
130,127,127,	-1.00000,-0.00000,0.00000,	3,	5,6,4
130,127,127,	0.00000,-0.00000,-1.00000,	3,	5,9,1
130,127,127,	-0.86306,-0.50509,-0.00000,	3,	7,32,6
130,127,127,	-0.00000,1.00000,-0.00000,	3,	10,11,5
130,127,127,	0.95089,-0.00000,-0.30952,	3,	11,15,14
130,127,127,	0.00000,-0.91409,-0.40552,	3,	14,19,13
130,127,127,	0.91378,0.40621,0.00000,	3,	16,17,10
130,127,127,	-0.90988,-0.41487,0.00000,	3,	19,25,24
130,127,127,	-0.00000,1.00000,-0.00000,	3,	22,23,17
130,127,127,	0.87202,0.48947,0.00000,	3,	28,29,2
130,127,127,	0.32929,0.94423,0.00000,	3,	30,31,28
130,127,127,	-0.00000,-0.00000,-1.00000,	3,	33,37,35
130,127,127,	0.00000,-0.00000,-1.00000,	3,	34,62,32
130,127,127,	-0.87202,0.48947,-0.00000,	3,	38,66,39
130,127,127,	0.00000,-0.00000,-1.00000,	3,	39,63,35
130,127,127,	0.84785,-0.48468,-0.21502,	3,	41,46,45
130,127,127,	-0.00000,1.00000,-0.00000,	3,	42,43,27
130,127,127,	0.85685,0.47257,-0.20610,	3,	43,49,47
130,127,127,	0.00000,-0.00000,-1.00000,	3,	47,52,46
130,127,127,	-0.84785,-0.48468,-0.21502,	3,	52,57,51
130,127,127,	-0.91378,0.40621,-0.00000,	3,	54,58,55
130,127,127,	-0.00000,-1.00000,0.00000,	3,	57,65,64
130,127,127,	-0.00000,1.00000,0.00000,	3,	58,61,59
130,127,127,	1.00000,-0.00000,0.00000,	3,	60,62,61
130,127,127,	-0.00000,-0.00000,-1.00000,	3,	63,67,61
131,127,127,	-0.00000,-0.00000,-1.00000,	3,	3,5,1
131,127,127,	-0.00000,-0.91409,-0.40552,	3,	14,20,19
131,127,127,	-0.00000,0.91662,-0.39976,	3,	49,55,47
131,127,127,	-0.95089,-0.00000,-0.30952,	3,	52,59,57
131,127,127,	0.00000,-0.00000,-1.00000,	3,	61,65,57

TEXTURES
oolite_boa_subents.png	1.0 1.0	0.06612 0.81276	0.00329 0.89141	0.06612 0.89141
oolite_boa_subents.png	1.0 1.0	0.06612 0.78365	0.00352 0.78365	0.00329 0.81276
oolite_boa_subents.png	1.0 1.0	0.18554 0.35958	0.18557 0.34594	0.12696 0.34594
oolite_boa_subents.png	1.0 1.0	0.58533 0.96281	0.53014 0.96281	0.53014 0.99604
oolite_boa_subents.png	1.0 1.0	0.99182 0.60868	0.12827 0.60868	0.99193 0.64358
oolite_boa_subents.png	1.0 1.0	0.97407 0.71116	0.86466 0.72751	0.96732 0.72751
oolite_boa_subents.png	1.0 1.0	0.85273 0.71462	0.83457 0.72751	0.86466 0.72751
oolite_boa_subents.png	1.0 1.0	0.76072 0.71435	0.74835 0.72742	0.77835 0.72761
oolite_boa_subents.png	1.0 1.0	0.96732 0.72751	0.86466 0.81078	0.96737 0.81078
oolite_boa_subents.png	1.0 1.0	0.77835 0.72761	0.77835 0.81077	0.83457 0.72751
oolite_boa_subents.png	1.0 1.0	0.74835 0.72742	0.74835 0.81075	0.77835 0.81077
oolite_boa_subents.png	1.0 1.0	0.83457 0.81078	0.85240 0.82351	0.86466 0.81078
oolite_boa_subents.png	1.0 1.0	0.77835 0.81077	0.78156 0.83261	0.83457 0.81078
oolite_boa_subents.png	1.0 1.0	0.00329 0.89141	0.00329 0.99509	0.06612 0.89141
oolite_boa_subents.png	1.0 1.0	0.65784 0.82739	0.75513 0.82739	0.74835 0.81075
oolite_boa_subents.png	1.0 1.0	0.46644 0.96281	0.34229 0.96281	0.46644 0.99604
oolite_boa_subents.png	1.0 1.0	0.10800 0.50113	0.00338 0.48599	0.00346 0.50113
oolite_boa_subents.png	1.0 1.0	0.45876 0.66720	0.43721 0.69471	0.58529 0.94818
oolite_boa_subents.png	1.0 1.0	0.44266 0.66137	0.36614 0.66137	0.43721 0.69471
oolite_boa_subents.png	1.0 1.0	0.18552 0.07784	0.12691 0.01775	0.12691 0.07784
oolite_boa_subents.png	1.0 1.0	0.16331 0.99569	0.16336 0.72759	0.10470 0.99569
oolite_boa_subents.png	1.0 1.0	0.10792 0.42279	0.00338 0.42279	0.10792 0.48599
oolite_boa_subents.png	1.0 1.0	0.10800 0.40765	0.00346 0.40765	0.00338 0.42279
oolite_boa_subents.png	1.0 1.0	0.34998 0.66720	0.18526 0.96086	0.22344 0.94818
oolite_boa_subents.png	1.0 1.0	0.85808 0.86816	0.86466 0.88450	0.97413 0.86816
oolite_boa_subents.png	1.0 1.0	0.65784 0.86789	0.74835 0.88453	0.75513 0.86789
oolite_boa_subents.png	1.0 1.0	0.78156 0.86267	0.83457 0.88450	0.83198 0.86267
oolite_boa_subents.png	1.0 1.0	0.86466 0.88450	0.96732 0.96777	0.96737 0.88450
oolite_boa_subents.png	1.0 1.0	0.86466 0.88450	0.83457 0.96777	0.86466 0.96777
oolite_boa_subents.png	1.0 1.0	0.77835 0.88451	0.77835 0.96767	0.83457 0.96777
oolite_boa_subents.png	1.0 1.0	0.65784 0.88452	0.74835 0.96786	0.74835 0.88453
oolite_boa_subents.png	1.0 1.0	0.86466 0.96777	0.97407 0.98411	0.96732 0.96777
oolite_boa_subents.png	1.0 1.0	0.74835 0.96786	0.76073 0.98093	0.77835 0.96767
oolite_boa_subents.png	1.0 1.0	0.00329 0.01737	0.06612 0.09602	0.06612 0.01737
oolite_boa_subents.png	1.0 1.0	0.27859 0.96281	0.22340 0.96281	0.27859 0.99604
oolite_boa_subents.png	1.0 1.0	0.10476 0.72759	0.16336 0.72759	0.16334 0.71395
oolite_boa_subents.png	1.0 1.0	0.00329 0.09602	0.00352 0.12513	0.06612 0.12513
oolite_boa_subents.png	1.0 1.0	0.00329 0.81276	0.00329 0.89141	0.06612 0.81276
oolite_boa_subents.png	1.0 1.0	0.06612 0.78365	0.00346 0.50113	0.00352 0.78365
oolite_boa_subents.png	1.0 1.0	0.62347 0.96086	0.58529 0.94818	0.58533 0.96281
oolite_boa_subents.png	1.0 1.0	0.12693 0.35958	0.12693 0.41002	0.18554 0.35958
oolite_boa_subents.png	1.0 1.0	0.99193 0.64358	0.12827 0.60868	0.12817 0.64358
oolite_boa_subents.png	1.0 1.0	0.18557 0.34594	0.18552 0.07784	0.12691 0.07784
oolite_boa_subents.png	1.0 1.0	0.85802 0.71116	0.86466 0.72751	0.97407 0.71116
oolite_boa_subents.png	1.0 1.0	0.65784 0.71079	0.74835 0.72742	0.75513 0.71079
oolite_boa_subents.png	1.0 1.0	0.78142 0.70569	0.83457 0.72751	0.83184 0.70569
oolite_boa_subents.png	1.0 1.0	0.86466 0.72751	0.86466 0.81078	0.96732 0.72751
oolite_boa_subents.png	1.0 1.0	0.83457 0.72751	0.77835 0.81077	0.83457 0.81078
oolite_boa_subents.png	1.0 1.0	0.65784 0.72742	0.65784 0.81076	0.74835 0.72742
oolite_boa_subents.png	1.0 1.0	0.74835 0.72742	0.77835 0.81077	0.77835 0.72761
oolite_boa_subents.png	1.0 1.0	0.86466 0.81078	0.97413 0.82712	0.96737 0.81078
oolite_boa_subents.png	1.0 1.0	0.83457 0.81078	0.78156 0.83261	0.83198 0.83261
oolite_boa_subents.png	1.0 1.0	0.65784 0.81076	0.65784 0.82739	0.74835 0.81075
oolite_boa_subents.png	1.0 1.0	0.74835 0.81075	0.76080 0.82401	0.77843 0.81075
oolite_boa_subents.png	1.0 1.0	0.06612 0.89141	0.00329 0.99509	0.06612 0.99509
oolite_boa_subents.png	1.0 1.0	0.46644 0.99604	0.34229 0.96281	0.34229 0.99604
oolite_boa_subents.png	1.0 1.0	0.37148 0.80699	0.37148 0.92009	0.43009 0.80699
oolite_boa_subents.png	1.0 1.0	0.10792 0.48599	0.00338 0.42279	0.00338 0.48599
oolite_boa_subents.png	1.0 1.0	0.44266 0.66137	0.43721 0.69471	0.45876 0.66720
oolite_boa_subents.png	1.0 1.0	0.63842 0.00377	0.12827 0.60868	0.99182 0.60868
oolite_boa_subents.png	1.0 1.0	0.18552 0.07784	0.18552 0.01775	0.12691 0.01775
oolite_boa_subents.png	1.0 1.0	0.10470 0.99569	0.16336 0.72759	0.10476 0.72759
oolite_boa_subents.png	1.0 1.0	0.10792 0.42279	0.10800 0.40765	0.00338 0.42279
oolite_boa_subents.png	1.0 1.0	0.36614 0.66137	0.34998 0.66720	0.37153 0.69471
oolite_boa_subents.png	1.0 1.0	0.97413 0.86816	0.86466 0.88450	0.96737 0.88450
oolite_boa_subents.png	1.0 1.0	0.78156 0.86267	0.77835 0.88451	0.83457 0.88450
oolite_boa_subents.png	1.0 1.0	0.86466 0.88450	0.86466 0.96777	0.96732 0.96777
oolite_boa_subents.png	1.0 1.0	0.83457 0.88450	0.83457 0.96777	0.86466 0.88450
oolite_boa_subents.png	1.0 1.0	0.77835 0.88451	0.74835 0.96786	0.77835 0.96767
oolite_boa_subents.png	1.0 1.0	0.65784 0.88452	0.74835 0.88453	0.65784 0.86789
oolite_boa_subents.png	1.0 1.0	0.86466 0.96777	0.85802 0.98411	0.97407 0.98411
oolite_boa_subents.png	1.0 1.0	0.77835 0.96767	0.78142 0.98959	0.83457 0.96777
oolite_boa_subents.png	1.0 1.0	0.65784 0.96786	0.74835 0.96786	0.65784 0.88452
oolite_boa_subents.png	1.0 1.0	0.65784 0.98449	0.75513 0.98449	0.74835 0.96786
oolite_boa_subents.png	1.0 1.0	0.10473 0.71395	0.16334 0.71395	0.10473 0.66350
oolite_boa_subents.png	1.0 1.0	0.22340 0.96281	0.18526 0.96086	0.18526 0.99604
oolite_boa_subents.png	1.0 1.0	0.00329 0.09602	0.06612 0.12513	0.06612 0.09602
oolite_boa_subents.png	1.0 1.0	0.06612 0.12513	0.00352 0.12513	0.00346 0.40765
oolite_boa_subents.png	1.0 1.0	0.06612 0.81276	0.06612 0.78365	0.00329 0.81276
oolite_boa_subents.png	1.0 1.0	0.62347 0.96086	0.45876 0.66720	0.58529 0.94818
oolite_boa_subents.png	1.0 1.0	0.18554 0.35958	0.12696 0.34594	0.12693 0.35958
oolite_boa_subents.png	1.0 1.0	0.58533 0.96281	0.53014 0.99604	0.62347 0.99604
oolite_boa_subents.png	1.0 1.0	0.18557 0.34594	0.12691 0.07784	0.12696 0.34594
oolite_boa_subents.png	1.0 1.0	0.12693 0.41002	0.18554 0.41002	0.18554 0.35958
oolite_boa_subents.png	1.0 1.0	0.78142 0.70569	0.77835 0.72761	0.83457 0.72751
oolite_boa_subents.png	1.0 1.0	0.83457 0.72751	0.86466 0.81078	0.86466 0.72751
oolite_boa_subents.png	1.0 1.0	0.65784 0.72742	0.74835 0.72742	0.65784 0.71079
oolite_boa_subents.png	1.0 1.0	0.86466 0.81078	0.85808 0.82712	0.97413 0.82712
oolite_boa_subents.png	1.0 1.0	0.65784 0.81076	0.74835 0.81075	0.74835 0.72742
oolite_boa_subents.png	1.0 1.0	0.10800 0.50113	0.00346 0.50113	0.06612 0.78365
oolite_boa_subents.png	1.0 1.0	0.10792 0.48599	0.00338 0.48599	0.10800 0.50113
oolite_boa_subents.png	1.0 1.0	0.43721 0.69471	0.36614 0.66137	0.37153 0.69471
oolite_boa_subents.png	1.0 1.0	0.48168 0.00377	0.12827 0.60868	0.63842 0.00377
oolite_boa_subents.png	1.0 1.0	0.10800 0.40765	0.06612 0.12513	0.00346 0.40765
oolite_boa_subents.png	1.0 1.0	0.34998 0.66720	0.22344 0.94818	0.37153 0.69471
oolite_boa_subents.png	1.0 1.0	0.85241 0.87177	0.83457 0.88450	0.86466 0.88450
oolite_boa_subents.png	1.0 1.0	0.37148 0.92009	0.43009 0.92009	0.43009 0.80699
oolite_boa_subents.png	1.0 1.0	0.76080 0.87127	0.74835 0.88453	0.77843 0.88453
oolite_boa_subents.png	1.0 1.0	0.77835 0.88451	0.83457 0.96777	0.83457 0.88450
oolite_boa_subents.png	1.0 1.0	0.83457 0.96777	0.85273 0.98066	0.86466 0.96777
oolite_boa_subents.png	1.0 1.0	0.65784 0.96786	0.65784 0.98449	0.74835 0.96786
oolite_boa_subents.png	1.0 1.0	0.00329 0.01737	0.00329 0.09602	0.06612 0.09602
oolite_boa_subents.png	1.0 1.0	0.10473 0.66350	0.16334 0.71395	0.16334 0.66350
oolite_boa_subents.png	1.0 1.0	0.10473 0.71395	0.10476 0.72759	0.16334 0.71395
oolite_boa_subents.png	1.0 1.0	0.22344 0.94818	0.18526 0.96086	0.22340 0.96281
oolite_boa_subents.png	1.0 1.0	0.62347 0.96086	0.58533 0.96281	0.62347 0.99604
oolite_boa_subents.png	1.0 1.0	0.83457 0.72751	0.83457 0.81078	0.86466 0.81078
oolite_boa_subents.png	1.0 1.0	0.74835 0.88453	0.74835 0.96786	0.77835 0.88451
oolite_boa_subents.png	1.0 1.0	0.83457 0.96777	0.78142 0.98959	0.83184 0.98959
oolite_boa_subents.png	1.0 1.0	0.22340 0.96281	0.18526 0.99604	0.27859 0.99604

END
