// output from Obj2DatTex.py Wavefront text file conversion script
// (c) 2005 By Giles Williams
// 
// original file: "newworm.obj"
// 
// model size: 35.499 x 24.995 x 39.137
// 
// textures used: ['oolite_worm_diffuse.png']
// 
NVERTS 387
NFACES 618

VERTEX
1.99830, 11.15750, -14.49410
1.65276, 9.94993, -14.49410
-1.99830, 11.15750, -14.49410
17.74970, -11.74010, -14.49410
17.59670, -8.10443, -14.49410
17.13770, -7.04404, -14.49410
16.83160, -12.49750, -14.49410
16.08000, -11.45430, -13.45310
16.08000, -11.45430, -14.49410
15.95070, -8.21995, -13.45310
15.95070, -8.21995, -14.49410
11.49760, -12.49750, -14.49410
11.49010, -11.45430, -13.45310
11.47860, -11.45630, -14.49410
10.87320, 4.02384, -14.49410
10.48140, 4.71601, -16.42990
10.42850, 3.76385, -14.49410
10.05910, 4.35146, -16.44090
8.86716, 2.15422, -5.92499
8.40483, 1.72333, -3.95007
8.30121, 1.62676, -3.50745
8.12545, -9.64987, -13.45310
8.12545, -9.64987, -14.49410
8.05440, -10.68350, -14.49410
7.77899, 2.81083, -3.95403
7.53682, 2.57612, -2.87827
7.19170, 10.52820, -16.42990
7.19170, 10.52820, -19.56850
7.19170, 10.52820, -14.49410
7.09575, 2.76439, -3.74533
6.98196, 2.64671, -3.21648
6.91806, -10.44360, 14.76590
6.69632, -3.34498, -13.45310
6.69632, -3.34498, -15.31200
6.67264, 10.23810, -19.56850
6.67264, 10.24340, -14.49410
6.16213, -11.03920, 14.76590
6.12250, -3.34498, -15.90680
6.09126, -7.45386, 16.66940
5.93762, 12.45070, -16.42990
5.93762, 12.49750, -19.56850
5.90227, 7.37550, -5.92862
5.86993, 11.85090, -14.49410
5.86970, 9.32725, -13.45310
5.86319, 9.32725, -14.49410
5.78126, 11.65900, -14.49410
5.78126, 11.65900, -19.56850
5.76309, -6.63626, 16.66940
5.60647, 6.65228, -3.95403
5.41744, -7.24162, -13.45310
5.41744, -7.24162, -15.31200
5.41744, 0.55166, -13.45310
5.41744, 0.55166, -15.31200
5.33477, 5.80839, -3.75347
5.15117, 5.53905, -0.91461
5.03957, 5.06783, -1.60520
4.95321, -6.90771, -15.90680
4.95321, 0.21775, -15.90680
4.26973, 8.99172, -5.92862
4.05575, 8.18750, -3.95403
3.76087, -9.78786, 14.76590
3.66512, 7.64931, -3.80070
3.64665, 6.64995, -0.17890
3.57785, -2.77545, 16.66940
3.33164, 6.39595, -0.72334
3.14098, -2.78642, 16.66940
3.04395, -7.33242, 19.56150
2.72403, -6.61315, 19.56850
2.72239, 11.65900, -14.49410
2.72239, 11.65900, -18.30330
2.72239, 11.65900, -19.56850
2.72239, 12.49750, -16.42990
2.72239, 12.49750, -18.31520
2.72239, 12.49750, -19.56850
2.62934, 11.88170, -14.49410
2.51709, -0.90134, 16.66940
2.47027, 2.75863, -13.45310
2.47027, 2.75863, -14.49410
2.47027, 2.75863, -15.31200
2.47027, 9.87922, -13.45310
2.47027, 9.87922, -14.49410
2.33175, -7.92794, 19.56150
2.20268, 8.99172, -5.92862
2.17179, 2.21836, -15.90680
2.12905, 0.94615, 13.82560
2.06928, -9.64987, -13.45310
2.06928, -9.64987, -14.49410
2.06928, -9.64987, -15.31200
2.06902, 10.93480, -14.49410
2.06902, 10.93480, -17.51790
2.06902, 11.77330, -16.42990
2.06902, 11.77330, -17.51790
1.99830, 11.15750, -14.49410
1.89196, -9.10960, -15.90680
1.82088, -2.66107, 19.05060
1.82088, -0.21208, 16.66940
1.67404, 8.51583, -6.50695
1.65276, 2.75863, -14.49410
1.65276, 6.46530, -13.45310
1.65276, 6.46530, -14.49410
1.65276, 9.94993, -13.45310
1.65276, 9.94993, -14.49410
0.96466, -2.66107, 19.05060
0.96466, -2.09462, 16.66940
0.96466, -0.68094, 16.66940
0.96466, -0.21208, 16.66940
0.96466, 0.34895, 16.66940
0.96466, 0.94615, 13.82560
-0.96466, -2.66107, 19.05060
-0.96466, -2.09462, 16.66940
-0.96466, -0.68094, 16.66940
-0.96466, -0.21208, 16.66940
-0.96466, 0.34895, 16.66940
-0.96466, 0.94615, 13.82560
-1.65277, 2.75863, -14.49410
-1.65277, 6.46530, -13.45310
-1.65277, 6.46530, -14.49410
-1.65277, 9.94993, -13.45310
-1.65277, 9.94993, -14.49410
-1.67404, 8.51583, -6.50695
-1.82088, -2.66107, 19.05060
-1.82088, -0.21208, 16.66940
-1.89196, -9.10960, -15.90680
-1.99830, 11.15750, -14.49410
-2.06902, 10.93480, -17.51790
-2.06902, 11.77330, -16.42990
-2.06902, 11.77330, -17.51790
-2.06902, 10.93480, -14.49410
-2.06928, -9.64987, -13.45310
-2.06928, -9.64987, -14.49410
-2.06928, -9.64987, -15.31200
-2.12905, 0.94615, 13.82560
-2.17179, 2.21836, -15.90680
-2.20268, 8.99172, -5.92862
-2.32976, -7.92794, 19.56150
-2.47027, 2.75863, -13.45310
-2.47027, 2.75863, -14.49410
-2.47027, 2.75863, -15.31200
-2.47027, 9.87922, -13.45310
-2.47027, 9.87922, -14.49410
-2.51709, -0.90134, 16.66940
-2.62934, 11.88170, -14.49410
-2.72239, 11.65900, -14.49410
-2.72239, 11.65900, -18.30330
-2.72239, 11.65900, -19.56850
-2.72239, 12.49750, -16.42990
-2.72239, 12.49750, -18.31520
-2.72239, 12.49750, -19.56850
-2.72403, -6.61315, 19.56850
-3.04395, -7.33242, 19.56150
-3.14098, -2.78642, 16.66940
-3.33164, 6.39595, -0.72334
-3.57785, -2.77545, 16.66940
-3.64665, 6.64995, -0.17890
-3.66512, 7.64931, -3.80070
-3.77240, -9.78786, 14.76590
-4.05575, 8.18750, -3.95403
-4.26973, 8.99172, -5.92862
-4.95321, -6.90771, -15.90680
-4.95321, 0.21775, -15.90680
-5.03957, 5.06783, -1.60520
-5.15117, 5.53905, -0.91461
-5.33478, 5.80839, -3.75347
-5.41744, -7.24162, -13.45310
-5.41744, -7.24162, -15.31200
-5.41744, 0.55166, -13.45310
-5.41744, 0.55166, -15.31200
-5.59032, 9.32725, -13.45310
-5.60648, 6.65228, -3.95403
-5.76309, -6.63626, 16.66940
-5.78126, 11.65900, -14.49410
-5.78126, 11.65900, -19.56850
-5.86319, 9.32725, -14.49410
-5.86993, 11.85090, -14.49410
-5.90227, 7.37550, -5.92862
-5.93762, 12.45070, -16.42990
-5.93762, 12.49750, -19.56850
-6.09126, -7.45386, 16.66940
-6.12250, -3.34498, -15.90680
-6.15688, -11.03920, 14.76590
-6.67264, 10.23810, -19.56850
-6.67264, 10.24340, -14.49410
-6.69632, -3.34498, -13.45310
-6.69632, -3.34498, -15.31200
-6.91211, -10.44360, 14.76590
-6.98196, 2.64671, -3.21648
-7.09575, 2.76439, -3.74533
-7.19170, 10.52820, -14.49410
-7.19170, 10.52820, -16.42990
-7.19170, 10.52820, -19.56850
-7.53682, 2.57612, -2.87827
-7.77899, 2.81083, -3.95403
-8.05441, -10.68350, -14.49410
-8.12545, -9.64987, -13.45310
-8.12545, -9.64987, -14.49410
-8.30121, 1.62676, -3.50745
-8.40483, 1.72333, -3.95007
-8.86716, 2.15422, -5.92499
-10.05910, 4.35146, -16.44090
-10.42850, 3.76385, -14.49410
-10.48140, 4.71601, -16.42990
-10.87320, 4.02384, -14.49410
-11.47860, -11.45630, -14.49410
-11.49010, -11.45430, -13.45310
-11.49760, -12.49750, -14.49410
-15.95070, -8.21995, -13.45310
-15.95070, -8.21995, -14.49410
-16.08000, -11.45430, -13.45310
-16.08000, -11.45430, -14.49410
-16.83160, -12.49750, -14.49410
-17.13770, -7.04404, -14.49410
-17.59670, -8.10443, -14.49410
-17.74970, -11.74010, -14.49410
8.30121, 1.62676, -3.50745
1.65276, 2.75863, -14.49410
1.65276, 9.94993, -14.49410
-8.30121, 1.62676, -3.50745
-2.57304, 6.93301, -13.44870
-2.57304, 6.93301, -15.64210
-2.98629, 6.93301, -13.99620
-2.98629, 6.93301, -15.64210
-3.55655, 5.24655, -13.44870
-3.55655, 5.24655, -15.64210
-3.55655, 8.61947, -13.44870
-3.55655, 8.61947, -15.64210
-3.76318, 5.60086, -13.99620
-3.76318, 5.60086, -15.64210
-3.76318, 8.26516, -13.99620
-3.76318, 8.26516, -15.64210
-5.31695, 5.60086, -13.99620
-5.31695, 5.60086, -15.64210
-5.31695, 8.26516, -13.99620
-5.31695, 8.26516, -15.64210
-5.52358, 5.24655, -13.44870
-5.52358, 5.24655, -15.64210
-5.52358, 8.61947, -13.44870
-5.52358, 8.61947, -15.64210
-6.09384, 6.93301, -13.99620
-6.09384, 6.93301, -15.64210
-6.50709, 6.93301, -13.44870
-6.50709, 6.93301, -15.64210
6.49751, 6.93301, -13.44870
6.49751, 6.93301, -15.64210
6.08426, 6.93301, -13.99620
6.08426, 6.93301, -15.64210
5.51400, 5.24655, -13.44870
5.51400, 5.24655, -15.64210
5.51400, 8.61947, -13.44870
5.51400, 8.61947, -15.64210
5.30737, 5.60086, -13.99620
5.30737, 5.60086, -15.64210
5.30737, 8.26516, -13.99620
5.30737, 8.26516, -15.64210
3.75360, 5.60086, -13.99620
3.75360, 5.60086, -15.64210
3.75360, 8.26516, -13.99620
3.75360, 8.26516, -15.64210
3.54697, 5.24655, -13.44870
3.54697, 5.24655, -15.64210
3.54697, 8.61947, -13.44870
3.54697, 8.61947, -15.64210
2.97671, 6.93301, -13.99620
2.97671, 6.93301, -15.64210
2.56346, 6.93301, -13.44870
2.56346, 6.93301, -15.64210
-10.54620, -8.98678, -13.45950
-10.54620, -8.98678, -15.63140
-11.08290, -8.98678, -14.04160
-11.08290, -8.98678, -15.63140
-11.82350, -11.17700, -13.45950
-11.82350, -11.17700, -15.63140
-11.82350, -6.79657, -13.45950
-11.82350, -6.79657, -15.63140
-12.09180, -10.71680, -14.04160
-12.09180, -10.71680, -15.63140
-12.09180, -7.25671, -14.04160
-12.09180, -7.25671, -15.63140
-14.10970, -10.71680, -14.04160
-14.10970, -10.71680, -15.63140
-14.10970, -7.25671, -14.04160
-14.10970, -7.25671, -15.63140
-14.37810, -11.17700, -13.45950
-14.37810, -11.17700, -15.63140
-14.37810, -6.79657, -13.45950
-14.37810, -6.79657, -15.63140
-15.11870, -8.98678, -14.04160
-15.11870, -8.98678, -15.63140
-15.65540, -8.98678, -13.45950
-15.65540, -8.98678, -15.63140
15.65670, -8.98678, -13.45950
15.65670, -8.98678, -15.63140
15.12000, -8.98678, -14.04160
15.12000, -8.98678, -15.63140
14.37940, -11.17700, -13.45950
14.37940, -11.17700, -15.63140
14.37940, -6.79657, -13.45950
14.37940, -6.79657, -15.63140
14.11100, -10.71680, -14.04160
14.11100, -10.71680, -15.63140
14.11100, -7.25671, -14.04160
14.11100, -7.25671, -15.63140
12.09320, -10.71680, -14.04160
12.09320, -10.71680, -15.63140
12.09320, -7.25671, -14.04160
12.09320, -7.25671, -15.63140
11.82480, -11.17700, -13.45950
11.82480, -11.17700, -15.63140
11.82480, -6.79657, -13.45950
11.82480, -6.79657, -15.63140
11.08420, -8.98678, -14.04160
11.08420, -8.98678, -15.63140
10.54750, -8.98678, -13.45950
10.54750, -8.98678, -15.63140
-12.69460, -12.49750, -14.49410
-12.69460, -12.49750, -16.63090
-12.69460, -11.95700, -14.49410
-12.69460, -11.95700, -16.63090
-16.54900, -7.04404, -14.49410
-16.54900, -7.04404, -16.63090
-16.64940, -11.95700, -14.49410
-16.64940, -11.95700, -16.63090
-16.83160, -12.49750, -14.49410
-16.83160, -12.49750, -16.63090
-17.00800, -8.10443, -14.49410
-17.00800, -8.10443, -16.63090
-17.13770, -7.04404, -14.49410
-17.13770, -7.04404, -16.63090
-17.14680, -11.59920, -14.49410
-17.14680, -11.59920, -16.63090
-17.59670, -8.10443, -14.49410
-17.59670, -8.10443, -16.63090
-17.74970, -11.74010, -14.49410
-17.74970, -11.74010, -16.63090
17.74970, -11.74010, -14.49410
17.74970, -11.74010, -16.63090
17.59670, -8.10443, -14.49410
17.59670, -8.10443, -16.63090
17.14680, -11.59920, -14.49410
17.14680, -11.59920, -16.63090
17.13770, -7.04404, -14.49410
17.13770, -7.04404, -16.63090
17.00800, -8.10443, -14.49410
17.00800, -8.10443, -16.63090
16.83160, -12.49750, -14.49410
16.83160, -12.49750, -16.63090
16.64940, -11.95700, -14.49410
16.64940, -11.95700, -16.63090
16.54900, -7.04404, -14.49410
16.54900, -7.04404, -16.63090
12.69460, -12.49750, -14.49410
12.69460, -12.49750, -16.63090
12.69460, -11.95700, -14.49410
12.69460, -11.95700, -16.63090
1.99578, 6.05106, -14.49410
1.99578, 6.05106, -15.22280
1.97165, 4.63284, -14.49410
1.97165, 4.63284, -15.74330
-1.97165, 4.63284, -14.49410
-1.97165, 4.63284, -15.74330
-1.99578, 6.05106, -14.49410
-1.99578, 6.05106, -15.22280
-5.59374, -5.09883, -13.44840
-5.59374, -5.09883, -15.60470
-5.59374, -1.55329, -13.44840
-5.59374, -1.55329, -15.60470
-7.36736, -5.09883, -15.60470
-7.36736, -1.55329, -15.60470
-8.45882, -5.09883, -13.44840
-8.45882, -1.55329, -13.44840
-5.86993, 11.85090, -14.49410
-5.93762, 12.45070, -16.42990
-7.19170, 10.52820, -14.49410
-2.62934, 11.88170, -14.49410
-2.72239, 12.49750, -16.42990
-5.86993, 11.85090, -14.49410
-1.99830, 11.15750, -14.49410
-2.06902, 11.77330, -16.42990
-2.62934, 11.88170, -14.49410
2.62934, 11.88170, -14.49410
2.06902, 11.77330, -16.42990
1.99830, 11.15750, -14.49410
5.86993, 11.85090, -14.49410
2.72239, 12.49750, -16.42990
2.62934, 11.88170, -14.49410
7.19170, 10.52820, -14.49410
5.93762, 12.45070, -16.42990
5.86993, 11.85090, -14.49410

FACES
128,127,127,	-0.00000,-0.00000,-1.00000,	3,	0,2,1
128,127,127,	0.93764,0.03946,0.34535,	3,	3,31,4
128,127,127,	-0.00000,-0.00000,-1.00000,	3,	4,8,3
128,127,127,	0.83096,0.47033,0.29714,	3,	5,63,14
128,127,127,	0.59826,-0.75931,0.25600,	3,	6,36,31
128,127,127,	0.00000,1.00000,0.00000,	3,	7,12,8
128,127,127,	0.00000,-0.00000,-1.00000,	3,	8,11,6
128,127,127,	-0.00000,-0.00000,-1.00000,	3,	9,49,7
128,127,127,	-0.86695,-0.49839,-0.00000,	3,	10,44,9
128,127,127,	0.47260,0.88125,-0.00691,	3,	12,21,13
128,127,127,	0.83070,0.47018,0.29811,	3,	14,41,28
128,127,127,	0.46685,-0.79852,-0.38001,	3,	15,16,14
128,127,127,	-0.86509,-0.50145,0.01279,	3,	17,35,16
128,127,127,	0.83022,0.47165,0.29712,	3,	18,48,41
128,127,127,	0.82697,0.47699,0.29767,	3,	20,24,19
128,127,127,	0.00000,1.00000,0.00000,	3,	21,85,22
128,127,127,	-0.00000,-0.00000,-1.00000,	3,	22,23,13
128,127,127,	-0.46175,-0.88608,-0.04063,	3,	23,60,36
128,127,127,	-0.00496,0.97724,0.21210,	3,	25,30,24
128,127,127,	0.20750,-0.37128,-0.90504,	3,	27,34,15
128,127,127,	0.83756,0.54635,-0.00000,	3,	28,39,26
128,127,127,	-0.00000,-0.00000,-1.00000,	3,	28,44,5
128,127,127,	0.27803,0.16338,0.94658,	3,	29,53,24
128,127,127,	0.83128,0.47720,0.28505,	3,	30,55,29
128,127,127,	0.44999,-0.53816,0.71266,	3,	31,81,66
128,127,127,	0.95014,0.31184,-0.00000,	3,	32,52,33
128,127,127,	-0.84711,-0.53142,0.00056,	3,	34,46,35
128,127,127,	0.70041,-0.22988,-0.67571,	3,	37,50,33
128,127,127,	-0.00000,-0.00000,-1.00000,	3,	37,178,158
128,127,127,	0.88027,0.35333,0.31667,	3,	38,47,5
128,127,127,	0.84346,0.53713,0.00801,	3,	39,40,27
128,127,127,	0.66075,0.66743,0.34344,	3,	41,59,58
128,127,127,	-0.00000,-0.00000,-1.00000,	3,	43,51,9
128,127,127,	-0.16057,-0.98702,0.00100,	3,	44,80,43
128,127,127,	-0.00000,-1.00000,0.00000,	3,	46,69,45
128,127,127,	-0.00000,-0.00000,-1.00000,	3,	46,73,70
128,127,127,	0.58392,-0.81181,-0.00000,	3,	50,85,49
128,127,127,	0.59941,0.80044,-0.00000,	3,	51,78,52
128,127,127,	0.70041,0.22988,-0.67571,	3,	52,57,37
128,127,127,	0.95341,-0.30044,0.02744,	3,	53,55,48
128,127,127,	0.42803,0.71284,-0.55557,	3,	54,55,25
128,127,127,	0.66075,0.66743,0.34343,	3,	54,62,48
128,127,127,	0.43155,-0.59998,-0.67364,	3,	56,93,50
128,127,127,	-0.00000,-0.00000,-1.00000,	3,	56,158,122
128,127,127,	0.00901,0.94800,0.31813,	3,	58,74,42
128,127,127,	-0.00000,-0.99953,0.03060,	3,	60,192,155
128,127,127,	0.00000,0.27400,0.96173,	3,	61,154,59
128,127,127,	-0.77547,0.60964,0.16426,	3,	62,64,61
128,127,127,	0.66219,0.28780,0.69186,	3,	66,67,47
128,127,127,	-0.00000,-0.00973,0.99995,	3,	66,149,148
128,127,127,	0.85138,0.25466,0.45859,	3,	67,94,65
128,127,127,	0.00000,0.12993,0.99152,	3,	67,148,108
128,127,127,	0.74248,-0.66986,-0.00000,	3,	69,89,68
128,127,127,	0.01455,0.99989,0.00000,	3,	71,72,39
128,127,127,	-0.00000,1.00000,-0.00000,	3,	72,73,40
128,127,127,	-0.76938,-0.00906,-0.63873,	3,	72,91,69
128,127,127,	0.00000,-0.00000,-1.00000,	3,	74,80,42
128,127,127,	-0.73107,0.65957,0.17467,	3,	74,90,71
128,127,127,	0.40666,0.56538,-0.71762,	3,	78,83,57
128,127,127,	-0.00000,0.74022,-0.67236,	3,	78,137,132
128,127,127,	1.00000,0.00000,0.00000,	3,	79,80,76
128,127,127,	0.00000,-0.00000,-1.00000,	3,	80,97,77
128,127,127,	-0.75739,0.62920,0.17456,	3,	82,96,74
128,127,127,	-0.00000,-0.00000,-1.00000,	3,	91,126,124
128,127,127,	-0.00000,-0.00000,-1.00000,	3,	92,101,80
128,127,127,	0.56801,0.57374,0.59007,	3,	94,95,75
128,127,127,	0.00000,0.94942,0.31401,	3,	96,119,92
128,127,127,	-0.00000,-0.00000,-1.00000,	3,	100,117,115
128,127,127,	-0.00000,0.69711,0.71696,	3,	102,105,94
128,127,127,	-1.00000,-0.00000,0.00000,	3,	103,104,102
128,127,127,	-0.00000,-0.00000,1.00000,	3,	104,111,105
128,127,127,	-0.00000,0.92613,0.37720,	3,	105,107,95
128,127,127,	-0.00000,-0.00000,1.00000,	3,	105,112,106
128,127,127,	-0.00000,0.97285,0.23143,	3,	108,109,102
128,127,127,	1.00000,0.00000,0.00000,	3,	108,111,110
128,127,127,	-0.00000,-0.00000,1.00000,	3,	109,110,103
128,127,127,	-0.00000,0.97865,0.20552,	3,	112,113,107
128,127,127,	-0.00000,1.00000,-0.00000,	3,	115,116,99
128,127,127,	-0.00000,-0.00000,-1.00000,	3,	118,139,114
128,127,127,	0.74113,0.64579,0.18350,	3,	119,141,123
128,127,127,	-0.00000,0.69711,0.71696,	3,	120,121,108
128,127,127,	-0.84580,0.27993,0.45416,	3,	120,150,140
128,127,127,	-0.00000,0.92613,0.37720,	3,	121,131,113
128,127,127,	0.00000,-0.74022,-0.67236,	3,	122,130,87
128,127,127,	-0.00000,-0.00000,-1.00000,	3,	123,141,139
128,127,127,	0.00000,-1.00000,-0.00000,	3,	124,127,89
128,127,127,	-0.74248,-0.66986,0.00000,	3,	124,143,142
128,127,127,	-0.00000,1.00000,-0.00000,	3,	125,126,90
128,127,127,	0.76938,-0.00906,-0.63873,	3,	126,146,143
128,127,127,	-0.58392,-0.81181,-0.00000,	3,	130,164,128
128,127,127,	-0.00000,0.92613,0.37720,	3,	131,153,62
128,127,127,	-0.00000,-0.00000,-1.00000,	3,	132,159,37
128,127,127,	0.00000,0.94752,0.31969,	3,	133,157,141
128,127,127,	-0.00000,-0.00000,1.00000,	3,	134,149,81
128,127,127,	-0.00000,1.00000,-0.00000,	3,	135,137,76
128,127,127,	-1.00000,-0.00000,0.00000,	3,	136,139,135
128,127,127,	-0.44174,0.58990,-0.67593,	3,	137,166,159
128,127,127,	-0.00000,-0.00000,-1.00000,	3,	138,167,135
128,127,127,	-0.66076,0.66742,0.34343,	3,	140,153,121
128,127,127,	-0.83026,0.47159,0.29710,	3,	140,195,161
128,127,127,	0.73107,0.65957,0.17467,	3,	141,145,125
128,127,127,	-0.00000,-1.00000,0.00000,	3,	143,171,170
128,127,127,	0.00000,-0.00000,-1.00000,	3,	147,171,144
128,127,127,	-0.62605,0.42640,0.65287,	3,	148,169,150
128,127,127,	-0.83096,0.47033,0.29714,	3,	152,210,201
128,127,127,	0.77547,0.60964,0.16426,	3,	153,154,151
128,127,127,	0.45534,-0.86767,0.19954,	3,	155,179,134
128,127,127,	-0.00000,0.92613,0.37720,	3,	156,157,58
128,127,127,	-0.66381,0.66334,0.34544,	3,	157,187,173
128,127,127,	-0.95788,-0.28446,0.03930,	3,	160,168,161
128,127,127,	-0.83063,0.48127,0.28005,	3,	160,186,162
128,127,127,	-0.25595,0.14475,0.95579,	3,	162,191,168
128,127,127,	-0.95014,-0.31184,0.00000,	3,	163,183,182
128,127,127,	0.00000,-0.00000,-1.00000,	3,	163,207,193
128,127,127,	0.00000,-0.00000,-1.00000,	3,	165,205,182
128,127,127,	-0.66075,0.66743,0.34343,	3,	168,174,156
128,127,127,	0.83998,-0.49595,-0.22018,	3,	172,205,167
128,127,127,	-0.00000,-0.00000,-1.00000,	3,	172,210,206
128,127,127,	-0.01390,0.95497,0.29638,	3,	173,175,145
128,127,127,	-0.00000,-0.00000,-1.00000,	3,	173,187,172
128,127,127,	-0.00581,0.99987,0.01491,	3,	175,176,146
128,127,127,	0.00000,-0.00000,-1.00000,	3,	176,189,171
128,127,127,	-0.88027,0.35333,0.31667,	3,	177,210,169
128,127,127,	-0.70041,-0.22988,-0.67571,	3,	178,183,164
128,127,127,	-0.59857,-0.75900,0.25620,	3,	179,209,184
128,127,127,	0.86692,-0.49844,0.00052,	3,	180,198,181
128,127,127,	-0.93770,0.03754,0.34541,	3,	184,211,177
128,127,127,	-0.83756,0.54635,-0.00000,	3,	187,188,175
128,127,127,	-0.87027,0.49258,-0.00001,	3,	187,201,200
128,127,127,	-0.87027,0.49257,-0.00000,	3,	188,200,189
128,127,127,	0.00496,0.97724,0.21210,	3,	190,191,185
128,127,127,	0.46572,-0.88399,-0.04095,	3,	192,204,179
128,127,127,	-0.00000,1.00000,-0.00000,	3,	193,194,128
128,127,127,	0.00000,-0.00000,-1.00000,	3,	194,202,192
128,127,127,	-0.83021,0.47158,0.29724,	3,	196,197,168
128,127,127,	-0.83019,0.47163,0.29725,	3,	197,201,174
128,127,127,	-0.62131,-0.70971,-0.33210,	3,	198,200,199
128,127,127,	0.00043,1.00000,-0.00192,	3,	203,208,202
128,127,127,	0.99920,-0.03995,-0.00000,	3,	206,207,205
128,127,127,	-0.00000,-0.00000,-1.00000,	3,	206,211,208
128,127,127,	0.00000,-0.00000,-1.00000,	3,	208,209,204
128,127,127,	0.86384,-0.50377,-0.00000,	3,	218,222,217
128,127,127,	-0.86383,0.50378,-0.00000,	3,	219,226,220
128,127,127,	-0.00000,-0.00000,-1.00000,	3,	219,227,225
128,127,127,	-0.00000,-1.00000,0.00000,	3,	222,234,221
128,127,127,	0.86384,0.50377,0.00000,	3,	223,224,218
128,127,127,	-0.00000,-0.00000,-1.00000,	3,	224,228,220
128,127,127,	-0.00000,-0.00000,-1.00000,	3,	226,230,222
128,127,127,	-0.00000,-1.00000,0.00000,	3,	228,232,227
128,127,127,	-0.00000,1.00000,-0.00000,	3,	229,230,225
128,127,127,	-0.00000,-0.00000,-1.00000,	3,	230,240,234
128,127,127,	-0.00000,-0.00000,-1.00000,	3,	231,237,229
128,127,127,	0.86383,-0.50378,-0.00000,	3,	232,238,231
128,127,127,	-0.86384,-0.50377,-0.00000,	3,	234,239,233
128,127,127,	-0.00000,1.00000,-0.00000,	3,	235,236,223
128,127,127,	0.00000,-0.00000,-1.00000,	3,	236,240,232
128,127,127,	0.86383,0.50378,0.00000,	3,	237,238,230
128,127,127,	-0.86384,0.50377,-0.00000,	3,	239,240,235
128,127,127,	0.86384,-0.50377,-0.00000,	3,	241,246,245
128,127,127,	-0.00000,-0.00000,-1.00000,	3,	244,250,246
128,127,127,	-0.86383,-0.50378,-0.00000,	3,	244,251,243
128,127,127,	-0.00000,-1.00000,0.00000,	3,	245,258,257
128,127,127,	0.86384,0.50377,0.00000,	3,	247,248,242
128,127,127,	-0.00000,-0.00000,-1.00000,	3,	248,252,244
128,127,127,	-0.86383,0.50378,-0.00000,	3,	249,250,243
128,127,127,	0.00000,-0.00000,-1.00000,	3,	251,253,249
128,127,127,	-0.00000,-1.00000,0.00000,	3,	252,256,251
128,127,127,	0.86383,0.50378,-0.00000,	3,	253,261,254
128,127,127,	-0.00000,-0.00000,-1.00000,	3,	254,264,258
128,127,127,	0.86383,-0.50378,-0.00000,	3,	255,262,261
128,127,127,	0.00000,-0.00000,-1.00000,	3,	256,264,262
128,127,127,	-0.00000,1.00000,-0.00000,	3,	259,260,247
128,127,127,	-0.86384,0.50377,-0.00000,	3,	263,264,259
128,127,127,	0.86384,-0.50377,-0.00000,	3,	265,270,269
128,127,127,	0.86383,0.50378,-0.00000,	3,	265,271,266
128,127,127,	-0.86384,0.50377,-0.00000,	3,	267,274,268
128,127,127,	-0.00000,-0.00000,-1.00000,	3,	267,275,273
128,127,127,	0.00000,-0.00000,-1.00000,	3,	268,270,266
128,127,127,	-0.00000,1.00000,0.00000,	3,	271,284,272
128,127,127,	-0.00000,-0.00000,-1.00000,	3,	272,276,268
128,127,127,	-0.00000,1.00000,0.00000,	3,	273,278,274
128,127,127,	-0.00000,-0.00000,-1.00000,	3,	275,279,277
128,127,127,	-0.00000,-1.00000,0.00000,	3,	276,280,275
128,127,127,	0.86382,0.50380,-0.00000,	3,	277,285,278
128,127,127,	0.00000,-0.00000,-1.00000,	3,	278,282,270
128,127,127,	0.86382,-0.50379,-0.00000,	3,	279,286,285
128,127,127,	-0.86384,-0.50377,-0.00000,	3,	282,287,281
128,127,127,	0.00000,-0.00000,-1.00000,	3,	284,288,280
128,127,127,	-0.00000,-0.00000,-1.00000,	3,	286,288,278
128,127,127,	-0.86383,0.50378,-0.00000,	3,	287,288,283
128,127,127,	0.86384,-0.50377,-0.00000,	3,	290,294,289
128,127,127,	-0.86382,0.50380,-0.00000,	3,	291,298,292
128,127,127,	-0.00000,-0.00000,-1.00000,	3,	291,299,297
128,127,127,	-0.86382,-0.50379,0.00000,	3,	292,300,299
128,127,127,	-0.00000,-1.00000,0.00000,	3,	293,306,305
128,127,127,	0.86383,0.50378,0.00000,	3,	295,296,290
128,127,127,	-0.00000,1.00000,0.00000,	3,	297,302,298
128,127,127,	-0.00000,-0.00000,-1.00000,	3,	299,303,301
128,127,127,	-0.00000,-0.00000,-1.00000,	3,	300,308,304
128,127,127,	0.86382,0.50380,-0.00000,	3,	301,309,302
128,127,127,	-0.00000,-0.00000,-1.00000,	3,	302,312,306
128,127,127,	0.86382,-0.50379,-0.00000,	3,	304,310,303
128,127,127,	-0.00000,1.00000,-0.00000,	3,	307,308,295
128,127,127,	-0.86383,0.50378,-0.00000,	3,	311,312,307
128,127,127,	-0.00000,-1.00000,0.00000,	3,	313,322,321
128,127,127,	1.00000,0.00000,0.00000,	3,	315,316,313
128,127,127,	0.91771,-0.39724,-0.00000,	3,	318,324,317
128,127,127,	0.58395,0.81179,-0.00000,	3,	319,328,320
128,127,127,	0.00000,-0.00000,-1.00000,	3,	320,322,314
128,127,127,	0.99921,-0.03969,-0.00000,	3,	324,328,323
128,127,127,	-0.91771,0.39724,-0.00000,	3,	325,330,326
128,127,127,	0.00000,-0.00000,-1.00000,	3,	330,332,328
128,127,127,	0.99912,0.04205,-0.00000,	3,	333,336,334
128,127,127,	-0.00000,-0.00000,-1.00000,	3,	336,342,338
128,127,127,	-0.99921,-0.03969,-0.00000,	3,	338,341,337
128,127,127,	0.00000,-0.00000,-1.00000,	3,	338,344,334
128,127,127,	0.00000,1.00000,0.00000,	3,	339,347,340
128,127,127,	-0.00000,-0.00000,-1.00000,	3,	340,348,342
128,127,127,	-0.91771,-0.39724,-0.00000,	3,	342,347,341
128,127,127,	-0.00000,-1.00000,0.00000,	3,	344,349,343
128,127,127,	-0.00000,1.00000,0.00000,	3,	345,352,346
128,127,127,	0.00000,-0.00000,-1.00000,	3,	346,350,344
128,127,127,	-1.00000,0.00000,-0.00000,	3,	349,352,351
128,127,127,	-0.00000,1.00000,0.00000,	3,	353,360,354
128,127,127,	0.99986,-0.01701,-0.00000,	3,	354,356,355
128,127,127,	-0.99986,-0.01701,-0.00000,	3,	358,360,357
128,127,127,	-0.00000,1.00000,0.00000,	3,	363,366,364
128,127,127,	0.00000,-0.00000,-1.00000,	3,	364,365,362
128,127,127,	-0.00000,-1.00000,0.00000,	3,	365,367,361
128,127,127,	-0.89221,-0.00000,-0.45161,	3,	366,368,367
128,127,127,	-0.68723,0.68675,0.23682,	3,	369,371,370
128,127,127,	-0.00906,0.95278,0.30353,	3,	372,374,373
128,127,127,	0.74182,0.64640,0.17853,	3,	375,377,376
128,127,127,	-0.74182,0.64640,0.17853,	3,	378,380,379
128,127,127,	0.00906,0.95278,0.30353,	3,	381,383,382
128,127,127,	0.68723,0.68675,0.23682,	3,	384,386,385
129,127,127,	-0.00000,-0.00000,-1.00000,	3,	3,8,6
129,127,127,	-0.00000,-0.00000,-1.00000,	3,	4,10,8
129,127,127,	-0.00000,-0.00000,-1.00000,	3,	5,44,10
129,127,127,	0.61440,-0.74477,0.26044,	3,	6,31,3
129,127,127,	-0.99920,-0.03995,0.00000,	3,	7,10,9
129,127,127,	-0.00000,-0.00000,-1.00000,	3,	7,21,12
129,127,127,	-0.86708,-0.49814,0.00542,	3,	9,44,43
129,127,127,	-0.00043,1.00000,-0.00192,	3,	12,13,8
129,127,127,	0.87027,0.49258,-0.00001,	3,	14,28,15
129,127,127,	0.29274,-0.31184,-0.90391,	3,	15,34,17
129,127,127,	0.83019,0.47163,0.29725,	3,	18,41,14
129,127,127,	0.83021,0.47158,0.29724,	3,	19,48,18
129,127,127,	0.83015,0.47576,0.29068,	3,	20,25,24
129,127,127,	0.47428,0.88037,0.00000,	3,	21,22,13
129,127,127,	-0.00000,-0.00000,-1.00000,	3,	22,194,192
129,127,127,	-0.46572,-0.88399,-0.04086,	3,	23,36,11
129,127,127,	-0.00000,-0.99953,0.03060,	3,	23,192,60
129,127,127,	0.00000,0.97613,0.21721,	3,	24,30,29
129,127,127,	0.25595,0.14475,0.95579,	3,	24,53,48
129,127,127,	0.42879,0.71311,-0.55462,	3,	25,55,30
129,127,127,	0.83756,0.54635,-0.00000,	3,	26,39,27
129,127,127,	-0.00000,-0.00000,-1.00000,	3,	27,46,34
129,127,127,	0.83063,0.48128,0.28005,	3,	29,55,53
129,127,127,	0.93764,0.03942,0.34535,	3,	31,38,4
129,127,127,	-0.00000,-0.00000,-1.00000,	3,	32,49,9
129,127,127,	0.95014,-0.31184,-0.00000,	3,	33,50,49
129,127,127,	0.70041,0.22988,-0.67571,	3,	33,52,37
129,127,127,	-0.84621,-0.53285,0.00000,	3,	35,46,45
129,127,127,	0.43676,-0.55433,0.70849,	3,	36,81,31
129,127,127,	0.70041,-0.22988,-0.67571,	3,	37,56,50
129,127,127,	0.66874,0.26842,0.69336,	3,	38,66,47
129,127,127,	0.00581,0.99987,0.01491,	3,	39,72,40
129,127,127,	-0.00000,-0.00000,-1.00000,	3,	40,73,46
129,127,127,	0.66037,0.66704,0.34493,	3,	41,58,28
129,127,127,	0.01390,0.95497,0.29638,	3,	42,71,39
129,127,127,	-0.00000,-0.00000,-1.00000,	3,	42,80,44
129,127,127,	-0.00000,-0.00000,-1.00000,	3,	43,76,51
129,127,127,	-0.16027,-0.98707,0.00000,	3,	43,80,79
129,127,127,	-0.00000,-1.00000,0.00000,	3,	45,69,68
129,127,127,	-0.00000,-1.00000,0.00000,	3,	46,70,69
129,127,127,	0.83096,0.47033,0.29714,	3,	47,63,5
129,127,127,	0.62605,0.42640,0.65287,	3,	47,67,65
129,127,127,	0.95788,-0.28446,0.03930,	3,	48,55,54
129,127,127,	0.66075,0.66742,0.34344,	3,	48,59,41
129,127,127,	0.00000,-0.00000,-1.00000,	3,	49,85,21
129,127,127,	0.43155,-0.59998,-0.67363,	3,	50,93,87
129,127,127,	0.95014,0.31184,0.00000,	3,	51,52,32
129,127,127,	0.44174,0.58990,-0.67593,	3,	52,78,57
129,127,127,	0.00000,-0.00000,-1.00000,	3,	56,122,93
129,127,127,	0.00000,0.94752,0.31969,	3,	58,82,74
129,127,127,	-0.77546,0.60965,0.16426,	3,	59,62,61
129,127,127,	0.00000,0.92613,0.37720,	3,	59,156,58
129,127,127,	-0.00000,-0.93233,0.36160,	3,	60,134,81
129,127,127,	-0.00000,0.90623,-0.42278,	3,	64,153,151
129,127,127,	0.84580,0.27993,0.45416,	3,	65,94,75
129,127,127,	-0.00000,-0.00973,0.99995,	3,	66,148,67
129,127,127,	-0.00000,0.12993,0.99152,	3,	67,108,102
129,127,127,	-0.76876,-0.00000,-0.63953,	3,	69,91,89
129,127,127,	-1.00000,-0.00000,-0.00000,	3,	70,73,72
129,127,127,	-0.74248,0.66986,-0.00000,	3,	71,91,72
129,127,127,	-0.00000,-0.00000,-1.00000,	3,	74,92,80
129,127,127,	-0.74113,0.64579,0.18350,	3,	74,96,92
129,127,127,	0.66076,0.66742,0.34343,	3,	75,95,62
129,127,127,	1.00000,0.00000,0.00000,	3,	76,80,77
129,127,127,	-0.00000,1.00000,0.00000,	3,	76,137,78
129,127,127,	-0.00000,-0.00000,-1.00000,	3,	80,101,97
129,127,127,	-0.00000,-0.00000,1.00000,	3,	81,149,66
129,127,127,	-0.00000,0.77218,-0.63540,	3,	82,133,96
129,127,127,	-0.00000,-0.00000,-1.00000,	3,	83,132,37
129,127,127,	0.00000,0.92613,0.37720,	3,	84,131,62
129,127,127,	-0.00000,1.00000,-0.00000,	3,	85,86,22
129,127,127,	-0.00000,-1.00000,0.00000,	3,	87,130,129
129,127,127,	-0.00000,-1.00000,0.00000,	3,	89,127,88
129,127,127,	-0.00000,1.00000,0.00000,	3,	90,126,91
129,127,127,	-0.00000,0.69711,0.71696,	3,	94,105,95
129,127,127,	-0.00000,0.92613,0.37720,	3,	95,107,84
129,127,127,	0.00000,1.00000,0.00000,	3,	98,115,99
129,127,127,	-0.00000,0.97285,0.23143,	3,	102,109,103
129,127,127,	-0.00000,-0.00000,1.00000,	3,	103,110,104
129,127,127,	-1.00000,-0.00000,0.00000,	3,	104,105,102
129,127,127,	0.00000,0.97865,0.20552,	3,	106,112,107
129,127,127,	1.00000,0.00000,0.00000,	3,	108,110,109
129,127,127,	-0.00000,0.12993,0.99152,	3,	108,148,120
129,127,127,	-0.00000,-0.00000,1.00000,	3,	111,112,105
129,127,127,	0.00000,0.92613,0.37720,	3,	111,121,113
129,127,127,	-0.00000,-0.00000,-1.00000,	3,	114,139,136
129,127,127,	1.00000,0.00000,0.00000,	3,	117,118,115
129,127,127,	-0.56801,0.57374,0.59007,	3,	120,140,121
129,127,127,	-0.43155,-0.59998,-0.67363,	3,	122,164,130
129,127,127,	-0.00000,0.95295,0.30314,	3,	123,125,90
129,127,127,	0.00000,-0.00000,-1.00000,	3,	123,139,118
129,127,127,	-0.74248,-0.66986,-0.00000,	3,	124,142,127
129,127,127,	0.76876,-0.00000,-0.63953,	3,	126,143,124
129,127,127,	-0.00000,1.00000,0.00000,	3,	128,194,129
129,127,127,	0.75739,0.62920,0.17456,	3,	133,141,119
129,127,127,	-0.00000,-0.00000,-1.00000,	3,	135,167,165
129,127,127,	-0.40666,0.56538,-0.71762,	3,	137,159,132
129,127,127,	0.17421,-0.98471,-0.00000,	3,	139,167,138
129,127,127,	-0.00000,-0.00000,-1.00000,	3,	139,173,172
129,127,127,	-0.00000,-1.00000,0.00000,	3,	143,170,142
129,127,127,	-0.00000,-1.00000,0.00000,	3,	144,171,143
129,127,127,	0.74248,0.66986,0.00000,	3,	145,146,126
129,127,127,	1.00000,0.00000,0.00000,	3,	146,147,144
129,127,127,	-0.00000,-0.00000,-1.00000,	3,	147,176,171
129,127,127,	-0.66219,0.28780,0.69186,	3,	149,169,148
129,127,127,	-0.65762,-0.26777,0.70416,	3,	149,184,177
129,127,127,	0.00000,-0.00000,1.00000,	3,	150,169,140
129,127,127,	-0.00000,0.92613,0.37720,	3,	151,154,61
129,127,127,	-0.83096,0.47033,0.29714,	3,	152,195,140
129,127,127,	0.77546,0.60965,0.16426,	3,	153,156,154
129,127,127,	0.46430,-0.88474,-0.04087,	3,	155,192,179
129,127,127,	-0.66075,0.66743,0.34344,	3,	156,174,157
129,127,127,	-0.70041,-0.22988,-0.67571,	3,	158,178,164
129,127,127,	-0.66075,0.66743,0.34344,	3,	161,168,153
129,127,127,	-0.42803,0.71284,-0.55557,	3,	161,190,160
129,127,127,	-0.95341,-0.30044,0.02745,	3,	162,168,160
129,127,127,	0.00000,-0.00000,-1.00000,	3,	163,193,128
129,127,127,	-0.95014,-0.31184,-0.00000,	3,	164,183,163
129,127,127,	-0.59941,0.80044,-0.00000,	3,	165,166,137
129,127,127,	-0.70041,0.22988,-0.67571,	3,	166,178,159
129,127,127,	-0.83022,0.47165,0.29711,	3,	168,197,174
129,127,127,	-0.83096,0.47033,0.29714,	3,	169,210,152
129,127,127,	0.84621,-0.53285,-0.00000,	3,	171,181,170
129,127,127,	-0.00000,-0.00000,-1.00000,	3,	171,189,180
129,127,127,	0.86695,-0.49839,-0.00000,	3,	172,206,205
129,127,127,	-0.83070,0.47018,0.29811,	3,	174,201,187
129,127,127,	-0.84346,0.53713,0.00801,	3,	175,189,176
129,127,127,	-0.87135,0.37717,0.31383,	3,	177,211,210
129,127,127,	-0.43708,-0.55422,0.70838,	3,	179,184,134
129,127,127,	-0.29274,-0.31184,-0.90391,	3,	180,200,198
129,127,127,	-0.95014,0.31184,-0.00000,	3,	182,183,166
129,127,127,	0.00000,-0.00000,-1.00000,	3,	182,205,163
129,127,127,	-0.93758,0.03946,0.34552,	3,	184,212,211
129,127,127,	-0.83128,0.47720,0.28505,	3,	185,186,160
129,127,127,	-0.27803,0.16337,0.94658,	3,	186,191,162
129,127,127,	-0.87027,0.49257,-0.00000,	3,	187,200,188
129,127,127,	0.00000,-0.00000,-1.00000,	3,	187,210,172
129,127,127,	-0.47428,0.88037,-0.00000,	3,	193,202,194
129,127,127,	0.86509,-0.50145,0.01279,	3,	198,199,181
129,127,127,	-0.46685,-0.79852,-0.38001,	3,	200,201,199
129,127,127,	0.00000,-0.00000,-1.00000,	3,	202,204,192
129,127,127,	-0.00000,-0.99876,0.04978,	3,	204,209,179
129,127,127,	-0.00000,1.00000,-0.00000,	3,	207,208,203
129,127,127,	-0.00000,-0.00000,-1.00000,	3,	210,211,206
129,127,127,	0.00000,-0.00000,-1.00000,	3,	211,212,208
129,127,127,	0.86384,-0.50377,-0.00000,	3,	217,222,221
129,127,127,	0.86384,0.50377,-0.00000,	3,	217,223,218
129,127,127,	-0.00000,-0.00000,-1.00000,	3,	218,224,220
129,127,127,	-0.00000,-0.00000,-1.00000,	3,	220,226,222
129,127,127,	-0.86383,-0.50378,-0.00000,	3,	220,227,219
129,127,127,	-0.00000,-1.00000,0.00000,	3,	221,234,233
129,127,127,	-0.00000,1.00000,0.00000,	3,	223,236,224
129,127,127,	-0.00000,1.00000,0.00000,	3,	225,230,226
129,127,127,	0.00000,-0.00000,-1.00000,	3,	227,229,225
129,127,127,	-0.00000,-1.00000,0.00000,	3,	227,232,231
129,127,127,	-0.00000,-0.00000,-1.00000,	3,	228,236,232
129,127,127,	0.86383,0.50378,-0.00000,	3,	229,237,230
129,127,127,	0.00000,-0.00000,-1.00000,	3,	230,234,222
129,127,127,	0.86383,-0.50378,-0.00000,	3,	231,238,237
129,127,127,	0.00000,-0.00000,-1.00000,	3,	232,240,238
129,127,127,	-0.86384,-0.50377,0.00000,	3,	234,240,239
129,127,127,	-0.86384,0.50377,-0.00000,	3,	235,240,236
129,127,127,	0.86384,-0.50377,-0.00000,	3,	242,246,241
129,127,127,	-0.00000,-0.00000,-1.00000,	3,	242,248,244
129,127,127,	-0.86383,0.50378,-0.00000,	3,	243,250,244
129,127,127,	-0.00000,-0.00000,-1.00000,	3,	243,251,249
129,127,127,	-0.86383,-0.50378,0.00000,	3,	244,252,251
129,127,127,	-0.00000,-1.00000,0.00000,	3,	246,258,245
129,127,127,	-0.00000,1.00000,0.00000,	3,	247,260,248
129,127,127,	-0.00000,-0.00000,-1.00000,	3,	250,254,246
129,127,127,	-0.00000,-0.00000,-1.00000,	3,	251,255,253
129,127,127,	-0.00000,-0.00000,-1.00000,	3,	252,260,256
129,127,127,	-0.00000,1.00000,-0.00000,	3,	253,254,249
129,127,127,	0.86383,-0.50378,-0.00000,	3,	256,262,255
129,127,127,	-0.86384,-0.50377,0.00000,	3,	258,264,263
129,127,127,	-0.86384,0.50377,-0.00000,	3,	259,264,260
129,127,127,	0.86383,0.50378,0.00000,	3,	261,262,254
129,127,127,	0.86384,-0.50377,-0.00000,	3,	266,270,265
129,127,127,	-0.86385,-0.50376,-0.00000,	3,	268,275,267
129,127,127,	-0.00000,-1.00000,0.00000,	3,	270,282,269
129,127,127,	0.86383,0.50378,0.00000,	3,	271,272,266
129,127,127,	-0.00000,-0.00000,-1.00000,	3,	272,284,276
129,127,127,	-0.86384,0.50377,-0.00000,	3,	273,274,267
129,127,127,	-0.00000,-0.00000,-1.00000,	3,	274,278,270
129,127,127,	0.00000,-0.00000,-1.00000,	3,	275,277,273
129,127,127,	-0.00000,-1.00000,0.00000,	3,	275,280,279
129,127,127,	-0.00000,-0.00000,-1.00000,	3,	279,285,277
129,127,127,	0.00000,-0.00000,-1.00000,	3,	280,288,286
129,127,127,	-0.86384,-0.50377,0.00000,	3,	282,288,287
129,127,127,	-0.00000,1.00000,-0.00000,	3,	283,284,271
129,127,127,	0.86382,0.50380,0.00000,	3,	285,286,278
129,127,127,	0.86384,-0.50377,-0.00000,	3,	289,294,293
129,127,127,	0.86383,0.50378,-0.00000,	3,	289,295,290
129,127,127,	0.00000,-0.00000,-1.00000,	3,	292,294,290
129,127,127,	-0.86382,-0.50379,-0.00000,	3,	292,299,291
129,127,127,	-0.00000,-0.00000,-1.00000,	3,	296,308,300
129,127,127,	-0.86382,0.50380,-0.00000,	3,	297,298,291
129,127,127,	0.00000,-0.00000,-1.00000,	3,	299,301,297
129,127,127,	-0.00000,-1.00000,0.00000,	3,	299,304,303
129,127,127,	0.00000,-0.00000,-1.00000,	3,	302,306,294
129,127,127,	0.86382,-0.50379,-0.00000,	3,	303,310,309
129,127,127,	-0.86384,-0.50377,0.00000,	3,	306,312,311
129,127,127,	0.00000,-0.00000,-1.00000,	3,	308,312,304
129,127,127,	-0.00000,-0.00000,-1.00000,	3,	310,312,302
129,127,127,	-0.00000,-1.00000,0.00000,	3,	314,322,313
129,127,127,	0.00000,1.00000,0.00000,	3,	315,319,316
129,127,127,	-0.00000,-0.00000,-1.00000,	3,	316,320,314
129,127,127,	0.91771,-0.39724,-0.00000,	3,	317,324,323
129,127,127,	-0.00000,1.00000,-0.00000,	3,	325,326,317
129,127,127,	0.00000,-0.00000,-1.00000,	3,	326,330,324
129,127,127,	0.58395,0.81179,0.00000,	3,	327,328,319
129,127,127,	-0.00000,-0.00000,-1.00000,	3,	328,332,322
129,127,127,	-0.99912,0.04205,-0.00000,	3,	331,332,330
129,127,127,	0.63637,-0.77139,-0.00000,	3,	334,344,343
129,127,127,	-0.00000,-0.00000,-1.00000,	3,	336,338,334
129,127,127,	-0.99921,-0.03969,0.00000,	3,	338,342,341
129,127,127,	0.00000,-0.00000,-1.00000,	3,	340,342,336
129,127,127,	-0.91771,-0.39724,0.00000,	3,	342,348,347
129,127,127,	-0.00000,-1.00000,0.00000,	3,	344,350,349
129,127,127,	-0.58395,0.81179,-0.00000,	3,	345,346,338
129,127,127,	-0.00000,-0.00000,-1.00000,	3,	346,352,350
129,127,127,	-0.00000,1.00000,-0.00000,	3,	351,352,345
129,127,127,	0.99986,-0.01701,-0.00000,	3,	354,355,353
129,127,127,	-0.00000,-1.00000,0.00000,	3,	356,357,355
129,127,127,	-0.00000,0.34454,-0.93877,	3,	356,360,358
129,127,127,	-0.99986,-0.01701,0.00000,	3,	357,360,359
129,127,127,	-0.00000,-0.00000,-1.00000,	3,	364,366,365
130,127,127,	0.87135,0.37717,0.31383,	3,	4,38,5
130,127,127,	0.00000,-0.00000,-1.00000,	3,	5,10,4
130,127,127,	-0.00000,-0.00000,-1.00000,	3,	7,49,21
130,127,127,	-0.99920,-0.03995,-0.00000,	3,	8,10,7
130,127,127,	-0.00000,-0.00000,-1.00000,	3,	8,13,11
130,127,127,	-0.00000,-0.00000,-1.00000,	3,	9,51,32
130,127,127,	-0.00000,-0.99876,0.04978,	3,	11,36,6
130,127,127,	0.62131,-0.70971,-0.33210,	3,	15,17,16
130,127,127,	0.00000,-0.00000,-1.00000,	3,	22,192,23
130,127,127,	0.87027,0.49257,0.00000,	3,	26,27,15
130,127,127,	0.66381,0.66334,0.34544,	3,	28,58,42
130,127,127,	0.65788,-0.26653,0.70438,	3,	31,66,38
130,127,127,	0.95014,-0.31184,-0.00000,	3,	33,49,32
130,127,127,	-0.86692,-0.49844,0.00052,	3,	34,35,17
130,127,127,	0.00000,-0.00000,-1.00000,	3,	37,158,56
130,127,127,	-0.00000,-0.00000,-1.00000,	3,	40,46,27
130,127,127,	0.00000,-0.00000,-1.00000,	3,	42,44,28
130,127,127,	-0.00000,-0.00000,-1.00000,	3,	43,79,76
130,127,127,	0.66075,0.66743,0.34344,	3,	48,62,59
130,127,127,	0.58392,-0.81181,-0.00000,	3,	50,87,85
130,127,127,	0.83026,0.47159,0.29710,	3,	54,213,75
130,127,127,	-0.00000,-0.00000,-1.00000,	3,	57,83,37
130,127,127,	-0.45261,-0.86853,0.20197,	3,	60,81,36
130,127,127,	-0.00000,-0.93233,0.36160,	3,	60,155,134
130,127,127,	-0.00000,0.90623,-0.42278,	3,	62,153,64
130,127,127,	0.00000,0.92613,0.37720,	3,	64,151,61
130,127,127,	-0.00000,-0.00000,1.00000,	3,	65,75,47
130,127,127,	-0.00000,0.12993,0.99152,	3,	67,102,94
130,127,127,	0.74248,-0.66986,-0.00000,	3,	68,89,88
130,127,127,	-1.00000,-0.00000,0.00000,	3,	70,72,69
130,127,127,	0.83096,0.47033,0.29714,	3,	75,213,63
130,127,127,	0.59941,0.80044,0.00000,	3,	76,78,51
130,127,127,	-0.00000,0.74022,-0.67236,	3,	78,132,83
130,127,127,	-0.00000,-1.00000,0.00000,	3,	87,129,86
130,127,127,	-0.74248,0.66986,-0.00000,	3,	90,91,71
130,127,127,	0.00000,-0.00000,-1.00000,	3,	91,124,89
130,127,127,	0.00000,0.95295,0.30314,	3,	92,123,90
130,127,127,	-0.00000,-0.74022,-0.67236,	3,	93,122,87
130,127,127,	-0.00000,0.77218,-0.63540,	3,	96,133,119
130,127,127,	0.00000,-0.00000,-1.00000,	3,	100,115,98
130,127,127,	-0.00000,-1.00000,0.00000,	3,	100,118,117
130,127,127,	1.00000,0.00000,0.00000,	3,	106,107,105
130,127,127,	-0.00000,0.69711,0.71696,	3,	108,121,111
130,127,127,	-0.00000,-0.00000,1.00000,	3,	110,111,104
130,127,127,	-1.00000,0.00000,0.00000,	3,	111,113,112
130,127,127,	1.00000,0.00000,0.00000,	3,	115,118,116
130,127,127,	-0.00000,0.94942,0.31401,	3,	119,123,92
130,127,127,	0.74248,0.66986,-0.00000,	3,	125,145,126
130,127,127,	-0.58392,-0.81181,0.00000,	3,	128,164,163
130,127,127,	-0.44950,-0.53907,0.71229,	3,	134,184,149
130,127,127,	-1.00000,0.00000,-0.00000,	3,	135,139,138
130,127,127,	-0.59941,0.80044,-0.00000,	3,	135,165,137
130,127,127,	0.16043,-0.98615,-0.04205,	3,	139,172,167
130,127,127,	-0.66075,0.66743,0.34344,	3,	140,161,153
130,127,127,	-0.00000,-0.00000,-1.00000,	3,	141,173,139
130,127,127,	1.00000,-0.00000,0.00000,	3,	143,146,144
130,127,127,	-0.01455,0.99989,-0.00000,	3,	145,175,146
130,127,127,	-0.00000,1.00000,0.00000,	3,	146,176,147
130,127,127,	-0.85138,0.25466,0.45859,	3,	148,150,120
130,127,127,	-0.66874,0.26842,0.69336,	3,	149,177,169
130,127,127,	-0.66075,0.66743,0.34344,	3,	153,168,156
130,127,127,	-0.00000,0.27400,0.96173,	3,	154,156,59
130,127,127,	-0.00901,0.94800,0.31813,	3,	157,173,141
130,127,127,	-0.43155,-0.59998,-0.67364,	3,	158,164,122
130,127,127,	0.00000,-0.00000,-1.00000,	3,	159,178,37
130,127,127,	-0.42879,0.71311,-0.55462,	3,	160,190,185
130,127,127,	-0.95014,0.31184,-0.00000,	3,	165,182,166
130,127,127,	-0.70041,0.22988,-0.67571,	3,	166,183,178
130,127,127,	0.00000,-0.00000,-1.00000,	3,	167,205,165
130,127,127,	-0.66037,0.66704,0.34493,	3,	174,187,157
130,127,127,	0.84711,-0.53142,0.00056,	3,	180,181,171
130,127,127,	-0.00000,0.97613,0.21721,	3,	185,191,186
130,127,127,	-0.83756,0.54635,-0.00000,	3,	188,189,175
130,127,127,	-0.20750,-0.37128,-0.90504,	3,	189,200,180
130,127,127,	-0.83015,0.47576,0.29068,	3,	190,216,191
130,127,127,	-0.82697,0.47699,0.29767,	3,	191,216,196
130,127,127,	0.00000,-0.00000,-1.00000,	3,	193,207,203
130,127,127,	-0.00000,-0.00000,-1.00000,	3,	202,208,204
130,127,127,	0.00000,-0.00000,-1.00000,	3,	205,207,163
130,127,127,	0.99920,-0.03995,-0.00000,	3,	206,208,207
130,127,127,	-0.00000,-0.00000,-1.00000,	3,	208,212,209
130,127,127,	-0.61438,-0.74474,0.26056,	3,	209,212,184
130,127,127,	0.00000,-0.00000,-1.00000,	3,	220,222,218
130,127,127,	-0.86383,-0.50378,0.00000,	3,	220,228,227
130,127,127,	-0.00000,-0.00000,-1.00000,	3,	224,236,228
130,127,127,	-0.86383,0.50378,-0.00000,	3,	225,226,219
130,127,127,	-0.00000,-0.00000,-1.00000,	3,	227,231,229
130,127,127,	-0.00000,-0.00000,-1.00000,	3,	238,240,230
130,127,127,	0.86384,0.50377,-0.00000,	3,	241,247,242
130,127,127,	0.00000,-0.00000,-1.00000,	3,	244,246,242
130,127,127,	-0.00000,-0.00000,-1.00000,	3,	248,260,252
130,127,127,	-0.00000,1.00000,0.00000,	3,	249,254,250
130,127,127,	-0.00000,-1.00000,0.00000,	3,	251,256,255
130,127,127,	0.00000,-0.00000,-1.00000,	3,	254,258,246
130,127,127,	-0.00000,-0.00000,-1.00000,	3,	255,261,253
130,127,127,	-0.86384,-0.50377,-0.00000,	3,	258,263,257
130,127,127,	0.00000,-0.00000,-1.00000,	3,	260,264,256
130,127,127,	-0.00000,-0.00000,-1.00000,	3,	262,264,254
130,127,127,	-0.00000,-0.00000,-1.00000,	3,	266,272,268
130,127,127,	-0.00000,-0.00000,-1.00000,	3,	268,274,270
130,127,127,	-0.86385,-0.50376,0.00000,	3,	268,276,275
130,127,127,	-0.00000,-0.00000,-1.00000,	3,	276,284,280
130,127,127,	-0.00000,1.00000,-0.00000,	3,	277,278,273
130,127,127,	-0.00000,-0.00000,-1.00000,	3,	278,288,282
130,127,127,	0.86382,-0.50379,-0.00000,	3,	280,286,279
130,127,127,	-0.86383,0.50378,-0.00000,	3,	283,288,284
130,127,127,	-0.00000,-1.00000,0.00000,	3,	294,306,293
130,127,127,	-0.00000,1.00000,0.00000,	3,	295,308,296
130,127,127,	-0.00000,-0.00000,-1.00000,	3,	296,300,292
130,127,127,	-0.00000,-0.00000,-1.00000,	3,	298,302,294
130,127,127,	-0.00000,-1.00000,0.00000,	3,	300,304,299
130,127,127,	-0.00000,1.00000,-0.00000,	3,	301,302,297
130,127,127,	-0.00000,-0.00000,-1.00000,	3,	303,309,301
130,127,127,	0.00000,-0.00000,-1.00000,	3,	304,312,310
130,127,127,	-0.86384,-0.50377,-0.00000,	3,	306,311,305
130,127,127,	-0.86383,0.50378,-0.00000,	3,	307,312,308
130,127,127,	0.86382,0.50380,0.00000,	3,	309,310,302
130,127,127,	1.00000,0.00000,0.00000,	3,	313,316,314
130,127,127,	-0.00000,-0.00000,-1.00000,	3,	318,326,324
130,127,127,	-0.00000,1.00000,-0.00000,	3,	319,320,316
130,127,127,	-0.00000,-0.00000,-1.00000,	3,	320,328,322
130,127,127,	-0.63637,-0.77139,0.00000,	3,	321,332,331
130,127,127,	-0.00000,-0.00000,-1.00000,	3,	324,330,328
130,127,127,	-0.91771,0.39724,-0.00000,	3,	329,330,325
130,127,127,	-0.99912,0.04205,-0.00000,	3,	329,331,330
130,127,127,	-0.58395,0.81179,-0.00000,	3,	337,345,338
130,127,127,	-0.00000,-0.00000,-1.00000,	3,	338,346,344
130,127,127,	0.91771,0.39724,0.00000,	3,	339,340,336
130,127,127,	-0.00000,1.00000,-0.00000,	3,	347,348,340
130,127,127,	-1.00000,-0.00000,0.00000,	3,	350,352,349
130,127,127,	-0.00000,0.34454,-0.93877,	3,	354,360,356
130,127,127,	-0.00000,-1.00000,0.00000,	3,	356,358,357
130,127,127,	-0.00000,1.00000,-0.00000,	3,	359,360,353
130,127,127,	-0.00000,-1.00000,0.00000,	3,	362,365,361
130,127,127,	0.00000,1.00000,0.00000,	3,	363,368,366
130,127,127,	-0.89221,-0.00000,-0.45161,	3,	366,367,365
131,127,127,	-0.00000,-0.00000,-1.00000,	3,	13,23,11
131,127,127,	0.87027,0.49257,0.00000,	3,	15,28,26
131,127,127,	0.66075,0.66743,0.34344,	3,	54,75,62
131,127,127,	-1.00000,0.00000,-0.00000,	3,	98,215,100
131,127,127,	-1.00000,-0.00000,0.00000,	3,	99,215,98
131,127,127,	-0.00000,-1.00000,-0.00000,	3,	100,215,118
131,127,127,	-0.00000,0.00000,-1.00000,	3,	114,214,116
131,127,127,	0.00000,-0.00000,-1.00000,	3,	116,214,99
131,127,127,	-0.00000,0.00000,-1.00000,	3,	118,215,123
131,127,127,	-0.47260,0.88125,-0.00691,	3,	193,203,202
131,127,127,	-0.00000,-1.00000,0.00000,	3,	269,282,281
131,127,127,	-0.00000,-0.00000,-1.00000,	3,	290,296,292
131,127,127,	-0.00000,-0.00000,-1.00000,	3,	292,298,294
131,127,127,	-0.00000,1.00000,0.00000,	3,	317,326,318
131,127,127,	-0.63637,-0.77139,-0.00000,	3,	322,332,321
131,127,127,	0.99921,-0.03969,-0.00000,	3,	323,328,327
131,127,127,	0.63637,-0.77139,-0.00000,	3,	334,343,333
131,127,127,	0.99912,0.04205,0.00000,	3,	335,336,333
131,127,127,	0.91771,0.39724,-0.00000,	3,	335,339,336

TEXTURES
oolite_worm_diffuse.png	1.0 1.0	0.32428 0.58523	0.26545 0.58523	0.31954 0.60264
oolite_worm_diffuse.png	1.0 1.0	0.13367 0.22364	0.37385 0.55661	0.17774 0.19598
oolite_worm_diffuse.png	1.0 1.0	0.54462 0.86091	0.52254 0.90844	0.54678 0.91289
oolite_worm_diffuse.png	1.0 1.0	0.19290 0.18912	0.49246 0.52940	0.35708 0.11947
oolite_worm_diffuse.png	1.0 1.0	0.98045 0.60732	0.82420 0.99776	0.83774 0.99688
oolite_worm_diffuse.png	1.0 1.0	0.19044 0.98557	0.13025 0.98557	0.19044 0.99828
oolite_worm_diffuse.png	1.0 1.0	0.52254 0.90844	0.45766 0.92350	0.53318 0.92335
oolite_worm_diffuse.png	1.0 1.0	0.52169 0.86257	0.37282 0.84947	0.52254 0.90844
oolite_worm_diffuse.png	1.0 1.0	0.23317 0.99828	0.50014 0.99828	0.23317 0.98557
oolite_worm_diffuse.png	1.0 1.0	0.13025 0.98557	0.08034 0.98557	0.13013 0.99828
oolite_worm_diffuse.png	1.0 1.0	0.35708 0.11947	0.47404 0.19864	0.45503 0.07801
oolite_worm_diffuse.png	1.0 1.0	0.35760 0.09144	0.35000 0.11956	0.35708 0.11947
oolite_worm_diffuse.png	1.0 1.0	0.12014 0.70497	0.09107 0.59373	0.09107 0.71635
oolite_worm_diffuse.png	1.0 1.0	0.39462 0.23221	0.47812 0.22504	0.47404 0.19864
oolite_worm_diffuse.png	1.0 1.0	0.40466 0.26447	0.42857 0.24590	0.40220 0.25682
oolite_worm_diffuse.png	1.0 1.0	0.08034 0.98557	0.00082 0.98557	0.08034 0.99828
oolite_worm_diffuse.png	1.0 1.0	0.40989 0.88273	0.40888 0.89735	0.45739 0.90861
oolite_worm_diffuse.png	1.0 1.0	0.84675 0.60732	0.78437 0.99776	0.82420 0.99776
oolite_worm_diffuse.png	1.0 1.0	0.17255 0.12264	0.16962 0.10823	0.14839 0.12042
oolite_worm_diffuse.png	1.0 1.0	0.42847 0.01455	0.42185 0.00935	0.35760 0.09144
oolite_worm_diffuse.png	1.0 1.0	0.45503 0.07801	0.47994 0.04458	0.44877 0.05411
oolite_worm_diffuse.png	1.0 1.0	0.39772 0.59453	0.37892 0.61170	0.53849 0.84576
oolite_worm_diffuse.png	1.0 1.0	0.15784 0.10696	0.15751 0.02476	0.14314 0.11369
oolite_worm_diffuse.png	1.0 1.0	0.16962 0.10823	0.20535 0.03661	0.15784 0.10696
oolite_worm_diffuse.png	1.0 1.0	0.79461 0.59747	0.86342 0.53203	0.85201 0.52507
oolite_worm_diffuse.png	1.0 1.0	0.37884 0.92968	0.32484 0.95210	0.37884 0.95210
oolite_worm_diffuse.png	1.0 1.0	0.16682 0.59373	0.16682 0.56623	0.09107 0.59373
oolite_worm_diffuse.png	1.0 1.0	0.38146 0.96233	0.43302 0.95210	0.37884 0.95210
oolite_worm_diffuse.png	1.0 1.0	0.38836 0.79258	0.20277 0.79256	0.22049 0.84708
oolite_worm_diffuse.png	1.0 1.0	0.42423 0.55706	0.43610 0.55203	0.19290 0.18912
oolite_worm_diffuse.png	1.0 1.0	0.47994 0.04458	0.46778 0.00322	0.43589 0.01294
oolite_worm_diffuse.png	1.0 1.0	0.47404 0.19864	0.50649 0.21795	0.50346 0.18985
oolite_worm_diffuse.png	1.0 1.0	0.37892 0.61170	0.37266 0.73740	0.52169 0.86257
oolite_worm_diffuse.png	1.0 1.0	0.50014 0.99828	0.54561 0.99828	0.50412 0.98557
oolite_worm_diffuse.png	1.0 1.0	0.16682 0.56623	0.14802 0.51636	0.09107 0.56623
oolite_worm_diffuse.png	1.0 1.0	0.04450 0.18553	0.03262 0.22889	0.04450 0.22889
oolite_worm_diffuse.png	1.0 1.0	0.43302 0.95210	0.48721 0.92968	0.43302 0.92968
oolite_worm_diffuse.png	1.0 1.0	0.32484 0.92968	0.27670 0.95210	0.32484 0.95210
oolite_worm_diffuse.png	1.0 1.0	0.32484 0.95210	0.32717 0.96233	0.37671 0.96233
oolite_worm_diffuse.png	1.0 1.0	0.15751 0.02476	0.20535 0.03661	0.14970 0.00527
oolite_worm_diffuse.png	1.0 1.0	0.22313 0.03146	0.20535 0.03661	0.17949 0.11899
oolite_worm_diffuse.png	1.0 1.0	0.48432 0.27109	0.51257 0.27264	0.47812 0.22504
oolite_worm_diffuse.png	1.0 1.0	0.43511 0.96233	0.48465 0.96233	0.43302 0.95210
oolite_worm_diffuse.png	1.0 1.0	0.37064 0.84710	0.22049 0.84708	0.26687 0.88077
oolite_worm_diffuse.png	1.0 1.0	0.50369 0.18985	0.52740 0.07133	0.48090 0.07113
oolite_worm_diffuse.png	1.0 1.0	0.78437 0.99776	0.61276 0.60732	0.67512 0.99776
oolite_worm_diffuse.png	1.0 1.0	0.51229 0.22118	0.61528 0.22118	0.50649 0.21795
oolite_worm_diffuse.png	1.0 1.0	0.51257 0.27264	0.51651 0.26504	0.51229 0.22118
oolite_worm_diffuse.png	1.0 1.0	0.46358 0.59997	0.47411 0.59557	0.43567 0.55192
oolite_worm_diffuse.png	1.0 1.0	0.52203 0.58458	0.60681 0.58458	0.60271 0.57452
oolite_worm_diffuse.png	1.0 1.0	0.47411 0.59557	0.52311 0.56233	0.50027 0.53323
oolite_worm_diffuse.png	1.0 1.0	0.52681 0.57452	0.60271 0.57452	0.57822 0.51860
oolite_worm_diffuse.png	1.0 1.0	0.14802 0.51636	0.13617 0.50063	0.09107 0.51636
oolite_worm_diffuse.png	1.0 1.0	0.52587 0.04435	0.52636 0.02052	0.47994 0.04458
oolite_worm_diffuse.png	1.0 1.0	0.52636 0.02052	0.52636 0.00137	0.48078 0.00137
oolite_worm_diffuse.png	1.0 1.0	0.04042 0.28944	0.03012 0.27563	0.02850 0.28932
oolite_worm_diffuse.png	1.0 1.0	0.33315 0.57517	0.33123 0.60373	0.37901 0.57561
oolite_worm_diffuse.png	1.0 1.0	0.52740 0.07133	0.53965 0.04796	0.52587 0.04435
oolite_worm_diffuse.png	1.0 1.0	0.27670 0.95210	0.27767 0.96233	0.32266 0.96233
oolite_worm_diffuse.png	1.0 1.0	0.27670 0.95210	0.21203 0.95210	0.21593 0.96233
oolite_worm_diffuse.png	1.0 1.0	0.99749 0.00479	0.98093 0.00479	0.99749 0.12952
oolite_worm_diffuse.png	1.0 1.0	0.33123 0.60373	0.31954 0.70537	0.33123 0.70537
oolite_worm_diffuse.png	1.0 1.0	0.53280 0.18985	0.54465 0.18462	0.52740 0.07133
oolite_worm_diffuse.png	1.0 1.0	0.58826 0.01843	0.54045 0.01843	0.54045 0.03029
oolite_worm_diffuse.png	1.0 1.0	0.32428 0.58523	0.31954 0.60264	0.33123 0.60373
oolite_worm_diffuse.png	1.0 1.0	0.76980 0.05263	0.76975 0.00316	0.75725 0.01098
oolite_worm_diffuse.png	1.0 1.0	0.54465 0.18462	0.58292 0.18462	0.54065 0.07459
oolite_worm_diffuse.png	1.0 1.0	0.98091 0.02135	0.92349 0.02131	0.92349 0.08256
oolite_worm_diffuse.png	1.0 1.0	0.78226 0.05282	0.78265 0.00329	0.76980 0.05263
oolite_worm_diffuse.png	1.0 1.0	0.80137 0.02474	0.78731 0.00865	0.78226 0.05282
oolite_worm_diffuse.png	1.0 1.0	0.80241 0.01694	0.83125 0.00990	0.80241 0.00990
oolite_worm_diffuse.png	1.0 1.0	0.55043 0.51294	0.55043 0.47193	0.53831 0.51294
oolite_worm_diffuse.png	1.0 1.0	0.80241 0.00990	0.83125 0.00141	0.80241 0.00139
oolite_worm_diffuse.png	1.0 1.0	0.83125 0.07482	0.83125 0.04087	0.80241 0.07482
oolite_worm_diffuse.png	1.0 1.0	0.85132 0.05278	0.85121 0.00334	0.84627 0.00861
oolite_worm_diffuse.png	1.0 1.0	0.83125 0.04087	0.83125 0.01687	0.80241 0.04087
oolite_worm_diffuse.png	1.0 1.0	0.06219 0.78854	0.06219 0.72405	0.01536 0.72405
oolite_worm_diffuse.png	1.0 1.0	0.92349 0.08256	0.92349 0.09906	0.98091 0.09910
oolite_worm_diffuse.png	1.0 1.0	0.27019 0.60264	0.25850 0.60357	0.27019 0.70537
oolite_worm_diffuse.png	1.0 1.0	0.58292 0.18462	0.60018 0.07160	0.58693 0.07459
oolite_worm_diffuse.png	1.0 1.0	0.86415 0.05277	0.86411 0.00332	0.85132 0.05278
oolite_worm_diffuse.png	1.0 1.0	0.60356 0.56249	0.62640 0.53339	0.60020 0.52083
oolite_worm_diffuse.png	1.0 1.0	0.58927 0.51294	0.59363 0.47193	0.57715 0.47193
oolite_worm_diffuse.png	1.0 1.0	0.53942 0.96233	0.54202 0.95210	0.48721 0.95210
oolite_worm_diffuse.png	1.0 1.0	0.26545 0.58523	0.25658 0.57500	0.25850 0.60357
oolite_worm_diffuse.png	1.0 1.0	0.13617 0.43327	0.09107 0.43327	0.13617 0.50063
oolite_worm_diffuse.png	1.0 1.0	0.13617 0.43327	0.14802 0.41710	0.09107 0.41710
oolite_worm_diffuse.png	1.0 1.0	0.58826 0.04446	0.58826 0.03042	0.54045 0.04446
oolite_worm_diffuse.png	1.0 1.0	0.02974 0.25899	0.04018 0.24525	0.02812 0.24530
oolite_worm_diffuse.png	1.0 1.0	0.00165 0.95210	0.05584 0.95210	0.00165 0.92968
oolite_worm_diffuse.png	1.0 1.0	0.59352 0.47193	0.61500 0.27264	0.51257 0.27264
oolite_worm_diffuse.png	1.0 1.0	0.26263 0.70742	0.22049 0.73804	0.38836 0.79258
oolite_worm_diffuse.png	1.0 1.0	0.59478 0.18985	0.62389 0.18985	0.60018 0.07160
oolite_worm_diffuse.png	1.0 1.0	0.59733 0.59270	0.60681 0.58458	0.53195 0.59296
oolite_worm_diffuse.png	1.0 1.0	0.21197 0.92968	0.21197 0.95210	0.27665 0.92968
oolite_worm_diffuse.png	1.0 1.0	0.92347 0.12949	0.92347 0.00476	0.90691 0.12949
oolite_worm_diffuse.png	1.0 1.0	0.21202 0.95210	0.16401 0.95210	0.16619 0.96233
oolite_worm_diffuse.png	1.0 1.0	0.25850 0.60357	0.21081 0.61154	0.25850 0.70537
oolite_worm_diffuse.png	1.0 1.0	0.60298 0.51745	0.61500 0.27264	0.58927 0.51294
oolite_worm_diffuse.png	1.0 1.0	0.60298 0.51745	0.72201 0.26448	0.64334 0.27245
oolite_worm_diffuse.png	1.0 1.0	0.60018 0.07160	0.60171 0.04462	0.58793 0.04796
oolite_worm_diffuse.png	1.0 1.0	0.14802 0.41710	0.16682 0.36753	0.09107 0.36753
oolite_worm_diffuse.png	1.0 1.0	0.03235 0.30473	0.04423 0.34810	0.04423 0.30473
oolite_worm_diffuse.png	1.0 1.0	0.65256 0.59573	0.69100 0.55208	0.62640 0.53339
oolite_worm_diffuse.png	1.0 1.0	0.63408 0.52963	0.93537 0.19004	0.76992 0.12040
oolite_worm_diffuse.png	1.0 1.0	0.61500 0.27264	0.61528 0.22118	0.61107 0.26504
oolite_worm_diffuse.png	1.0 1.0	0.94889 0.59842	0.98573 0.60468	0.92879 0.53177
oolite_worm_diffuse.png	1.0 1.0	0.62109 0.21795	0.62412 0.18985	0.50346 0.18985
oolite_worm_diffuse.png	1.0 1.0	0.62412 0.18985	0.67194 0.07833	0.64668 0.07140
oolite_worm_diffuse.png	1.0 1.0	0.07137 0.03597	0.12702 0.00463	0.05891 0.02211
oolite_worm_diffuse.png	1.0 1.0	0.07137 0.03597	0.11887 0.10632	0.11921 0.02412
oolite_worm_diffuse.png	1.0 1.0	0.11921 0.02412	0.13357 0.11305	0.13483 0.01027
oolite_worm_diffuse.png	1.0 1.0	0.05584 0.92968	0.11001 0.95210	0.11001 0.92968
oolite_worm_diffuse.png	1.0 1.0	0.21691 0.84931	0.06719 0.90828	0.17984 0.88257
oolite_worm_diffuse.png	1.0 1.0	0.21707 0.73724	0.06804 0.86241	0.19803 0.79380
oolite_worm_diffuse.png	1.0 1.0	0.64991 0.22839	0.65347 0.19938	0.62109 0.21795
oolite_worm_diffuse.png	1.0 1.0	0.04673 0.98096	0.31370 0.96825	0.04495 0.96825
oolite_worm_diffuse.png	1.0 1.0	0.21081 0.61154	0.05124 0.84560	0.06804 0.86241
oolite_worm_diffuse.png	1.0 1.0	0.64668 0.07140	0.64764 0.04485	0.60171 0.04462
oolite_worm_diffuse.png	1.0 1.0	0.21072 0.57544	0.19201 0.59437	0.21081 0.61154
oolite_worm_diffuse.png	1.0 1.0	0.64764 0.04485	0.64779 0.00164	0.60220 0.02079
oolite_worm_diffuse.png	1.0 1.0	0.03235 0.35032	0.03235 0.38364	0.04055 0.35911
oolite_worm_diffuse.png	1.0 1.0	0.70233 0.55739	0.93537 0.19004	0.69100 0.55208
oolite_worm_diffuse.png	1.0 1.0	0.10740 0.96233	0.11001 0.95210	0.05584 0.95210
oolite_worm_diffuse.png	1.0 1.0	0.63593 0.99776	0.47856 0.60723	0.62206 0.99688
oolite_worm_diffuse.png	1.0 1.0	0.16682 0.34003	0.12014 0.22863	0.09107 0.34003
oolite_worm_diffuse.png	1.0 1.0	0.75306 0.55782	0.95035 0.19709	0.70233 0.55739
oolite_worm_diffuse.png	1.0 1.0	0.67194 0.07833	0.67881 0.05437	0.64764 0.04485
oolite_worm_diffuse.png	1.0 1.0	0.67194 0.07833	0.76992 0.12040	0.76943 0.09209
oolite_worm_diffuse.png	1.0 1.0	0.68140 0.05476	0.76943 0.09209	0.69842 0.01517
oolite_worm_diffuse.png	1.0 1.0	0.10417 0.12200	0.12833 0.11977	0.10710 0.10759
oolite_worm_diffuse.png	1.0 1.0	0.61276 0.60732	0.55612 0.60732	0.63593 0.99776
oolite_worm_diffuse.png	1.0 1.0	0.46653 0.96825	0.46653 0.98096	0.54581 0.96825
oolite_worm_diffuse.png	1.0 1.0	0.17984 0.88257	0.13234 0.90845	0.18085 0.89735
oolite_worm_diffuse.png	1.0 1.0	0.72390 0.25774	0.73283 0.23301	0.64991 0.22839
oolite_worm_diffuse.png	1.0 1.0	0.73283 0.23301	0.76992 0.12040	0.65347 0.19938
oolite_worm_diffuse.png	1.0 1.0	0.77726 0.09307	0.76943 0.09209	0.77704 0.12021
oolite_worm_diffuse.png	1.0 1.0	0.41662 0.96825	0.35643 0.98096	0.41674 0.98096
oolite_worm_diffuse.png	1.0 1.0	0.31370 0.98096	0.35643 0.96825	0.31370 0.96825
oolite_worm_diffuse.png	1.0 1.0	0.06804 0.86241	0.04511 0.86075	0.06719 0.90828
oolite_worm_diffuse.png	1.0 1.0	0.06719 0.90828	0.05655 0.92319	0.13207 0.92333
oolite_worm_diffuse.png	1.0 1.0	0.03879 0.63298	0.03879 0.67411	0.08438 0.63298
oolite_worm_diffuse.png	1.0 1.0	0.96541 0.44740	0.99455 0.47989	0.99455 0.44740
oolite_worm_diffuse.png	1.0 1.0	0.29192 0.50662	0.26150 0.45411	0.26150 0.55910
oolite_worm_diffuse.png	1.0 1.0	0.03879 0.67411	0.03879 0.71495	0.08438 0.67411
oolite_worm_diffuse.png	1.0 1.0	0.08438 0.59171	0.03879 0.59171	0.03879 0.63298
oolite_worm_diffuse.png	1.0 1.0	0.29341 0.51404	0.29693 0.52010	0.28369 0.54287
oolite_worm_diffuse.png	1.0 1.0	0.29693 0.56564	0.32341 0.56564	0.29341 0.57170
oolite_worm_diffuse.png	1.0 1.0	0.99455 0.41496	0.99455 0.38244	0.96541 0.41496
oolite_worm_diffuse.png	1.0 1.0	0.96541 0.51234	0.99455 0.51234	0.96541 0.47989
oolite_worm_diffuse.png	1.0 1.0	0.32341 0.56564	0.34370 0.54287	0.32693 0.57170
oolite_worm_diffuse.png	1.0 1.0	0.20089 0.45411	0.17050 0.50662	0.20089 0.55910
oolite_worm_diffuse.png	1.0 1.0	0.99455 0.38244	0.99455 0.34995	0.96541 0.38244
oolite_worm_diffuse.png	1.0 1.0	0.03879 0.46808	0.08438 0.50922	0.08438 0.46808
oolite_worm_diffuse.png	1.0 1.0	0.08438 0.55044	0.03879 0.55044	0.08438 0.59171
oolite_worm_diffuse.png	1.0 1.0	0.32693 0.51404	0.34370 0.54287	0.32341 0.52010
oolite_worm_diffuse.png	1.0 1.0	0.96541 0.34995	0.99455 0.34995	0.99455 0.31746
oolite_worm_diffuse.png	1.0 1.0	0.08438 0.50922	0.03879 0.50922	0.08438 0.55044
oolite_worm_diffuse.png	1.0 1.0	0.08438 0.63298	0.03879 0.67411	0.08438 0.67411
oolite_worm_diffuse.png	1.0 1.0	0.28369 0.54287	0.29693 0.56564	0.29341 0.57170
oolite_worm_diffuse.png	1.0 1.0	0.99455 0.44740	0.96541 0.41496	0.96541 0.44740
oolite_worm_diffuse.png	1.0 1.0	0.08438 0.67411	0.03879 0.71495	0.08438 0.71495
oolite_worm_diffuse.png	1.0 1.0	0.08438 0.59171	0.03879 0.59171	0.03879 0.63298
oolite_worm_diffuse.png	1.0 1.0	0.29341 0.51404	0.29693 0.52010	0.28369 0.54287
oolite_worm_diffuse.png	1.0 1.0	0.96541 0.47989	0.99455 0.47989	0.96541 0.44740
oolite_worm_diffuse.png	1.0 1.0	0.26150 0.45411	0.20089 0.55910	0.26150 0.55910
oolite_worm_diffuse.png	1.0 1.0	0.99455 0.41496	0.99455 0.38244	0.96541 0.41496
oolite_worm_diffuse.png	1.0 1.0	0.96541 0.31746	0.96541 0.34995	0.99455 0.31746
oolite_worm_diffuse.png	1.0 1.0	0.32341 0.56564	0.34370 0.54287	0.32693 0.57170
oolite_worm_diffuse.png	1.0 1.0	0.96541 0.38244	0.99455 0.34995	0.96541 0.34995
oolite_worm_diffuse.png	1.0 1.0	0.32341 0.52010	0.34370 0.54287	0.33665 0.54287
oolite_worm_diffuse.png	1.0 1.0	0.08438 0.55044	0.03879 0.55044	0.08438 0.59171
oolite_worm_diffuse.png	1.0 1.0	0.08438 0.50922	0.03879 0.50922	0.08438 0.55044
oolite_worm_diffuse.png	1.0 1.0	0.03548 0.63391	0.00345 0.67504	0.03548 0.67504
oolite_worm_diffuse.png	1.0 1.0	0.03548 0.63391	0.03548 0.59264	0.00345 0.63391
oolite_worm_diffuse.png	1.0 1.0	0.93750 0.44780	0.96098 0.48030	0.96098 0.44780
oolite_worm_diffuse.png	1.0 1.0	0.29192 0.50662	0.26150 0.45411	0.26150 0.55910
oolite_worm_diffuse.png	1.0 1.0	0.28369 0.54287	0.29341 0.57170	0.27665 0.54287
oolite_worm_diffuse.png	1.0 1.0	0.03548 0.59264	0.00345 0.55137	0.00345 0.59264
oolite_worm_diffuse.png	1.0 1.0	0.29341 0.51404	0.29693 0.52010	0.28369 0.54287
oolite_worm_diffuse.png	1.0 1.0	0.93750 0.48030	0.96098 0.51275	0.96098 0.48030
oolite_worm_diffuse.png	1.0 1.0	0.26150 0.45411	0.20089 0.45411	0.20089 0.55910
oolite_worm_diffuse.png	1.0 1.0	0.96098 0.41536	0.96098 0.38284	0.93750 0.41536
oolite_worm_diffuse.png	1.0 1.0	0.93750 0.31786	0.93750 0.35036	0.96098 0.31786
oolite_worm_diffuse.png	1.0 1.0	0.32341 0.56564	0.32693 0.57170	0.29341 0.57170
oolite_worm_diffuse.png	1.0 1.0	0.93750 0.38284	0.96098 0.35036	0.93750 0.35036
oolite_worm_diffuse.png	1.0 1.0	0.00345 0.46901	0.03548 0.51015	0.03548 0.46901
oolite_worm_diffuse.png	1.0 1.0	0.32693 0.51404	0.34370 0.54287	0.32341 0.52010
oolite_worm_diffuse.png	1.0 1.0	0.33665 0.54287	0.34370 0.54287	0.32341 0.56564
oolite_worm_diffuse.png	1.0 1.0	0.03548 0.51015	0.00345 0.51015	0.03548 0.55137
oolite_worm_diffuse.png	1.0 1.0	0.00345 0.63391	0.00345 0.67504	0.03548 0.63391
oolite_worm_diffuse.png	1.0 1.0	0.93750 0.44780	0.96098 0.48030	0.96098 0.44780
oolite_worm_diffuse.png	1.0 1.0	0.29192 0.50662	0.26150 0.45411	0.26150 0.55910
oolite_worm_diffuse.png	1.0 1.0	0.96098 0.44780	0.96098 0.41536	0.93750 0.41536
oolite_worm_diffuse.png	1.0 1.0	0.03548 0.67504	0.00345 0.71588	0.03548 0.71588
oolite_worm_diffuse.png	1.0 1.0	0.03548 0.59264	0.00345 0.59264	0.00345 0.63391
oolite_worm_diffuse.png	1.0 1.0	0.93750 0.48030	0.96098 0.51275	0.96098 0.48030
oolite_worm_diffuse.png	1.0 1.0	0.26150 0.45411	0.20089 0.45411	0.20089 0.55910
oolite_worm_diffuse.png	1.0 1.0	0.29693 0.52010	0.32693 0.51404	0.32341 0.52010
oolite_worm_diffuse.png	1.0 1.0	0.93750 0.31786	0.93750 0.35036	0.96098 0.31786
oolite_worm_diffuse.png	1.0 1.0	0.32341 0.56564	0.34370 0.54287	0.32693 0.57170
oolite_worm_diffuse.png	1.0 1.0	0.96098 0.38284	0.96098 0.35036	0.93750 0.38284
oolite_worm_diffuse.png	1.0 1.0	0.03548 0.55137	0.00345 0.55137	0.03548 0.59264
oolite_worm_diffuse.png	1.0 1.0	0.03548 0.51015	0.00345 0.51015	0.03548 0.55137
oolite_worm_diffuse.png	1.0 1.0	0.96431 0.99829	0.98997 0.94419	0.96432 0.94415
oolite_worm_diffuse.png	1.0 1.0	0.96135 0.99169	0.93569 0.99169	0.96135 0.99884
oolite_worm_diffuse.png	1.0 1.0	0.93569 0.87058	0.93569 0.88576	0.96135 0.87058
oolite_worm_diffuse.png	1.0 1.0	0.96135 0.93998	0.93569 0.93193	0.93569 0.93998
oolite_worm_diffuse.png	1.0 1.0	0.99700 0.94657	0.98997 0.94419	0.98997 0.99829
oolite_worm_diffuse.png	1.0 1.0	0.93569 0.88576	0.93569 0.93193	0.96135 0.88576
oolite_worm_diffuse.png	1.0 1.0	0.96434 0.86502	0.98997 0.88033	0.98997 0.86502
oolite_worm_diffuse.png	1.0 1.0	0.98997 0.88033	0.98997 0.92846	0.99782 0.92633
oolite_worm_diffuse.png	1.0 1.0	0.93173 0.92870	0.90607 0.88057	0.90607 0.92870
oolite_worm_diffuse.png	1.0 1.0	0.90607 0.88057	0.89802 0.88032	0.89822 0.92657
oolite_worm_diffuse.png	1.0 1.0	0.99708 0.79181	0.97159 0.74594	0.97141 0.79181
oolite_worm_diffuse.png	1.0 1.0	0.89965 0.93355	0.90607 0.94443	0.90607 0.92870
oolite_worm_diffuse.png	1.0 1.0	0.97159 0.72305	0.97159 0.73076	0.99725 0.72305
oolite_worm_diffuse.png	1.0 1.0	0.90607 0.86526	0.89899 0.86231	0.89904 0.87756
oolite_worm_diffuse.png	1.0 1.0	0.99725 0.74594	0.97159 0.73076	0.97159 0.74594
oolite_worm_diffuse.png	1.0 1.0	0.90607 0.94443	0.93173 0.99853	0.93173 0.94439
oolite_worm_diffuse.png	1.0 1.0	0.97159 0.80016	0.99725 0.85187	0.99725 0.80016
oolite_worm_diffuse.png	1.0 1.0	0.89904 0.94681	0.90607 0.99853	0.90607 0.94443
oolite_worm_diffuse.png	1.0 1.0	0.97159 0.85902	0.99725 0.85187	0.97159 0.85187
oolite_worm_diffuse.png	1.0 1.0	0.92908 0.49960	0.91393 0.41814	0.91393 0.49960
oolite_worm_diffuse.png	1.0 1.0	0.91451 0.49962	0.88442 0.49937	0.89132 0.52194
oolite_worm_diffuse.png	1.0 1.0	0.88442 0.41843	0.91446 0.41816	0.89132 0.39586
oolite_worm_diffuse.png	1.0 1.0	0.32998 0.05515	0.30379 0.03207	0.30379 0.05529
oolite_worm_diffuse.png	1.0 1.0	0.30379 0.05529	0.25704 0.03207	0.25704 0.05529
oolite_worm_diffuse.png	1.0 1.0	0.25704 0.03207	0.23102 0.01765	0.23102 0.05515
oolite_worm_diffuse.png	1.0 1.0	0.30379 0.03207	0.30379 0.00261	0.25704 0.00261
oolite_worm_diffuse.png	1.0 1.0	0.64668 0.07140	0.67194 0.07833	0.64764 0.04485
oolite_worm_diffuse.png	1.0 1.0	0.60018 0.07160	0.64668 0.07140	0.60171 0.04462
oolite_worm_diffuse.png	1.0 1.0	0.58693 0.07459	0.60018 0.07160	0.58793 0.04796
oolite_worm_diffuse.png	1.0 1.0	0.52740 0.07133	0.54065 0.07459	0.53965 0.04796
oolite_worm_diffuse.png	1.0 1.0	0.48090 0.07113	0.52740 0.07133	0.52587 0.04435
oolite_worm_diffuse.png	1.0 1.0	0.45503 0.07801	0.48090 0.07113	0.47994 0.04458
oolite_worm_diffuse.png	1.0 1.0	0.54678 0.91289	0.52254 0.90844	0.53318 0.92335
oolite_worm_diffuse.png	1.0 1.0	0.54462 0.86091	0.52169 0.86257	0.52254 0.90844
oolite_worm_diffuse.png	1.0 1.0	0.53849 0.84576	0.37892 0.61170	0.52169 0.86257
oolite_worm_diffuse.png	1.0 1.0	0.98045 0.60732	0.83774 0.99688	0.99756 0.60565
oolite_worm_diffuse.png	1.0 1.0	0.19044 0.98557	0.23317 0.99828	0.23317 0.98557
oolite_worm_diffuse.png	1.0 1.0	0.52254 0.90844	0.40989 0.88273	0.45739 0.90861
oolite_worm_diffuse.png	1.0 1.0	0.23317 0.98557	0.50014 0.99828	0.50193 0.98557
oolite_worm_diffuse.png	1.0 1.0	0.13025 0.98557	0.13013 0.99828	0.19044 0.99828
oolite_worm_diffuse.png	1.0 1.0	0.35708 0.11947	0.45503 0.07801	0.35760 0.09144
oolite_worm_diffuse.png	1.0 1.0	0.35760 0.09144	0.42185 0.00935	0.35072 0.08823
oolite_worm_diffuse.png	1.0 1.0	0.39462 0.23221	0.47404 0.19864	0.35708 0.11947
oolite_worm_diffuse.png	1.0 1.0	0.40220 0.25682	0.47812 0.22504	0.39462 0.23221
oolite_worm_diffuse.png	1.0 1.0	0.40466 0.26447	0.43476 0.26687	0.42857 0.24590
oolite_worm_diffuse.png	1.0 1.0	0.08034 0.98557	0.08034 0.99828	0.13013 0.99828
oolite_worm_diffuse.png	1.0 1.0	0.40989 0.88273	0.17984 0.88257	0.18085 0.89735
oolite_worm_diffuse.png	1.0 1.0	0.84675 0.60732	0.82420 0.99776	0.90308 0.60732
oolite_worm_diffuse.png	1.0 1.0	0.84675 0.60732	0.61276 0.60732	0.78437 0.99776
oolite_worm_diffuse.png	1.0 1.0	0.14839 0.12042	0.16962 0.10823	0.15784 0.10696
oolite_worm_diffuse.png	1.0 1.0	0.14314 0.11369	0.15751 0.02476	0.14189 0.01091
oolite_worm_diffuse.png	1.0 1.0	0.17949 0.11899	0.20535 0.03661	0.16962 0.10823
oolite_worm_diffuse.png	1.0 1.0	0.44867 0.05409	0.47994 0.04458	0.43589 0.01294
oolite_worm_diffuse.png	1.0 1.0	0.03265 0.14997	0.04085 0.17450	0.04091 0.15059
oolite_worm_diffuse.png	1.0 1.0	0.15784 0.10696	0.20535 0.03661	0.15751 0.02476
oolite_worm_diffuse.png	1.0 1.0	0.37385 0.55661	0.42423 0.55706	0.17774 0.19598
oolite_worm_diffuse.png	1.0 1.0	0.39169 0.79396	0.37282 0.84947	0.52169 0.86257
oolite_worm_diffuse.png	1.0 1.0	0.37884 0.95210	0.43302 0.95210	0.43302 0.92968
oolite_worm_diffuse.png	1.0 1.0	0.37884 0.95210	0.32484 0.95210	0.37671 0.96233
oolite_worm_diffuse.png	1.0 1.0	0.09107 0.59373	0.16682 0.56623	0.09107 0.56623
oolite_worm_diffuse.png	1.0 1.0	0.80668 0.60444	0.86342 0.53203	0.79461 0.59747
oolite_worm_diffuse.png	1.0 1.0	0.38146 0.96233	0.43099 0.96233	0.43302 0.95210
oolite_worm_diffuse.png	1.0 1.0	0.42408 0.55732	0.46358 0.59997	0.43567 0.55192
oolite_worm_diffuse.png	1.0 1.0	0.47994 0.04458	0.52636 0.02052	0.48078 0.00137
oolite_worm_diffuse.png	1.0 1.0	0.03262 0.18331	0.03262 0.22889	0.04450 0.18553
oolite_worm_diffuse.png	1.0 1.0	0.47404 0.19864	0.50346 0.18985	0.45503 0.07801
oolite_worm_diffuse.png	1.0 1.0	0.48090 0.07113	0.52587 0.04435	0.47994 0.04458
oolite_worm_diffuse.png	1.0 1.0	0.37901 0.57561	0.33123 0.60373	0.37892 0.61170
oolite_worm_diffuse.png	1.0 1.0	0.37892 0.61170	0.33123 0.70537	0.37266 0.73740
oolite_worm_diffuse.png	1.0 1.0	0.50412 0.98557	0.54561 0.99828	0.54561 0.98557
oolite_worm_diffuse.png	1.0 1.0	0.09107 0.56623	0.14802 0.51636	0.09107 0.51636
oolite_worm_diffuse.png	1.0 1.0	0.16682 0.56623	0.16682 0.51636	0.14802 0.51636
oolite_worm_diffuse.png	1.0 1.0	0.43610 0.55203	0.49246 0.52940	0.19290 0.18912
oolite_worm_diffuse.png	1.0 1.0	0.43567 0.55192	0.47411 0.59557	0.50027 0.53323
oolite_worm_diffuse.png	1.0 1.0	0.14970 0.00527	0.20535 0.03661	0.21781 0.02275
oolite_worm_diffuse.png	1.0 1.0	0.47812 0.22504	0.50649 0.21795	0.47404 0.19864
oolite_worm_diffuse.png	1.0 1.0	0.37282 0.84947	0.32668 0.88257	0.40989 0.88273
oolite_worm_diffuse.png	1.0 1.0	0.43302 0.95210	0.48465 0.96233	0.48721 0.95210
oolite_worm_diffuse.png	1.0 1.0	0.32484 0.92968	0.32484 0.95210	0.37884 0.92968
oolite_worm_diffuse.png	1.0 1.0	0.32484 0.95210	0.27670 0.95210	0.32266 0.96233
oolite_worm_diffuse.png	1.0 1.0	0.37064 0.84710	0.26687 0.88077	0.32427 0.88079
oolite_worm_diffuse.png	1.0 1.0	0.50369 0.18985	0.53280 0.18985	0.52740 0.07133
oolite_worm_diffuse.png	1.0 1.0	0.50649 0.21795	0.51257 0.27264	0.51229 0.22118
oolite_worm_diffuse.png	1.0 1.0	0.50649 0.21795	0.62109 0.21795	0.50346 0.18985
oolite_worm_diffuse.png	1.0 1.0	0.84393 0.59842	0.92879 0.53177	0.86342 0.53203
oolite_worm_diffuse.png	1.0 1.0	0.51651 0.26504	0.61500 0.27264	0.61107 0.26504
oolite_worm_diffuse.png	1.0 1.0	0.50027 0.53323	0.52311 0.56233	0.52647 0.52067
oolite_worm_diffuse.png	1.0 1.0	0.52203 0.58458	0.60271 0.57452	0.52681 0.57452
oolite_worm_diffuse.png	1.0 1.0	0.52681 0.57452	0.57822 0.51860	0.55111 0.51868
oolite_worm_diffuse.png	1.0 1.0	0.02850 0.28932	0.03012 0.27563	0.01806 0.27578
oolite_worm_diffuse.png	1.0 1.0	0.03262 0.24076	0.03262 0.22889	0.01347 0.22889
oolite_worm_diffuse.png	1.0 1.0	0.52587 0.04435	0.54045 0.03029	0.52636 0.02052
oolite_worm_diffuse.png	1.0 1.0	0.33315 0.57517	0.32428 0.58523	0.33123 0.60373
oolite_worm_diffuse.png	1.0 1.0	0.52740 0.07133	0.54465 0.18462	0.54065 0.07459
oolite_worm_diffuse.png	1.0 1.0	0.52460 0.51685	0.53831 0.51294	0.51257 0.27264
oolite_worm_diffuse.png	1.0 1.0	0.99749 0.12952	0.98093 0.00479	0.98093 0.12952
oolite_worm_diffuse.png	1.0 1.0	0.27665 0.92968	0.21197 0.95210	0.27670 0.95210
oolite_worm_diffuse.png	1.0 1.0	0.33123 0.60373	0.31954 0.60264	0.31954 0.70537
oolite_worm_diffuse.png	1.0 1.0	0.53195 0.59296	0.60681 0.58458	0.52203 0.58458
oolite_worm_diffuse.png	1.0 1.0	0.53836 0.18985	0.58922 0.18985	0.54470 0.18462
oolite_worm_diffuse.png	1.0 1.0	0.32850 0.70744	0.26263 0.70742	0.38836 0.79258
oolite_worm_diffuse.png	1.0 1.0	0.53405 0.47193	0.59352 0.47193	0.51257 0.27264
oolite_worm_diffuse.png	1.0 1.0	0.00082 0.98557	0.00082 0.99828	0.08034 0.99828
oolite_worm_diffuse.png	1.0 1.0	0.48721 0.95210	0.54202 0.95210	0.54202 0.94208
oolite_worm_diffuse.png	1.0 1.0	0.13617 0.50063	0.09107 0.43327	0.09107 0.50063
oolite_worm_diffuse.png	1.0 1.0	0.54045 0.04446	0.58826 0.03042	0.54045 0.03029
oolite_worm_diffuse.png	1.0 1.0	0.76980 0.05263	0.78265 0.00329	0.76975 0.00316
oolite_worm_diffuse.png	1.0 1.0	0.53831 0.51294	0.55043 0.47193	0.53395 0.47193
oolite_worm_diffuse.png	1.0 1.0	0.98091 0.08260	0.92349 0.08256	0.98091 0.09910
oolite_worm_diffuse.png	1.0 1.0	0.80241 0.07482	0.83125 0.04087	0.80241 0.04087
oolite_worm_diffuse.png	1.0 1.0	0.80241 0.04087	0.83125 0.01687	0.80241 0.01694
oolite_worm_diffuse.png	1.0 1.0	0.78731 0.00865	0.78265 0.00329	0.78226 0.05282
oolite_worm_diffuse.png	1.0 1.0	0.01536 0.78854	0.06219 0.78854	0.01536 0.72405
oolite_worm_diffuse.png	1.0 1.0	0.85132 0.05278	0.84627 0.00861	0.83217 0.02478
oolite_worm_diffuse.png	1.0 1.0	0.57822 0.51860	0.60271 0.57452	0.59014 0.51865
oolite_worm_diffuse.png	1.0 1.0	0.83125 0.00990	0.83125 0.00141	0.80241 0.00990
oolite_worm_diffuse.png	1.0 1.0	0.57715 0.51294	0.58927 0.51294	0.57715 0.47193
oolite_worm_diffuse.png	1.0 1.0	0.27019 0.70537	0.25850 0.60357	0.25850 0.70537
oolite_worm_diffuse.png	1.0 1.0	0.28348 0.60264	0.27019 0.60264	0.28348 0.65264
oolite_worm_diffuse.png	1.0 1.0	0.86415 0.05277	0.87672 0.01107	0.86411 0.00332
oolite_worm_diffuse.png	1.0 1.0	0.00421 0.96233	0.05584 0.95210	0.00165 0.95210
oolite_worm_diffuse.png	1.0 1.0	0.58693 0.07459	0.58793 0.04796	0.53965 0.04796
oolite_worm_diffuse.png	1.0 1.0	0.26545 0.58523	0.25850 0.60357	0.27019 0.60264
oolite_worm_diffuse.png	1.0 1.0	0.13617 0.43327	0.09107 0.41710	0.09107 0.43327
oolite_worm_diffuse.png	1.0 1.0	0.02974 0.25899	0.02812 0.24530	0.01782 0.25899
oolite_worm_diffuse.png	1.0 1.0	0.54581 0.96825	0.46653 0.98096	0.54581 0.98096
oolite_worm_diffuse.png	1.0 1.0	0.59478 0.18985	0.60018 0.07160	0.58292 0.18462
oolite_worm_diffuse.png	1.0 1.0	0.25850 0.70537	0.21081 0.61154	0.21707 0.73724
oolite_worm_diffuse.png	1.0 1.0	0.21202 0.95210	0.16619 0.96233	0.21119 0.96233
oolite_worm_diffuse.png	1.0 1.0	0.00127 0.98096	0.04275 0.96825	0.00127 0.96825
oolite_worm_diffuse.png	1.0 1.0	0.25850 0.60357	0.21072 0.57544	0.21081 0.61154
oolite_worm_diffuse.png	1.0 1.0	0.14802 0.41710	0.09107 0.36753	0.09107 0.41710
oolite_worm_diffuse.png	1.0 1.0	0.16682 0.41710	0.16682 0.36753	0.14802 0.41710
oolite_worm_diffuse.png	1.0 1.0	0.60220 0.04473	0.60220 0.02079	0.58826 0.03042
oolite_worm_diffuse.png	1.0 1.0	0.01320 0.30473	0.03235 0.30473	0.03235 0.29286
oolite_worm_diffuse.png	1.0 1.0	0.03235 0.30473	0.03235 0.35032	0.04423 0.34810
oolite_worm_diffuse.png	1.0 1.0	0.66309 0.60013	0.69100 0.55208	0.65256 0.59573
oolite_worm_diffuse.png	1.0 1.0	0.67251 0.60509	0.75306 0.55782	0.70233 0.55739
oolite_worm_diffuse.png	1.0 1.0	0.62640 0.53339	0.69100 0.55208	0.60298 0.51745
oolite_worm_diffuse.png	1.0 1.0	0.61107 0.26504	0.61528 0.22118	0.51229 0.22118
oolite_worm_diffuse.png	1.0 1.0	0.63408 0.52963	0.72201 0.26448	0.60298 0.51745
oolite_worm_diffuse.png	1.0 1.0	0.61500 0.27264	0.62109 0.21795	0.61528 0.22118
oolite_worm_diffuse.png	1.0 1.0	0.67512 0.99776	0.61276 0.60732	0.63593 0.99776
oolite_worm_diffuse.png	1.0 1.0	0.62109 0.21795	0.65347 0.19938	0.62412 0.18985
oolite_worm_diffuse.png	1.0 1.0	0.05786 0.96233	0.10740 0.96233	0.05584 0.95210
oolite_worm_diffuse.png	1.0 1.0	0.64325 0.27136	0.64991 0.22839	0.61500 0.27264
oolite_worm_diffuse.png	1.0 1.0	0.05359 0.03082	0.09723 0.11835	0.07137 0.03597
oolite_worm_diffuse.png	1.0 1.0	0.11921 0.02412	0.12702 0.00463	0.07137 0.03597
oolite_worm_diffuse.png	1.0 1.0	0.21691 0.84931	0.17984 0.88257	0.26305 0.88257
oolite_worm_diffuse.png	1.0 1.0	0.05584 0.95210	0.11001 0.95210	0.05584 0.92968
oolite_worm_diffuse.png	1.0 1.0	0.16401 0.92968	0.16401 0.95210	0.21202 0.95210
oolite_worm_diffuse.png	1.0 1.0	0.16401 0.95210	0.11215 0.96233	0.16169 0.96233
oolite_worm_diffuse.png	1.0 1.0	0.64991 0.22839	0.73283 0.23301	0.65347 0.19938
oolite_worm_diffuse.png	1.0 1.0	0.69100 0.55208	0.93537 0.19004	0.63408 0.52963
oolite_worm_diffuse.png	1.0 1.0	0.16682 0.36753	0.09107 0.34003	0.09107 0.36753
oolite_worm_diffuse.png	1.0 1.0	0.04055 0.35911	0.03235 0.38364	0.04061 0.38302
oolite_worm_diffuse.png	1.0 1.0	0.04673 0.98096	0.31370 0.98096	0.31370 0.96825
oolite_worm_diffuse.png	1.0 1.0	0.65347 0.19938	0.76992 0.12040	0.67194 0.07833
oolite_worm_diffuse.png	1.0 1.0	0.64764 0.04485	0.69203 0.01322	0.66017 0.00348
oolite_worm_diffuse.png	1.0 1.0	0.70233 0.55739	0.95035 0.19709	0.93537 0.19004
oolite_worm_diffuse.png	1.0 1.0	0.98573 0.60468	0.99721 0.59762	0.92879 0.53177
oolite_worm_diffuse.png	1.0 1.0	0.70487 0.01073	0.76943 0.09209	0.77631 0.08888
oolite_worm_diffuse.png	1.0 1.0	0.11001 0.92968	0.11001 0.95210	0.16401 0.95210
oolite_worm_diffuse.png	1.0 1.0	0.19803 0.79380	0.06804 0.86241	0.21691 0.84931
oolite_worm_diffuse.png	1.0 1.0	0.75306 0.55782	0.99421 0.22452	0.95035 0.19709
oolite_worm_diffuse.png	1.0 1.0	0.10710 0.10759	0.11887 0.10632	0.07137 0.03597
oolite_worm_diffuse.png	1.0 1.0	0.11887 0.10632	0.13357 0.11305	0.11921 0.02412
oolite_worm_diffuse.png	1.0 1.0	0.67194 0.07833	0.76943 0.09209	0.68140 0.05476
oolite_worm_diffuse.png	1.0 1.0	0.19201 0.59437	0.05124 0.84560	0.21081 0.61154
oolite_worm_diffuse.png	1.0 1.0	0.46653 0.96825	0.41674 0.98096	0.46653 0.98096
oolite_worm_diffuse.png	1.0 1.0	0.12014 0.22863	0.09107 0.21711	0.09107 0.34003
oolite_worm_diffuse.png	1.0 1.0	0.76943 0.09209	0.76992 0.12040	0.77704 0.12021
oolite_worm_diffuse.png	1.0 1.0	0.13234 0.90845	0.13207 0.92333	0.18085 0.89735
oolite_worm_diffuse.png	1.0 1.0	0.55586 0.60732	0.47856 0.60723	0.63593 0.99776
oolite_worm_diffuse.png	1.0 1.0	0.35643 0.96825	0.35643 0.98096	0.41662 0.96825
oolite_worm_diffuse.png	1.0 1.0	0.05124 0.84560	0.04511 0.86075	0.06804 0.86241
oolite_worm_diffuse.png	1.0 1.0	0.04511 0.86075	0.04294 0.91272	0.06719 0.90828
oolite_worm_diffuse.png	1.0 1.0	0.08438 0.63298	0.03879 0.67411	0.08438 0.67411
oolite_worm_diffuse.png	1.0 1.0	0.08438 0.63298	0.08438 0.59171	0.03879 0.63298
oolite_worm_diffuse.png	1.0 1.0	0.27665 0.54287	0.29341 0.51404	0.28369 0.54287
oolite_worm_diffuse.png	1.0 1.0	0.28369 0.54287	0.29693 0.56564	0.29341 0.57170
oolite_worm_diffuse.png	1.0 1.0	0.99455 0.44740	0.96541 0.41496	0.96541 0.44740
oolite_worm_diffuse.png	1.0 1.0	0.08438 0.67411	0.03879 0.71495	0.08438 0.71495
oolite_worm_diffuse.png	1.0 1.0	0.08438 0.59171	0.03879 0.55044	0.03879 0.59171
oolite_worm_diffuse.png	1.0 1.0	0.96541 0.47989	0.99455 0.51234	0.99455 0.47989
oolite_worm_diffuse.png	1.0 1.0	0.26150 0.45411	0.20089 0.55910	0.26150 0.55910
oolite_worm_diffuse.png	1.0 1.0	0.96541 0.41496	0.99455 0.38244	0.96541 0.38244
oolite_worm_diffuse.png	1.0 1.0	0.29693 0.52010	0.32693 0.51404	0.32341 0.52010
oolite_worm_diffuse.png	1.0 1.0	0.96541 0.31746	0.96541 0.34995	0.99455 0.31746
oolite_worm_diffuse.png	1.0 1.0	0.32341 0.56564	0.32693 0.57170	0.29341 0.57170
oolite_worm_diffuse.png	1.0 1.0	0.96541 0.38244	0.99455 0.34995	0.96541 0.34995
oolite_worm_diffuse.png	1.0 1.0	0.32341 0.52010	0.34370 0.54287	0.33665 0.54287
oolite_worm_diffuse.png	1.0 1.0	0.03879 0.46808	0.03879 0.50922	0.08438 0.50922
oolite_worm_diffuse.png	1.0 1.0	0.08438 0.55044	0.03879 0.50922	0.03879 0.55044
oolite_worm_diffuse.png	1.0 1.0	0.03879 0.63298	0.03879 0.67411	0.08438 0.63298
oolite_worm_diffuse.png	1.0 1.0	0.27665 0.54287	0.29341 0.51404	0.28369 0.54287
oolite_worm_diffuse.png	1.0 1.0	0.96541 0.44740	0.99455 0.47989	0.99455 0.44740
oolite_worm_diffuse.png	1.0 1.0	0.29192 0.50662	0.26150 0.45411	0.26150 0.55910
oolite_worm_diffuse.png	1.0 1.0	0.99455 0.44740	0.99455 0.41496	0.96541 0.41496
oolite_worm_diffuse.png	1.0 1.0	0.03879 0.67411	0.03879 0.71495	0.08438 0.67411
oolite_worm_diffuse.png	1.0 1.0	0.08438 0.59171	0.03879 0.55044	0.03879 0.59171
oolite_worm_diffuse.png	1.0 1.0	0.29693 0.56564	0.32341 0.56564	0.29341 0.57170
oolite_worm_diffuse.png	1.0 1.0	0.26150 0.45411	0.20089 0.45411	0.20089 0.55910
oolite_worm_diffuse.png	1.0 1.0	0.29693 0.52010	0.32693 0.51404	0.32341 0.52010
oolite_worm_diffuse.png	1.0 1.0	0.96541 0.51234	0.99455 0.51234	0.96541 0.47989
oolite_worm_diffuse.png	1.0 1.0	0.99455 0.38244	0.99455 0.34995	0.96541 0.38244
oolite_worm_diffuse.png	1.0 1.0	0.03879 0.46808	0.03879 0.50922	0.08438 0.50922
oolite_worm_diffuse.png	1.0 1.0	0.08438 0.55044	0.03879 0.50922	0.03879 0.55044
oolite_worm_diffuse.png	1.0 1.0	0.96541 0.34995	0.99455 0.34995	0.99455 0.31746
oolite_worm_diffuse.png	1.0 1.0	0.00345 0.63391	0.00345 0.67504	0.03548 0.63391
oolite_worm_diffuse.png	1.0 1.0	0.96098 0.44780	0.93750 0.41536	0.93750 0.44780
oolite_worm_diffuse.png	1.0 1.0	0.00345 0.67504	0.00345 0.71588	0.03548 0.67504
oolite_worm_diffuse.png	1.0 1.0	0.03548 0.59264	0.00345 0.59264	0.00345 0.63391
oolite_worm_diffuse.png	1.0 1.0	0.29341 0.51404	0.32693 0.51404	0.29693 0.52010
oolite_worm_diffuse.png	1.0 1.0	0.93750 0.48030	0.96098 0.48030	0.93750 0.44780
oolite_worm_diffuse.png	1.0 1.0	0.29693 0.56564	0.32341 0.56564	0.29341 0.57170
oolite_worm_diffuse.png	1.0 1.0	0.26150 0.45411	0.20089 0.55910	0.26150 0.55910
oolite_worm_diffuse.png	1.0 1.0	0.93750 0.41536	0.96098 0.38284	0.93750 0.38284
oolite_worm_diffuse.png	1.0 1.0	0.20089 0.45411	0.17050 0.50662	0.20089 0.55910
oolite_worm_diffuse.png	1.0 1.0	0.32341 0.52010	0.34370 0.54287	0.33665 0.54287
oolite_worm_diffuse.png	1.0 1.0	0.00345 0.46901	0.00345 0.51015	0.03548 0.51015
oolite_worm_diffuse.png	1.0 1.0	0.03548 0.55137	0.00345 0.55137	0.03548 0.59264
oolite_worm_diffuse.png	1.0 1.0	0.93750 0.35036	0.96098 0.35036	0.96098 0.31786
oolite_worm_diffuse.png	1.0 1.0	0.03548 0.63391	0.00345 0.67504	0.03548 0.67504
oolite_worm_diffuse.png	1.0 1.0	0.03548 0.63391	0.03548 0.59264	0.00345 0.63391
oolite_worm_diffuse.png	1.0 1.0	0.28369 0.54287	0.29341 0.57170	0.27665 0.54287
oolite_worm_diffuse.png	1.0 1.0	0.96098 0.44780	0.93750 0.41536	0.93750 0.44780
oolite_worm_diffuse.png	1.0 1.0	0.29341 0.51404	0.32693 0.51404	0.29693 0.52010
oolite_worm_diffuse.png	1.0 1.0	0.93750 0.48030	0.96098 0.48030	0.93750 0.44780
oolite_worm_diffuse.png	1.0 1.0	0.26150 0.45411	0.20089 0.55910	0.26150 0.55910
oolite_worm_diffuse.png	1.0 1.0	0.93750 0.41536	0.96098 0.38284	0.93750 0.38284
oolite_worm_diffuse.png	1.0 1.0	0.32341 0.56564	0.32693 0.57170	0.29341 0.57170
oolite_worm_diffuse.png	1.0 1.0	0.93750 0.38284	0.96098 0.35036	0.93750 0.35036
oolite_worm_diffuse.png	1.0 1.0	0.00345 0.46901	0.00345 0.51015	0.03548 0.51015
oolite_worm_diffuse.png	1.0 1.0	0.32693 0.51404	0.34370 0.54287	0.32341 0.52010
oolite_worm_diffuse.png	1.0 1.0	0.33665 0.54287	0.34370 0.54287	0.32341 0.56564
oolite_worm_diffuse.png	1.0 1.0	0.98997 0.99829	0.98997 0.94419	0.96431 0.99829
oolite_worm_diffuse.png	1.0 1.0	0.96135 0.99169	0.96135 0.93998	0.93569 0.99169
oolite_worm_diffuse.png	1.0 1.0	0.99700 0.99834	0.99700 0.94657	0.98997 0.99829
oolite_worm_diffuse.png	1.0 1.0	0.96135 0.87058	0.93569 0.88576	0.96135 0.88576
oolite_worm_diffuse.png	1.0 1.0	0.96135 0.86287	0.93569 0.86287	0.96135 0.87058
oolite_worm_diffuse.png	1.0 1.0	0.98997 0.86502	0.98997 0.88033	0.99700 0.87732
oolite_worm_diffuse.png	1.0 1.0	0.96135 0.93193	0.93569 0.93193	0.96135 0.93998
oolite_worm_diffuse.png	1.0 1.0	0.99639 0.93331	0.98997 0.92846	0.98997 0.94419
oolite_worm_diffuse.png	1.0 1.0	0.96432 0.92846	0.98997 0.92846	0.98997 0.88033
oolite_worm_diffuse.png	1.0 1.0	0.90607 0.92870	0.90607 0.94443	0.93173 0.94439
oolite_worm_diffuse.png	1.0 1.0	0.90607 0.88057	0.89822 0.92657	0.90607 0.92870
oolite_worm_diffuse.png	1.0 1.0	0.99708 0.79181	0.99725 0.74594	0.97159 0.74594
oolite_worm_diffuse.png	1.0 1.0	0.90607 0.86526	0.89904 0.87756	0.90607 0.88057
oolite_worm_diffuse.png	1.0 1.0	0.99725 0.74594	0.99725 0.73076	0.97159 0.73076
oolite_worm_diffuse.png	1.0 1.0	0.90607 0.94443	0.90607 0.99853	0.93173 0.99853
oolite_worm_diffuse.png	1.0 1.0	0.97159 0.80016	0.99725 0.80016	0.99708 0.79181
oolite_worm_diffuse.png	1.0 1.0	0.89904 0.94681	0.89904 0.99858	0.90607 0.99853
oolite_worm_diffuse.png	1.0 1.0	0.97159 0.85187	0.99725 0.85187	0.97159 0.80016
oolite_worm_diffuse.png	1.0 1.0	0.91451 0.49962	0.89132 0.52194	0.91877 0.51354
oolite_worm_diffuse.png	1.0 1.0	0.88469 0.49960	0.86127 0.41814	0.86127 0.49960
oolite_worm_diffuse.png	1.0 1.0	0.88469 0.49960	0.91393 0.41814	0.88469 0.41814
oolite_worm_diffuse.png	1.0 1.0	0.89132 0.39586	0.91446 0.41816	0.91871 0.40423
oolite_worm_diffuse.png	1.0 1.0	0.30379 0.05529	0.30379 0.03207	0.25704 0.03207
oolite_worm_diffuse.png	1.0 1.0	0.17774 0.19598	0.42423 0.55706	0.19290 0.18912
oolite_worm_diffuse.png	1.0 1.0	0.53849 0.84576	0.52169 0.86257	0.54462 0.86091
oolite_worm_diffuse.png	1.0 1.0	0.52254 0.90844	0.37282 0.84947	0.40989 0.88273
oolite_worm_diffuse.png	1.0 1.0	0.19044 0.99828	0.23317 0.99828	0.19044 0.98557
oolite_worm_diffuse.png	1.0 1.0	0.52254 0.90844	0.45739 0.90861	0.45766 0.92350
oolite_worm_diffuse.png	1.0 1.0	0.52169 0.86257	0.37266 0.73740	0.39169 0.79396
oolite_worm_diffuse.png	1.0 1.0	0.90299 0.60732	0.82420 0.99776	0.98045 0.60732
oolite_worm_diffuse.png	1.0 1.0	0.35760 0.09144	0.34977 0.09242	0.35000 0.11956
oolite_worm_diffuse.png	1.0 1.0	0.40989 0.88273	0.18085 0.89735	0.40888 0.89735
oolite_worm_diffuse.png	1.0 1.0	0.44549 0.05414	0.42847 0.01455	0.35760 0.09144
oolite_worm_diffuse.png	1.0 1.0	0.45503 0.07801	0.50346 0.18985	0.48090 0.07113
oolite_worm_diffuse.png	1.0 1.0	0.37385 0.55661	0.45406 0.60475	0.42423 0.55706
oolite_worm_diffuse.png	1.0 1.0	0.37884 0.95210	0.43302 0.92968	0.37884 0.92968
oolite_worm_diffuse.png	1.0 1.0	0.16682 0.59373	0.09107 0.59373	0.12014 0.70507
oolite_worm_diffuse.png	1.0 1.0	0.38836 0.79258	0.22049 0.84708	0.37064 0.84710
oolite_worm_diffuse.png	1.0 1.0	0.03262 0.18331	0.04085 0.17450	0.03265 0.14997
oolite_worm_diffuse.png	1.0 1.0	0.37901 0.57561	0.37892 0.61170	0.39772 0.59453
oolite_worm_diffuse.png	1.0 1.0	0.37892 0.61170	0.33123 0.60373	0.33123 0.70537
oolite_worm_diffuse.png	1.0 1.0	0.47812 0.22504	0.51257 0.27264	0.50649 0.21795
oolite_worm_diffuse.png	1.0 1.0	0.43302 0.95210	0.48721 0.95210	0.48721 0.92968
oolite_worm_diffuse.png	1.0 1.0	0.48432 0.27109	0.40466 0.26447	0.52460 0.51685
oolite_worm_diffuse.png	1.0 1.0	0.37064 0.73806	0.32850 0.70744	0.38836 0.79258
oolite_worm_diffuse.png	1.0 1.0	0.84393 0.59842	0.86342 0.53203	0.80668 0.60444
oolite_worm_diffuse.png	1.0 1.0	0.84393 0.59842	0.94889 0.59842	0.92879 0.53177
oolite_worm_diffuse.png	1.0 1.0	0.51257 0.27264	0.61500 0.27264	0.51651 0.26504
oolite_worm_diffuse.png	1.0 1.0	0.51651 0.26504	0.61107 0.26504	0.51229 0.22118
oolite_worm_diffuse.png	1.0 1.0	0.50027 0.53323	0.52460 0.51685	0.43567 0.55192
oolite_worm_diffuse.png	1.0 1.0	0.52681 0.57452	0.55111 0.51868	0.53891 0.51839
oolite_worm_diffuse.png	1.0 1.0	0.09107 0.51636	0.13617 0.50063	0.09107 0.50063
oolite_worm_diffuse.png	1.0 1.0	0.03262 0.24076	0.01347 0.22889	0.01331 0.24076
oolite_worm_diffuse.png	1.0 1.0	0.52460 0.51685	0.40466 0.26447	0.49246 0.52940
oolite_worm_diffuse.png	1.0 1.0	0.27665 0.92968	0.27670 0.95210	0.32484 0.92968
oolite_worm_diffuse.png	1.0 1.0	0.27670 0.95210	0.21593 0.96233	0.27280 0.96233
oolite_worm_diffuse.png	1.0 1.0	0.48721 0.95210	0.54202 0.94208	0.48721 0.94208
oolite_worm_diffuse.png	1.0 1.0	0.54045 0.04446	0.54045 0.03029	0.52587 0.04435
oolite_worm_diffuse.png	1.0 1.0	0.58826 0.01843	0.54045 0.03029	0.58826 0.03042
oolite_worm_diffuse.png	1.0 1.0	0.54065 0.07459	0.58693 0.07459	0.53965 0.04796
oolite_worm_diffuse.png	1.0 1.0	0.48980 0.96233	0.53942 0.96233	0.48721 0.95210
oolite_worm_diffuse.png	1.0 1.0	0.54470 0.18462	0.58922 0.18985	0.58288 0.18462
oolite_worm_diffuse.png	1.0 1.0	0.98091 0.02135	0.92349 0.08256	0.98091 0.08260
oolite_worm_diffuse.png	1.0 1.0	0.98091 0.02135	0.92349 0.00476	0.92349 0.02131
oolite_worm_diffuse.png	1.0 1.0	0.01536 0.78854	0.01536 0.72405	0.00192 0.79158
oolite_worm_diffuse.png	1.0 1.0	0.85132 0.05278	0.86411 0.00332	0.85121 0.00334
oolite_worm_diffuse.png	1.0 1.0	0.83125 0.01687	0.83125 0.00990	0.80241 0.01694
oolite_worm_diffuse.png	1.0 1.0	0.07563 0.79203	0.06219 0.72405	0.06219 0.78854
oolite_worm_diffuse.png	1.0 1.0	0.28348 0.65264	0.27019 0.60264	0.27019 0.65264
oolite_worm_diffuse.png	1.0 1.0	0.58292 0.18462	0.58693 0.07459	0.54065 0.07459
oolite_worm_diffuse.png	1.0 1.0	0.58826 0.04446	0.60220 0.04473	0.58826 0.03042
oolite_worm_diffuse.png	1.0 1.0	0.00165 0.92968	0.05584 0.95210	0.05584 0.92968
oolite_worm_diffuse.png	1.0 1.0	0.92879 0.53177	0.99721 0.59762	0.93994 0.52480
oolite_worm_diffuse.png	1.0 1.0	0.90691 0.12949	0.92347 0.00476	0.90691 0.00476
oolite_worm_diffuse.png	1.0 1.0	0.21202 0.92968	0.16401 0.92968	0.21202 0.95210
oolite_worm_diffuse.png	1.0 1.0	0.00127 0.98096	0.04673 0.98096	0.04275 0.96825
oolite_worm_diffuse.png	1.0 1.0	0.60298 0.51745	0.64325 0.27136	0.61500 0.27264
oolite_worm_diffuse.png	1.0 1.0	0.25658 0.57500	0.21072 0.57544	0.25850 0.60357
oolite_worm_diffuse.png	1.0 1.0	0.01305 0.29286	0.01320 0.30473	0.03235 0.29286
oolite_worm_diffuse.png	1.0 1.0	0.60220 0.04473	0.64764 0.04485	0.60220 0.02079
oolite_worm_diffuse.png	1.0 1.0	0.60220 0.02079	0.64779 0.00164	0.60226 0.00165
oolite_worm_diffuse.png	1.0 1.0	0.65256 0.59573	0.62640 0.53339	0.60356 0.56249
oolite_worm_diffuse.png	1.0 1.0	0.66309 0.60013	0.70259 0.55747	0.69100 0.55208
oolite_worm_diffuse.png	1.0 1.0	0.61500 0.27264	0.64991 0.22839	0.62109 0.21795
oolite_worm_diffuse.png	1.0 1.0	0.61528 0.22118	0.62109 0.21795	0.50649 0.21795
oolite_worm_diffuse.png	1.0 1.0	0.62389 0.18985	0.64668 0.07140	0.60018 0.07160
oolite_worm_diffuse.png	1.0 1.0	0.05374 0.96233	0.05584 0.95210	0.00421 0.96233
oolite_worm_diffuse.png	1.0 1.0	0.22049 0.73804	0.20277 0.79256	0.38836 0.79258
oolite_worm_diffuse.png	1.0 1.0	0.07137 0.03597	0.09723 0.11835	0.10710 0.10759
oolite_worm_diffuse.png	1.0 1.0	0.16401 0.92968	0.11001 0.92968	0.16401 0.95210
oolite_worm_diffuse.png	1.0 1.0	0.16401 0.95210	0.11001 0.95210	0.11215 0.96233
oolite_worm_diffuse.png	1.0 1.0	0.21081 0.61154	0.06804 0.86241	0.21707 0.73724
oolite_worm_diffuse.png	1.0 1.0	0.65347 0.19938	0.67194 0.07833	0.62412 0.18985
oolite_worm_diffuse.png	1.0 1.0	0.16682 0.34003	0.09107 0.34003	0.16682 0.36753
oolite_worm_diffuse.png	1.0 1.0	0.10710 0.10759	0.12833 0.11977	0.11887 0.10632
oolite_worm_diffuse.png	1.0 1.0	0.67881 0.05437	0.69203 0.01322	0.64764 0.04485
oolite_worm_diffuse.png	1.0 1.0	0.69842 0.01517	0.76943 0.09209	0.70487 0.01073
oolite_worm_diffuse.png	1.0 1.0	0.69355 0.26747	0.72201 0.26448	0.69915 0.24824
oolite_worm_diffuse.png	1.0 1.0	0.69915 0.24824	0.72201 0.26448	0.72390 0.25774
oolite_worm_diffuse.png	1.0 1.0	0.17984 0.88257	0.06719 0.90828	0.13234 0.90845
oolite_worm_diffuse.png	1.0 1.0	0.13234 0.90845	0.06719 0.90828	0.13207 0.92333
oolite_worm_diffuse.png	1.0 1.0	0.06804 0.86241	0.06719 0.90828	0.21691 0.84931
oolite_worm_diffuse.png	1.0 1.0	0.31370 0.98096	0.35643 0.98096	0.35643 0.96825
oolite_worm_diffuse.png	1.0 1.0	0.06719 0.90828	0.04294 0.91272	0.05655 0.92319
oolite_worm_diffuse.png	1.0 1.0	0.47856 0.60723	0.46139 0.60661	0.62206 0.99688
oolite_worm_diffuse.png	1.0 1.0	0.28369 0.54287	0.29341 0.57170	0.27665 0.54287
oolite_worm_diffuse.png	1.0 1.0	0.99455 0.44740	0.99455 0.41496	0.96541 0.41496
oolite_worm_diffuse.png	1.0 1.0	0.29341 0.51404	0.32693 0.51404	0.29693 0.52010
oolite_worm_diffuse.png	1.0 1.0	0.96541 0.47989	0.99455 0.47989	0.96541 0.44740
oolite_worm_diffuse.png	1.0 1.0	0.26150 0.45411	0.20089 0.45411	0.20089 0.55910
oolite_worm_diffuse.png	1.0 1.0	0.33665 0.54287	0.34370 0.54287	0.32341 0.56564
oolite_worm_diffuse.png	1.0 1.0	0.08438 0.63298	0.08438 0.59171	0.03879 0.63298
oolite_worm_diffuse.png	1.0 1.0	0.28369 0.54287	0.29341 0.57170	0.27665 0.54287
oolite_worm_diffuse.png	1.0 1.0	0.29341 0.51404	0.32693 0.51404	0.29693 0.52010
oolite_worm_diffuse.png	1.0 1.0	0.96541 0.47989	0.99455 0.51234	0.99455 0.47989
oolite_worm_diffuse.png	1.0 1.0	0.96541 0.41496	0.99455 0.38244	0.96541 0.38244
oolite_worm_diffuse.png	1.0 1.0	0.32341 0.56564	0.32693 0.57170	0.29341 0.57170
oolite_worm_diffuse.png	1.0 1.0	0.20089 0.45411	0.17050 0.50662	0.20089 0.55910
oolite_worm_diffuse.png	1.0 1.0	0.03879 0.46808	0.08438 0.50922	0.08438 0.46808
oolite_worm_diffuse.png	1.0 1.0	0.32693 0.51404	0.34370 0.54287	0.32341 0.52010
oolite_worm_diffuse.png	1.0 1.0	0.33665 0.54287	0.34370 0.54287	0.32341 0.56564
oolite_worm_diffuse.png	1.0 1.0	0.27665 0.54287	0.29341 0.51404	0.28369 0.54287
oolite_worm_diffuse.png	1.0 1.0	0.28369 0.54287	0.29693 0.56564	0.29341 0.57170
oolite_worm_diffuse.png	1.0 1.0	0.96098 0.44780	0.96098 0.41536	0.93750 0.41536
oolite_worm_diffuse.png	1.0 1.0	0.29693 0.52010	0.32693 0.51404	0.32341 0.52010
oolite_worm_diffuse.png	1.0 1.0	0.93750 0.51275	0.96098 0.51275	0.93750 0.48030
oolite_worm_diffuse.png	1.0 1.0	0.32341 0.56564	0.34370 0.54287	0.32693 0.57170
oolite_worm_diffuse.png	1.0 1.0	0.96098 0.38284	0.96098 0.35036	0.93750 0.38284
oolite_worm_diffuse.png	1.0 1.0	0.03548 0.55137	0.00345 0.51015	0.00345 0.55137
oolite_worm_diffuse.png	1.0 1.0	0.00345 0.67504	0.00345 0.71588	0.03548 0.67504
oolite_worm_diffuse.png	1.0 1.0	0.03548 0.59264	0.00345 0.55137	0.00345 0.59264
oolite_worm_diffuse.png	1.0 1.0	0.29341 0.51404	0.29693 0.52010	0.28369 0.54287
oolite_worm_diffuse.png	1.0 1.0	0.29693 0.56564	0.32341 0.56564	0.29341 0.57170
oolite_worm_diffuse.png	1.0 1.0	0.96098 0.41536	0.96098 0.38284	0.93750 0.41536
oolite_worm_diffuse.png	1.0 1.0	0.93750 0.51275	0.96098 0.51275	0.93750 0.48030
oolite_worm_diffuse.png	1.0 1.0	0.20089 0.45411	0.17050 0.50662	0.20089 0.55910
oolite_worm_diffuse.png	1.0 1.0	0.32341 0.52010	0.34370 0.54287	0.33665 0.54287
oolite_worm_diffuse.png	1.0 1.0	0.00345 0.46901	0.03548 0.51015	0.03548 0.46901
oolite_worm_diffuse.png	1.0 1.0	0.03548 0.55137	0.00345 0.51015	0.00345 0.55137
oolite_worm_diffuse.png	1.0 1.0	0.93750 0.35036	0.96098 0.35036	0.96098 0.31786
oolite_worm_diffuse.png	1.0 1.0	0.96135 0.99884	0.93569 0.99169	0.93569 0.99884
oolite_worm_diffuse.png	1.0 1.0	0.99706 0.86207	0.98997 0.86502	0.99700 0.87732
oolite_worm_diffuse.png	1.0 1.0	0.96135 0.93998	0.93569 0.93998	0.93569 0.99169
oolite_worm_diffuse.png	1.0 1.0	0.99695 0.94134	0.99639 0.93331	0.98997 0.94419
oolite_worm_diffuse.png	1.0 1.0	0.96432 0.94415	0.98997 0.92846	0.96432 0.92846
oolite_worm_diffuse.png	1.0 1.0	0.99802 0.88008	0.98997 0.88033	0.99782 0.92633
oolite_worm_diffuse.png	1.0 1.0	0.96432 0.88029	0.98997 0.88033	0.96434 0.86502
oolite_worm_diffuse.png	1.0 1.0	0.96432 0.88029	0.96432 0.92846	0.98997 0.88033
oolite_worm_diffuse.png	1.0 1.0	0.97141 0.79181	0.97159 0.80016	0.99708 0.79181
oolite_worm_diffuse.png	1.0 1.0	0.89965 0.93355	0.89909 0.94158	0.90607 0.94443
oolite_worm_diffuse.png	1.0 1.0	0.93170 0.86526	0.90607 0.86526	0.90607 0.88057
oolite_worm_diffuse.png	1.0 1.0	0.97159 0.73076	0.99725 0.73076	0.99725 0.72305
oolite_worm_diffuse.png	1.0 1.0	0.99725 0.85902	0.99725 0.85187	0.97159 0.85902
oolite_worm_diffuse.png	1.0 1.0	0.91393 0.49960	0.91393 0.41814	0.88469 0.49960
oolite_worm_diffuse.png	1.0 1.0	0.88469 0.49960	0.88469 0.41814	0.86127 0.41814
oolite_worm_diffuse.png	1.0 1.0	0.92908 0.41814	0.91393 0.41814	0.92908 0.49960
oolite_worm_diffuse.png	1.0 1.0	0.25704 0.05529	0.25704 0.03207	0.23102 0.05515
oolite_worm_diffuse.png	1.0 1.0	0.32998 0.05515	0.32998 0.01765	0.30379 0.03207
oolite_worm_diffuse.png	1.0 1.0	0.30379 0.03207	0.25704 0.00261	0.25704 0.03207
oolite_worm_diffuse.png	1.0 1.0	0.45739 0.90861	0.40888 0.89735	0.45766 0.92350
oolite_worm_diffuse.png	1.0 1.0	0.35760 0.09144	0.45503 0.07801	0.44549 0.05414
oolite_worm_diffuse.png	1.0 1.0	0.48432 0.27109	0.52460 0.51685	0.51257 0.27264
oolite_worm_diffuse.png	1.0 1.0	0.30625 0.65264	0.31954 0.60264	0.30625 0.60264
oolite_worm_diffuse.png	1.0 1.0	0.31954 0.65264	0.31954 0.60264	0.30625 0.65264
oolite_worm_diffuse.png	1.0 1.0	0.98091 0.02135	0.98091 0.00479	0.92349 0.00476
oolite_worm_diffuse.png	1.0 1.0	0.27019 0.70537	0.31954 0.70537	0.27019 0.65264
oolite_worm_diffuse.png	1.0 1.0	0.27019 0.65264	0.31954 0.70537	0.31954 0.65264
oolite_worm_diffuse.png	1.0 1.0	0.27019 0.60264	0.31954 0.60264	0.26545 0.58523
oolite_worm_diffuse.png	1.0 1.0	0.46653 0.96825	0.41662 0.96825	0.41674 0.98096
oolite_worm_diffuse.png	1.0 1.0	0.03548 0.67504	0.00345 0.71588	0.03548 0.71588
oolite_worm_diffuse.png	1.0 1.0	0.27665 0.54287	0.29341 0.51404	0.28369 0.54287
oolite_worm_diffuse.png	1.0 1.0	0.28369 0.54287	0.29693 0.56564	0.29341 0.57170
oolite_worm_diffuse.png	1.0 1.0	0.96135 0.87058	0.93569 0.86287	0.93569 0.87058
oolite_worm_diffuse.png	1.0 1.0	0.98997 0.94419	0.98997 0.92846	0.96432 0.94415
oolite_worm_diffuse.png	1.0 1.0	0.96135 0.88576	0.93569 0.93193	0.96135 0.93193
oolite_worm_diffuse.png	1.0 1.0	0.90607 0.92870	0.93173 0.94439	0.93173 0.92870
oolite_worm_diffuse.png	1.0 1.0	0.93173 0.88053	0.90607 0.88057	0.93173 0.92870
oolite_worm_diffuse.png	1.0 1.0	0.93173 0.88053	0.93170 0.86526	0.90607 0.88057

END
