// output from Obj2DatTex.py Wavefront text file conversion script
// (c) 2005 By Giles Williams
// 
// original file: "missile_with_hard_edges_on_wings5.obj"
// 
// model size: 4.274 x 4.274 x 18.734
// 
// textures used: ['oolite_missile_diffuse.png']
// 
NVERTS 219
NFACES 358

VERTEX
2.13720, 1.87855, -9.28168
2.13648, -1.87927, -9.28168
2.03691, -0.21694, -0.48600
2.03691, 0.21694, -0.48600
1.98249, 1.72384, -9.69881
1.98177, -1.72455, -9.69881
1.87927, 2.13649, -9.28168
1.87855, -2.13720, -9.28168
1.74189, -0.21694, 0.62254
1.74189, 0.21694, 0.62254
1.72456, 1.98177, -9.69881
1.72383, -1.98249, -9.69881
1.62556, -0.67334, 6.35742
1.62556, -0.67334, -1.79540
1.62556, -0.67334, -9.41845
1.62556, -0.36209, -4.69949
1.62556, -0.36209, -9.41845
1.62556, -0.36208, -9.41845
1.62556, -0.21694, 0.72519
1.62556, -0.21694, -0.48600
1.62556, 0.21694, 0.72519
1.62556, 0.21694, -0.48600
1.62556, 0.36208, -9.41845
1.62556, 0.36209, -4.69949
1.62556, 0.36209, -9.41845
1.62556, 0.67334, 6.35742
1.62556, 0.67334, -1.79540
1.62556, 0.67334, -9.41845
1.43104, -0.20647, -5.08854
1.43104, -0.20647, -9.41845
1.43104, -0.20646, -9.14647
1.43104, -0.20646, -9.41845
1.43104, 0.20646, -9.14647
1.43104, 0.20646, -9.41845
1.43104, 0.20647, -5.08854
1.43104, 0.20647, -9.41845
1.29634, -0.53696, 7.83137
1.29634, 0.53696, 7.83137
1.27877, 1.02012, -1.79540
1.27877, 1.02012, -9.41845
1.27805, -1.02084, -1.79540
1.27805, -1.02084, -9.41845
1.18093, -0.10286, -8.36243
1.18093, -0.10286, -9.14647
1.18093, -0.10286, -9.41845
1.18093, 0.10286, -8.36243
1.18093, 0.10286, -9.14647
1.18093, 0.10286, -9.41845
1.18092, -0.10286, -9.14647
1.18092, -0.10286, -9.41845
1.18092, 0.10286, -9.14647
1.18092, 0.10286, -9.41845
1.02084, 1.27806, -1.79540
1.02084, 1.27806, -9.41845
1.02012, -1.27877, -1.79540
1.02012, -1.27877, -9.41845
0.77122, 0.51257, -8.36243
0.77122, 0.51257, -9.41845
0.77050, -0.51328, -8.36243
0.77050, -0.51328, -9.41845
0.71941, -0.29799, 8.71878
0.71941, 0.29799, 8.71878
0.67333, -1.62556, 6.35742
0.67333, -1.62556, -1.79540
0.67333, -1.62556, -9.41845
0.67333, 1.62556, 6.35742
0.67333, 1.62556, -1.79540
0.67333, 1.62556, -9.41845
0.63803, 0.37938, -8.36243
0.63803, 0.37938, -9.69881
0.63731, -0.38010, -8.36243
0.63731, -0.38010, -9.69881
0.53696, -1.29634, 7.83137
0.53696, 1.29634, 7.83137
0.51329, 0.77050, -8.36243
0.51329, 0.77050, -9.41845
0.51257, -0.77122, -8.36243
0.51257, -0.77122, -9.41845
0.38009, 0.63731, -8.36243
0.38009, 0.63731, -9.69881
0.37938, -0.63803, -8.36243
0.37938, -0.63803, -9.69881
0.36208, -1.62556, -4.69949
0.36208, -1.62556, -9.41845
0.36208, 1.62556, -4.69949
0.36208, 1.62556, -9.41845
0.29799, -0.71941, 8.71878
0.29799, 0.71941, 8.71878
0.21693, -2.03691, -0.48600
0.21693, -1.74190, 0.62254
0.21693, -1.62556, 0.72519
0.21693, -1.62556, -0.48600
0.21693, 1.62556, 0.72519
0.21693, 1.62556, -0.48600
0.21693, 1.74190, 0.62254
0.21693, 2.03691, -0.48600
0.20646, -1.43104, -5.08854
0.20646, -1.43104, -9.14647
0.20646, -1.43104, -9.41845
0.20646, 1.43104, -5.08854
0.20646, 1.43104, -9.14647
0.20646, 1.43104, -9.41845
0.10286, -1.18092, -8.36243
0.10286, -1.18092, -9.14647
0.10286, -1.18092, -9.41845
0.10286, 1.18092, -8.36243
0.10286, 1.18092, -9.14647
0.10286, 1.18092, -9.41845
-0.00000, 0.00001, 9.03550
-0.10286, -1.18092, -8.36243
-0.10286, -1.18092, -9.14647
-0.10286, -1.18092, -9.41845
-0.10286, 1.18092, -8.36243
-0.10286, 1.18092, -9.14647
-0.10286, 1.18092, -9.41845
-0.20646, -1.43104, -5.08854
-0.20646, -1.43104, -9.14647
-0.20646, -1.43104, -9.41845
-0.20646, 1.43104, -5.08854
-0.20646, 1.43104, -9.14647
-0.20646, 1.43104, -9.41845
-0.21693, -2.03691, -0.48600
-0.21693, -1.74190, 0.62254
-0.21693, -1.62556, 0.72519
-0.21693, -1.62556, -0.48600
-0.21693, 1.62556, 0.72519
-0.21693, 1.62556, -0.48600
-0.21693, 1.74190, 0.62254
-0.21693, 2.03691, -0.48600
-0.29799, -0.71941, 8.71878
-0.29799, 0.71941, 8.71878
-0.36208, -1.62556, -4.69949
-0.36208, -1.62556, -9.41845
-0.36208, 1.62556, -4.69949
-0.36208, 1.62556, -9.41845
-0.37937, 0.63803, -8.36243
-0.37937, 0.63803, -9.69881
-0.38010, -0.63730, -8.36243
-0.38010, -0.63730, -9.69881
-0.51257, 0.77122, -8.36243
-0.51257, 0.77122, -9.41845
-0.51329, -0.77050, -8.36243
-0.51329, -0.77050, -9.41845
-0.53696, -1.29634, 7.83137
-0.53696, 1.29634, 7.83137
-0.63730, 0.38010, -8.36243
-0.63730, 0.38010, -9.69881
-0.63803, -0.37937, -8.36243
-0.63803, -0.37937, -9.69881
-0.67333, -1.62556, 6.35742
-0.67333, -1.62556, -1.79540
-0.67333, -1.62556, -9.41845
-0.67333, 1.62556, 6.35742
-0.67333, 1.62556, -1.79540
-0.67333, 1.62556, -9.41845
-0.71941, -0.29799, 8.71878
-0.71941, 0.29799, 8.71878
-0.77050, 0.51328, -8.36243
-0.77050, 0.51328, -9.41845
-0.77122, -0.51257, -8.36243
-0.77122, -0.51257, -9.41845
-1.02012, 1.27878, -1.79540
-1.02012, 1.27878, -9.41845
-1.02084, -1.27806, -1.79540
-1.02084, -1.27806, -9.41845
-1.18092, -0.10286, -9.14647
-1.18092, -0.10286, -9.41845
-1.18092, 0.10286, -9.14647
-1.18092, 0.10286, -9.41845
-1.18093, -0.10286, -8.36243
-1.18093, -0.10286, -9.14647
-1.18093, -0.10286, -9.41845
-1.18093, 0.10286, -8.36243
-1.18093, 0.10286, -9.14647
-1.18093, 0.10286, -9.41845
-1.27806, 1.02084, -1.79540
-1.27806, 1.02084, -9.41845
-1.27878, -1.02012, -1.79540
-1.27878, -1.02012, -9.41845
-1.29634, -0.53696, 7.83137
-1.29634, 0.53696, 7.83137
-1.43104, -0.20647, -5.08854
-1.43104, -0.20647, -9.41845
-1.43104, -0.20646, -9.14647
-1.43104, -0.20646, -9.41845
-1.43104, 0.20646, -9.14647
-1.43104, 0.20646, -9.41845
-1.43104, 0.20647, -5.08854
-1.43104, 0.20647, -9.41845
-1.62556, -0.36208, -9.41845
-1.62556, 0.36208, -9.41845
-1.62557, -0.67334, 6.35742
-1.62557, -0.67334, -1.79540
-1.62557, -0.67334, -9.41845
-1.62557, -0.36209, -4.69949
-1.62557, -0.36209, -9.41845
-1.62557, -0.21694, 0.72519
-1.62557, -0.21694, -0.48600
-1.62557, 0.21694, 0.72519
-1.62557, 0.21694, -0.48600
-1.62557, 0.36209, -4.69949
-1.62557, 0.36209, -9.41845
-1.62557, 0.67334, 6.35742
-1.62557, 0.67334, -1.79540
-1.62557, 0.67334, -9.41845
-1.72383, 1.98249, -9.69881
-1.72456, -1.98177, -9.69881
-1.74189, -0.21694, 0.62254
-1.74189, 0.21694, 0.62254
-1.87855, 2.13720, -9.28168
-1.87927, -2.13648, -9.28168
-1.98177, 1.72455, -9.69881
-1.98249, -1.72384, -9.69881
-2.03691, -0.21694, -0.48600
-2.03691, 0.21694, -0.48600
-2.13649, 1.87928, -9.28168
-2.13720, -1.87855, -9.28168
0.10286, 1.18092, -9.41845
-0.10286, -1.18092, -9.41845

FACES
1,0,0,	0.69800,0.69798,0.16007,	3,	0,52,6
1,0,0,	0.70710,0.70711,0.00002,	3,	1,71,5
1,0,0,	-0.00000,-1.00000,0.00000,	3,	2,19,8
1,0,0,	-0.70711,-0.70711,0.00000,	3,	7,55,54
1,0,0,	-0.70711,-0.70711,0.00001,	3,	7,81,55
1,0,0,	-0.00000,-1.00000,0.00000,	3,	8,19,18
1,0,0,	-0.00000,1.00000,0.00000,	3,	9,21,3
1,0,0,	0.00000,-0.00000,-1.00000,	3,	10,69,4
1,0,0,	-0.00000,-0.00000,-1.00000,	3,	10,79,69
1,0,0,	-0.70711,-0.70710,0.00002,	3,	11,81,7
1,0,0,	-0.00000,1.00000,-0.00000,	3,	20,21,9
1,0,0,	0.89443,-0.00000,-0.44720,	3,	23,28,15
1,0,0,	0.89443,-0.00000,-0.44720,	3,	23,34,28
1,0,0,	-0.00000,-0.00000,-1.00000,	3,	32,48,30
1,0,0,	-0.00000,-0.00000,-1.00000,	3,	32,50,48
1,0,0,	0.69800,0.69798,0.16007,	3,	38,52,0
1,0,0,	0.70711,0.70711,0.00000,	3,	40,41,1
1,0,0,	0.70711,0.70711,-0.00000,	3,	41,71,1
1,0,0,	0.00000,-0.00000,-1.00000,	3,	42,109,102
1,0,0,	-0.00000,-0.00000,-1.00000,	3,	42,169,109
1,0,0,	0.00000,-0.00000,-1.00000,	3,	45,169,42
1,0,0,	-0.00000,-0.00000,-1.00000,	3,	45,172,169
1,0,0,	-0.70710,-0.70711,-0.00001,	3,	55,81,77
1,0,0,	0.70708,0.70714,-0.00000,	3,	58,70,59
1,0,0,	0.70711,0.70710,-0.00003,	3,	59,71,41
1,0,0,	0.70708,0.70714,0.00000,	3,	70,71,59
1,0,0,	-0.70711,-0.70710,-0.00000,	3,	77,80,76
1,0,0,	-0.70711,-0.70710,0.00000,	3,	77,81,80
1,0,0,	-0.78085,0.62471,-0.00000,	3,	84,99,85
1,0,0,	-0.00000,-0.96637,0.25717,	3,	88,122,89
1,0,0,	-0.00000,0.66162,0.74984,	3,	92,127,94
1,0,0,	-0.00000,-0.00000,-1.00000,	3,	93,128,126
1,0,0,	-0.00000,-0.00000,-1.00000,	3,	95,128,93
1,0,0,	-0.00000,-0.89443,-0.44720,	3,	96,115,82
1,0,0,	-0.78085,0.62471,-0.00000,	3,	99,101,85
1,0,0,	-0.00000,-0.00000,-1.00000,	3,	100,119,106
1,0,0,	-0.00000,-0.00000,-1.00000,	3,	103,110,97
1,0,0,	0.00000,-0.00000,-1.00000,	3,	105,172,45
1,0,0,	-0.00000,-0.00000,-1.00000,	3,	106,119,113
1,0,0,	0.00000,-0.00000,-1.00000,	3,	110,116,97
1,0,0,	0.00000,-0.00000,-1.00000,	3,	112,172,105
1,0,0,	0.00000,-0.89443,-0.44720,	3,	115,131,82
1,0,0,	-0.00000,-0.00000,-1.00000,	3,	117,142,132
1,0,0,	-0.00000,0.00000,-1.00000,	3,	117,218,142
1,0,0,	0.00000,-0.00000,-1.00000,	3,	120,140,114
1,0,0,	-0.00000,-0.96637,0.25717,	3,	121,122,88
1,0,0,	-0.00000,0.66162,0.74984,	3,	125,127,92
1,0,0,	0.00000,-0.00000,-1.00000,	3,	134,140,120
1,0,0,	-0.00000,-0.00000,-1.00000,	3,	134,154,140
1,0,0,	0.70711,-0.70711,-0.00000,	3,	135,146,145
1,0,0,	0.70711,-0.70711,-0.00000,	3,	136,146,135
1,0,0,	0.00000,-0.00000,-1.00000,	3,	142,151,132
1,0,0,	-0.00000,-0.00000,-1.00000,	3,	142,164,151
1,0,0,	0.00000,-0.00000,-1.00000,	3,	148,206,138
1,0,0,	-0.00000,-0.00000,-1.00000,	3,	148,212,206
1,0,0,	-0.00000,-0.00000,-1.00000,	3,	154,162,140
1,0,0,	-0.00000,-0.00000,-1.00000,	3,	158,188,174
1,0,0,	-0.00000,-0.00000,-1.00000,	3,	158,201,188
1,0,0,	-0.00000,-0.00000,-1.00000,	3,	158,204,201
1,0,0,	-0.00000,-0.00000,-1.00000,	3,	160,193,178
1,0,0,	-0.00000,-0.00000,-1.00000,	3,	160,195,193
1,0,0,	-0.69799,-0.69799,0.16007,	3,	163,216,177
1,0,0,	0.00000,-0.00000,-1.00000,	3,	167,183,165
1,0,0,	-0.00000,-0.00000,-1.00000,	3,	167,185,183
1,0,0,	-0.00000,-0.00000,-1.00000,	3,	171,182,160
1,0,0,	-0.00000,-0.00000,-1.00000,	3,	176,204,158
1,0,0,	-0.89442,-0.00000,-0.44722,	3,	181,200,194
1,0,0,	-0.00000,-0.00000,-1.00000,	3,	182,195,160
1,0,0,	-0.89442,-0.00000,-0.44722,	3,	187,200,181
1,0,0,	-0.66169,-0.00000,0.74978,	3,	196,207,198
1,0,0,	0.00000,-0.00000,-1.00000,	3,	199,213,197
1,0,0,	-0.00000,-0.00000,-1.00000,	3,	199,214,213
1,0,0,	-0.66169,-0.00000,0.74978,	3,	207,208,198
1,0,0,	-0.62619,0.62619,-0.46451,	3,	209,211,205
1,0,0,	-0.62616,0.62621,-0.46454,	3,	209,215,211
1,0,0,	-0.69799,-0.69799,0.16007,	3,	210,216,163
2,0,0,	0.62621,0.62618,-0.46450,	3,	0,6,4
2,0,0,	0.96636,-0.00000,0.25718,	3,	2,8,3
2,0,0,	0.62619,0.62619,-0.46451,	3,	6,10,4
2,0,0,	0.69799,-0.69799,0.16007,	3,	7,40,1
2,0,0,	0.69799,-0.69799,0.16007,	3,	7,54,40
2,0,0,	0.96636,-0.00000,0.25718,	3,	8,9,3
2,0,0,	-0.00000,-0.00000,-1.00000,	3,	14,59,41
2,0,0,	-0.00000,-0.00000,-1.00000,	3,	16,59,14
2,0,0,	0.00000,-0.00000,-1.00000,	3,	29,59,16
2,0,0,	0.00000,-0.00000,-1.00000,	3,	44,59,29
2,0,0,	-0.00000,-0.00000,-1.00000,	3,	55,77,64
2,0,0,	-0.70711,-0.70710,0.00000,	3,	68,79,78
2,0,0,	-0.70711,-0.70710,-0.00000,	3,	69,79,68
2,0,0,	-0.70711,0.70711,-0.00000,	3,	70,80,71
2,0,0,	0.00000,-0.00000,-1.00000,	3,	77,83,64
2,0,0,	-0.00000,-0.00000,-1.00000,	3,	77,98,83
2,0,0,	-0.00000,-0.00000,-1.00000,	3,	77,104,98
2,0,0,	-0.70711,0.70711,-0.00000,	3,	80,81,71
2,0,0,	-0.00000,0.89443,-0.44720,	3,	84,133,99
2,0,0,	-0.00000,-0.66162,0.74984,	3,	89,122,90
2,0,0,	0.00000,-0.00000,-1.00000,	3,	91,121,88
2,0,0,	-0.00000,-0.00000,-1.00000,	3,	91,124,121
2,0,0,	1.00000,-0.00000,0.00000,	3,	92,94,93
2,0,0,	1.00000,0.00000,0.00000,	3,	94,95,93
2,0,0,	-0.00000,-1.00000,0.00000,	3,	97,115,96
2,0,0,	-0.00000,-1.00000,0.00000,	3,	97,116,115
2,0,0,	-0.00000,0.89443,-0.44720,	3,	99,133,118
2,0,0,	-0.00000,-0.66162,0.74984,	3,	122,123,90
2,0,0,	-1.00000,-0.00000,0.00000,	3,	126,127,125
2,0,0,	-1.00000,-0.00000,0.00000,	3,	126,128,127
2,0,0,	-0.00000,-0.00000,-1.00000,	3,	136,211,146
2,0,0,	0.70711,0.70711,-0.00000,	3,	137,147,138
2,0,0,	0.70711,0.70711,0.00000,	3,	147,148,138
2,0,0,	-0.69799,0.69799,0.16007,	3,	175,209,161
2,0,0,	-0.69796,0.69802,0.16007,	3,	175,215,209
2,0,0,	-0.00000,-1.00000,0.00000,	3,	197,207,196
2,0,0,	-0.00000,-1.00000,0.00000,	3,	197,213,207
2,0,0,	-0.00000,1.00000,0.00000,	3,	198,208,199
2,0,0,	-0.00000,-0.00000,-1.00000,	3,	205,211,136
2,0,0,	-0.62619,-0.62619,-0.46450,	3,	206,212,210
2,0,0,	-0.00000,1.00000,0.00000,	3,	208,214,199
2,0,0,	-0.62619,-0.62619,-0.46450,	3,	212,216,210
3,0,0,	0.70711,-0.70711,-0.00000,	3,	0,39,38
3,0,0,	0.70711,-0.70711,0.00000,	3,	0,69,39
3,0,0,	-0.00000,-0.00000,-1.00000,	3,	2,21,19
3,0,0,	-0.00000,-0.00000,-1.00000,	3,	3,21,2
3,0,0,	0.70711,-0.70711,-0.00000,	3,	4,69,0
3,0,0,	-0.00000,-0.00000,-1.00000,	3,	5,81,11
3,0,0,	-0.70710,0.70711,-0.00002,	3,	6,79,10
3,0,0,	0.66165,-0.00000,0.74981,	3,	8,20,9
3,0,0,	0.66165,-0.00000,0.74981,	3,	18,20,8
3,0,0,	0.70711,-0.70711,0.00001,	3,	39,69,57
3,0,0,	-0.70711,0.70711,-0.00000,	3,	52,53,6
3,0,0,	-0.70711,0.70711,-0.00000,	3,	53,79,6
3,0,0,	0.70711,-0.70710,-0.00000,	3,	57,68,56
3,0,0,	0.70711,-0.70710,-0.00000,	3,	57,69,68
3,0,0,	-0.00000,-0.00000,-1.00000,	3,	71,81,5
3,0,0,	-0.70709,0.70713,-0.00000,	3,	74,78,75
3,0,0,	-0.70711,0.70710,0.00003,	3,	75,79,53
3,0,0,	-0.70709,0.70713,-0.00000,	3,	78,79,75
3,0,0,	1.00000,0.00000,0.00000,	3,	89,91,88
3,0,0,	1.00000,0.00000,0.00000,	3,	90,91,89
3,0,0,	0.00000,0.96637,0.25717,	3,	94,127,95
3,0,0,	-1.00000,-0.00000,0.00000,	3,	121,124,122
3,0,0,	-1.00000,0.00000,-0.00000,	3,	122,124,123
3,0,0,	-0.00000,0.96637,0.25717,	3,	127,128,95
3,0,0,	0.70711,0.70710,-0.00000,	3,	135,140,136
3,0,0,	0.70711,0.70711,0.00002,	3,	136,209,205
3,0,0,	0.70713,-0.70709,-0.00000,	3,	137,142,141
3,0,0,	0.70713,-0.70709,-0.00000,	3,	138,142,137
3,0,0,	0.70711,-0.70710,-0.00001,	3,	138,164,142
3,0,0,	0.70710,-0.70712,-0.00009,	3,	138,210,164
3,0,0,	0.70711,0.70710,0.00000,	3,	139,140,135
3,0,0,	0.70711,0.70710,0.00000,	3,	140,162,136
3,0,0,	-0.70707,-0.70714,0.00000,	3,	145,158,157
3,0,0,	-0.70707,-0.70714,-0.00000,	3,	146,158,145
3,0,0,	-0.70711,-0.70711,-0.00003,	3,	146,176,158
3,0,0,	-0.70712,-0.70710,-0.00008,	3,	146,215,176
3,0,0,	-0.70712,0.70709,-0.00000,	3,	147,160,148
3,0,0,	-0.70711,0.70711,-0.00000,	3,	148,216,212
3,0,0,	-0.70712,0.70709,-0.00000,	3,	159,160,147
3,0,0,	-0.70710,0.70711,0.00002,	3,	160,178,148
3,0,0,	0.70710,0.70711,-0.00000,	3,	161,209,162
3,0,0,	0.70710,0.70712,-0.00005,	3,	162,209,136
3,0,0,	0.70710,-0.70711,-0.00000,	3,	164,210,163
3,0,0,	-0.70711,-0.70710,-0.00000,	3,	176,215,175
3,0,0,	-0.70711,0.70710,-0.00000,	3,	177,216,178
3,0,0,	-0.70711,0.70710,-0.00005,	3,	178,216,148
3,0,0,	0.70711,-0.70711,0.00000,	3,	206,210,138
3,0,0,	-0.96636,-0.00000,0.25718,	3,	207,214,208
3,0,0,	-0.70710,-0.70711,0.00002,	3,	211,215,146
3,0,0,	-0.96636,-0.00000,0.25718,	3,	213,214,207
4,0,0,	0.62619,-0.62619,-0.46451,	3,	1,11,7
4,0,0,	0.62619,-0.62619,-0.46451,	3,	5,11,1
4,0,0,	1.00000,-0.00000,0.00000,	3,	12,18,13
4,0,0,	1.00000,0.00000,0.00000,	3,	12,20,18
4,0,0,	1.00000,0.00000,0.00000,	3,	12,26,20
4,0,0,	0.97595,-0.00000,0.21799,	3,	12,36,25
4,0,0,	0.69010,-0.69010,0.21799,	3,	12,62,36
4,0,0,	1.00000,-0.00000,0.00000,	3,	13,15,14
4,0,0,	1.00000,-0.00000,0.00000,	3,	13,26,15
4,0,0,	0.70710,-0.70711,-0.00000,	3,	13,40,12
4,0,0,	0.70710,-0.70711,-0.00000,	3,	14,40,13
4,0,0,	0.70710,-0.70711,-0.00000,	3,	14,41,40
4,0,0,	1.00000,0.00000,0.00000,	3,	15,16,14
4,0,0,	1.00000,-0.00000,0.00000,	3,	15,26,23
4,0,0,	0.62471,0.78085,0.00000,	3,	15,28,17
4,0,0,	1.00000,-0.00000,0.00000,	3,	18,19,13
4,0,0,	1.00000,0.00000,0.00000,	3,	19,26,13
4,0,0,	1.00000,0.00000,0.00000,	3,	20,26,21
4,0,0,	1.00000,0.00000,0.00000,	3,	21,26,19
4,0,0,	0.62471,-0.78086,0.00000,	3,	22,34,23
4,0,0,	1.00000,0.00000,0.00000,	3,	23,27,24
4,0,0,	-0.00000,-0.00000,-1.00000,	3,	24,57,35
4,0,0,	1.00000,0.00000,0.00000,	3,	25,26,12
4,0,0,	0.70710,0.70711,-0.00000,	3,	25,38,26
4,0,0,	0.70712,0.70709,-0.00000,	3,	25,52,38
4,0,0,	0.70710,0.70711,0.00000,	3,	25,65,52
4,0,0,	1.00000,0.00000,0.00000,	3,	26,27,23
4,0,0,	0.70710,0.70711,-0.00000,	3,	26,39,27
4,0,0,	-0.00000,-0.00000,-1.00000,	3,	27,57,24
4,0,0,	0.62471,0.78085,0.00000,	3,	28,31,17
4,0,0,	1.00000,0.00000,0.00000,	3,	28,32,30
4,0,0,	1.00000,-0.00000,0.00000,	3,	28,34,32
4,0,0,	0.38266,0.92389,-0.00000,	3,	30,48,31
4,0,0,	0.38266,-0.92389,-0.00000,	3,	32,51,50
4,0,0,	0.62471,-0.78085,0.00000,	3,	33,34,22
4,0,0,	0.38266,-0.92389,-0.00000,	3,	33,51,32
4,0,0,	-0.00000,-0.00000,-1.00000,	3,	35,57,47
4,0,0,	0.97595,-0.00000,0.21799,	3,	36,37,25
4,0,0,	0.83840,-0.00000,0.54506,	3,	36,60,37
4,0,0,	0.59283,-0.59284,0.54506,	3,	36,72,60
4,0,0,	0.69010,0.69010,0.21799,	3,	37,65,25
4,0,0,	0.69010,0.69010,0.21799,	3,	37,73,65
4,0,0,	0.70710,0.70711,0.00000,	3,	38,39,26
4,0,0,	0.00000,-0.00000,-1.00000,	3,	39,57,27
4,0,0,	0.70710,-0.70711,-0.00000,	3,	40,62,12
4,0,0,	-0.70710,0.70711,-0.00000,	3,	42,102,44
4,0,0,	-1.00000,-0.00000,0.00000,	3,	43,45,42
4,0,0,	-1.00000,-0.00000,-0.00000,	3,	43,46,45
4,0,0,	-0.70710,-0.70711,0.00000,	3,	45,217,105
4,0,0,	-0.70710,-0.70711,-0.00000,	3,	47,217,45
4,0,0,	0.38266,0.92389,0.00000,	3,	48,49,31
4,0,0,	0.70710,0.70711,-0.00000,	3,	52,67,53
4,0,0,	0.70711,-0.70711,-0.00000,	3,	54,62,40
4,0,0,	0.70711,-0.70710,-0.00000,	3,	54,63,62
4,0,0,	0.70711,-0.70710,-0.00000,	3,	55,63,54
4,0,0,	0.70711,-0.70710,-0.00000,	3,	55,64,63
4,0,0,	0.83840,-0.00000,0.54506,	3,	60,61,37
4,0,0,	0.40293,-0.00000,0.91523,	3,	60,108,61
4,0,0,	0.59283,0.59284,0.54506,	3,	61,73,37
4,0,0,	0.59283,0.59284,0.54506,	3,	61,87,73
4,0,0,	0.28491,0.28492,0.91523,	3,	61,108,87
4,0,0,	0.69010,-0.69010,0.21799,	3,	62,72,36
4,0,0,	-0.00000,-0.97595,0.21799,	3,	62,149,72
4,0,0,	-0.00000,-1.00000,0.00000,	3,	63,91,90
4,0,0,	-0.00000,-1.00000,0.00000,	3,	63,124,91
4,0,0,	-0.00000,-1.00000,0.00000,	3,	63,149,62
4,0,0,	-0.00000,-1.00000,0.00000,	3,	63,150,124
4,0,0,	-0.00000,-1.00000,0.00000,	3,	64,82,63
4,0,0,	-0.00000,-1.00000,0.00000,	3,	64,83,82
4,0,0,	0.70710,0.70711,0.00000,	3,	65,66,52
4,0,0,	-0.00000,1.00000,0.00000,	3,	65,92,66
4,0,0,	-0.00000,1.00000,0.00000,	3,	65,125,92
4,0,0,	-0.00000,1.00000,0.00000,	3,	65,153,125
4,0,0,	0.70710,0.70711,0.00000,	3,	66,67,52
4,0,0,	-0.00000,1.00000,0.00000,	3,	66,84,67
4,0,0,	0.00000,1.00000,0.00000,	3,	66,153,84
4,0,0,	0.00000,-0.00000,-1.00000,	3,	67,75,53
4,0,0,	-0.00000,-0.00000,-1.00000,	3,	67,85,75
4,0,0,	0.59283,-0.59284,0.54506,	3,	72,86,60
4,0,0,	-0.00000,-0.83839,0.54506,	3,	72,129,86
4,0,0,	-0.00000,-0.83839,0.54507,	3,	72,143,129
4,0,0,	-0.00000,-0.97595,0.21799,	3,	72,149,143
4,0,0,	-0.00000,0.97595,0.21799,	3,	73,152,65
4,0,0,	-0.00000,-1.00000,0.00000,	3,	82,131,63
4,0,0,	-0.78085,-0.62471,-0.00000,	3,	83,96,82
4,0,0,	-0.78085,-0.62471,0.00000,	3,	83,98,96
4,0,0,	-0.00000,1.00000,-0.00000,	3,	84,85,67
4,0,0,	0.00000,1.00000,0.00000,	3,	84,153,133
4,0,0,	-0.00000,-0.00000,-1.00000,	3,	85,101,75
4,0,0,	0.28491,-0.28491,0.91523,	3,	86,108,60
4,0,0,	-0.00000,-0.40293,0.91523,	3,	86,129,108
4,0,0,	-0.00000,0.83840,0.54506,	3,	87,130,73
4,0,0,	0.00000,-1.00000,0.00000,	3,	90,149,63
4,0,0,	-0.00000,1.00000,-0.00000,	3,	92,93,66
4,0,0,	-0.00000,1.00000,0.00000,	3,	93,153,66
4,0,0,	-0.92389,-0.38266,0.00000,	3,	97,104,103
4,0,0,	-0.92389,-0.38266,-0.00000,	3,	98,104,97
4,0,0,	-0.00000,1.00000,0.00000,	3,	99,119,100
4,0,0,	-0.92389,0.38266,-0.00000,	3,	100,106,101
4,0,0,	-0.00000,-0.00000,-1.00000,	3,	101,107,75
4,0,0,	-0.70710,0.70711,-0.00000,	3,	102,104,44
4,0,0,	-0.00000,1.00000,0.00000,	3,	102,110,103
4,0,0,	-0.92389,0.38266,-0.00000,	3,	106,107,101
4,0,0,	-0.00000,-1.00000,0.00000,	3,	106,112,105
4,0,0,	-0.00000,-1.00000,0.00000,	3,	106,113,112
4,0,0,	-0.00000,0.40293,0.91523,	3,	108,130,87
4,0,0,	-0.28492,0.28492,0.91523,	3,	108,156,130
4,0,0,	-0.00000,1.00000,-0.00000,	3,	109,110,102
4,0,0,	0.70710,0.70711,-0.00000,	3,	109,169,111
4,0,0,	0.92389,-0.38266,-0.00000,	3,	110,117,116
4,0,0,	0.92389,-0.38266,-0.00000,	3,	110,218,117
4,0,0,	0.70710,-0.70711,-0.00000,	3,	112,174,172
4,0,0,	0.92389,0.38266,-0.00000,	3,	113,119,114
4,0,0,	0.70710,-0.70711,-0.00000,	3,	114,174,112
4,0,0,	0.78085,-0.62471,-0.00000,	3,	115,132,131
4,0,0,	0.78085,-0.62471,-0.00000,	3,	117,132,115
4,0,0,	-0.00000,1.00000,-0.00000,	3,	118,119,99
4,0,0,	0.78085,0.62471,-0.00000,	3,	118,134,120
4,0,0,	0.92389,0.38266,0.00000,	3,	119,120,114
4,0,0,	0.00000,-1.00000,0.00000,	3,	123,149,90
4,0,0,	-0.00000,-1.00000,0.00000,	3,	123,150,149
4,0,0,	-0.00000,-1.00000,0.00000,	3,	124,150,123
4,0,0,	-0.00000,1.00000,0.00000,	3,	125,153,126
4,0,0,	-0.00000,1.00000,0.00000,	3,	126,153,93
4,0,0,	-0.28491,-0.28491,0.91523,	3,	129,155,108
4,0,0,	-0.00000,0.83839,0.54506,	3,	130,144,73
4,0,0,	-0.59283,0.59284,0.54506,	3,	130,156,144
4,0,0,	-0.00000,-1.00000,0.00000,	3,	131,150,63
4,0,0,	-0.00000,-1.00000,0.00000,	3,	131,151,150
4,0,0,	-0.00000,-1.00000,0.00000,	3,	132,151,131
4,0,0,	0.78085,0.62471,0.00000,	3,	133,134,118
4,0,0,	-0.00000,1.00000,0.00000,	3,	133,154,134
4,0,0,	-0.59283,-0.59284,0.54507,	3,	143,155,129
4,0,0,	-0.59283,-0.59283,0.54506,	3,	143,179,155
4,0,0,	-0.00000,0.97595,0.21799,	3,	144,152,73
4,0,0,	-0.69010,0.69010,0.21799,	3,	144,180,152
4,0,0,	-0.69010,-0.69010,0.21799,	3,	149,179,143
4,0,0,	-0.69010,-0.69011,0.21799,	3,	149,191,179
4,0,0,	-0.70710,-0.70711,-0.00000,	3,	150,163,149
4,0,0,	-0.70710,-0.70711,-0.00000,	3,	151,163,150
4,0,0,	-0.70710,-0.70711,0.00000,	3,	151,164,163
4,0,0,	-0.00000,1.00000,-0.00000,	3,	152,153,65
4,0,0,	-0.70710,0.70711,-0.00000,	3,	152,161,153
4,0,0,	-0.70711,0.70711,0.00000,	3,	152,175,161
4,0,0,	-0.70710,0.70711,-0.00000,	3,	152,202,175
4,0,0,	-0.00000,1.00000,-0.00000,	3,	153,154,133
4,0,0,	-0.70710,0.70711,-0.00000,	3,	153,162,154
4,0,0,	-0.40293,-0.00000,0.91523,	3,	155,156,108
4,0,0,	-0.83839,-0.00000,0.54506,	3,	155,180,156
4,0,0,	-0.59283,0.59284,0.54506,	3,	156,180,144
4,0,0,	-0.70710,0.70711,-0.00000,	3,	161,162,153
4,0,0,	-0.70710,-0.70711,0.00000,	3,	163,191,149
4,0,0,	-0.38266,0.92389,-0.00000,	3,	165,183,166
4,0,0,	-0.38266,-0.92389,0.00000,	3,	167,186,185
4,0,0,	-0.38266,-0.92389,-0.00000,	3,	168,186,167
4,0,0,	0.70710,0.70711,0.00000,	3,	169,171,111
4,0,0,	1.00000,-0.00000,0.00000,	3,	169,172,170
4,0,0,	1.00000,0.00000,0.00000,	3,	172,173,170
4,0,0,	-0.70710,0.70711,-0.00000,	3,	175,204,176
4,0,0,	-0.70711,-0.70711,-0.00000,	3,	177,191,163
4,0,0,	-0.70710,-0.70711,0.00000,	3,	177,192,191
4,0,0,	-0.70710,-0.70711,-0.00000,	3,	178,192,177
4,0,0,	-0.70710,-0.70711,0.00000,	3,	178,193,192
4,0,0,	-0.83839,-0.00000,0.54506,	3,	179,180,155
4,0,0,	-0.97595,-0.00000,0.21799,	3,	179,202,180
4,0,0,	-0.69010,0.69011,0.21799,	3,	180,202,152
4,0,0,	-0.62471,0.78085,0.00000,	3,	181,189,184
4,0,0,	-0.62470,0.78087,-0.00000,	3,	181,194,189
4,0,0,	-0.38266,0.92389,-0.00000,	3,	183,184,166
4,0,0,	-1.00000,-0.00000,0.00000,	3,	183,185,181
4,0,0,	-1.00000,-0.00000,0.00000,	3,	185,187,181
4,0,0,	-0.62471,-0.78085,0.00000,	3,	186,190,187
4,0,0,	-0.62469,-0.78087,-0.00000,	3,	190,200,187
4,0,0,	-0.97595,-0.00000,0.21799,	3,	191,202,179
4,0,0,	-1.00000,-0.00000,0.00000,	3,	192,196,191
4,0,0,	-1.00000,-0.00000,-0.00000,	3,	192,197,196
4,0,0,	-1.00000,-0.00000,0.00000,	3,	192,203,197
4,0,0,	-1.00000,-0.00000,0.00000,	3,	193,194,192
4,0,0,	-1.00000,-0.00000,-0.00000,	3,	193,195,194
4,0,0,	-1.00000,-0.00000,0.00000,	3,	194,200,192
4,0,0,	-1.00000,-0.00000,0.00000,	3,	196,202,191
4,0,0,	-1.00000,0.00000,0.00000,	3,	197,203,199
4,0,0,	-1.00000,-0.00000,0.00000,	3,	198,202,196
4,0,0,	-1.00000,0.00000,-0.00000,	3,	198,203,202
4,0,0,	-1.00000,0.00000,0.00000,	3,	199,203,198
4,0,0,	-1.00000,-0.00000,0.00000,	3,	200,203,192
4,0,0,	-1.00000,0.00000,-0.00000,	3,	200,204,203
4,0,0,	-1.00000,-0.00000,0.00000,	3,	201,204,200
4,0,0,	-0.70710,0.70711,-0.00000,	3,	202,203,175
4,0,0,	-0.70710,0.70711,-0.00000,	3,	203,204,175

TEXTURES
oolite_missile_diffuse.png	1.0 1.0	0.96171 0.60379	0.97966 0.97691	0.97966 0.60379
oolite_missile_diffuse.png	1.0 1.0	0.67761 0.97918	0.57330 0.99958	0.66685 0.99958
oolite_missile_diffuse.png	1.0 1.0	0.36962 0.79479	0.38462 0.79304	0.36962 0.72880
oolite_missile_diffuse.png	1.0 1.0	0.68018 0.97918	0.73991 0.98579	0.73991 0.61073
oolite_missile_diffuse.png	1.0 1.0	0.68018 0.97918	0.78449 0.99958	0.73991 0.98579
oolite_missile_diffuse.png	1.0 1.0	0.36962 0.72880	0.38462 0.79304	0.37655 0.72205
oolite_missile_diffuse.png	1.0 1.0	0.34409 0.72880	0.32984 0.79304	0.34409 0.79479
oolite_missile_diffuse.png	1.0 1.0	0.77107 0.04516	0.86819 0.02649	0.77107 0.02649
oolite_missile_diffuse.png	1.0 1.0	0.77107 0.04516	0.86819 0.04516	0.86819 0.02649
oolite_missile_diffuse.png	1.0 1.0	0.69095 0.99958	0.78449 0.99958	0.68018 0.97918
oolite_missile_diffuse.png	1.0 1.0	0.33856 0.72207	0.32984 0.79304	0.34409 0.72880
oolite_missile_diffuse.png	1.0 1.0	0.76508 0.66261	0.79556 0.68600	0.80394 0.66261
oolite_missile_diffuse.png	1.0 1.0	0.76508 0.66261	0.77346 0.68600	0.79556 0.68600
oolite_missile_diffuse.png	1.0 1.0	0.06151 0.58920	0.04611 0.57583	0.04120 0.58920
oolite_missile_diffuse.png	1.0 1.0	0.06151 0.58920	0.05624 0.57583	0.04611 0.57583
oolite_missile_diffuse.png	1.0 1.0	0.96171 0.97691	0.97966 0.97691	0.96171 0.60379
oolite_missile_diffuse.png	1.0 1.0	0.61788 0.61073	0.61788 0.98579	0.67761 0.97918
oolite_missile_diffuse.png	1.0 1.0	0.61788 0.98579	0.57330 0.99958	0.67761 0.97918
oolite_missile_diffuse.png	1.0 1.0	0.18614 0.76185	0.08536 0.84648	0.10151 0.84648
oolite_missile_diffuse.png	1.0 1.0	0.18614 0.76185	0.00073 0.76185	0.08536 0.84648
oolite_missile_diffuse.png	1.0 1.0	0.18614 0.74571	0.00073 0.76185	0.18614 0.76185
oolite_missile_diffuse.png	1.0 1.0	0.18614 0.74571	0.00073 0.74571	0.00073 0.76185
oolite_missile_diffuse.png	1.0 1.0	0.73991 0.98579	0.78449 0.99958	0.77523 0.98579
oolite_missile_diffuse.png	1.0 1.0	0.58257 0.93383	0.57330 0.93383	0.58257 0.98579
oolite_missile_diffuse.png	1.0 1.0	0.58257 0.98579	0.57330 0.99958	0.61788 0.98579
oolite_missile_diffuse.png	1.0 1.0	0.57330 0.93383	0.57330 0.99958	0.58257 0.98579
oolite_missile_diffuse.png	1.0 1.0	0.77523 0.98579	0.78449 0.93383	0.77523 0.93383
oolite_missile_diffuse.png	1.0 1.0	0.77523 0.98579	0.78449 0.99958	0.78449 0.93383
oolite_missile_diffuse.png	1.0 1.0	0.59110 0.66746	0.57773 0.68832	0.59110 0.92066
oolite_missile_diffuse.png	1.0 1.0	0.34409 0.68764	0.36962 0.62164	0.34409 0.62164
oolite_missile_diffuse.png	1.0 1.0	0.36962 0.82666	0.34409 0.83581	0.36962 0.83581
oolite_missile_diffuse.png	1.0 1.0	0.36962 0.93174	0.34409 0.90181	0.34409 0.93174
oolite_missile_diffuse.png	1.0 1.0	0.36962 0.90181	0.34409 0.90181	0.36962 0.93174
oolite_missile_diffuse.png	1.0 1.0	0.66757 0.57926	0.68967 0.57926	0.65919 0.55587
oolite_missile_diffuse.png	1.0 1.0	0.57773 0.68832	0.57773 0.92066	0.59110 0.92066
oolite_missile_diffuse.png	1.0 1.0	0.14923 0.64718	0.16954 0.64718	0.15414 0.63381
oolite_missile_diffuse.png	1.0 1.0	0.02455 0.57634	0.01442 0.57634	0.02982 0.58971
oolite_missile_diffuse.png	1.0 1.0	0.10151 0.66108	0.00073 0.74571	0.18614 0.74571
oolite_missile_diffuse.png	1.0 1.0	0.15414 0.63381	0.16954 0.64718	0.16426 0.63381
oolite_missile_diffuse.png	1.0 1.0	0.01442 0.57634	0.00951 0.58971	0.02982 0.58971
oolite_missile_diffuse.png	1.0 1.0	0.08536 0.66108	0.00073 0.74571	0.10151 0.66108
oolite_missile_diffuse.png	1.0 1.0	0.68967 0.57926	0.69805 0.55587	0.65919 0.55587
oolite_missile_diffuse.png	1.0 1.0	0.28781 0.69259	0.26682 0.64742	0.27716 0.70589
oolite_missile_diffuse.png	1.0 1.0	0.28781 0.69259	0.29489 0.67548	0.26682 0.64742
oolite_missile_diffuse.png	1.0 1.0	0.08476 0.62386	0.06382 0.66898	0.09184 0.64096
oolite_missile_diffuse.png	1.0 1.0	0.36962 0.68764	0.36962 0.62164	0.34409 0.68764
oolite_missile_diffuse.png	1.0 1.0	0.34409 0.82666	0.34409 0.83581	0.36962 0.82666
oolite_missile_diffuse.png	1.0 1.0	0.07411 0.61055	0.06382 0.66898	0.08476 0.62386
oolite_missile_diffuse.png	1.0 1.0	0.07411 0.61055	0.05283 0.61055	0.06382 0.66898
oolite_missile_diffuse.png	1.0 1.0	0.93659 0.43932	0.86819 0.45799	0.93659 0.45799
oolite_missile_diffuse.png	1.0 1.0	0.86819 0.43932	0.86819 0.45799	0.93659 0.43932
oolite_missile_diffuse.png	1.0 1.0	0.26682 0.64742	0.25588 0.70589	0.27716 0.70589
oolite_missile_diffuse.png	1.0 1.0	0.26682 0.64742	0.23211 0.68213	0.25588 0.70589
oolite_missile_diffuse.png	1.0 1.0	0.86819 0.30183	0.77107 0.32050	0.86819 0.32050
oolite_missile_diffuse.png	1.0 1.0	0.86819 0.30183	0.77107 0.30183	0.77107 0.32050
oolite_missile_diffuse.png	1.0 1.0	0.05283 0.61055	0.02911 0.63427	0.06382 0.66898
oolite_missile_diffuse.png	1.0 1.0	0.06153 0.67133	0.01636 0.69231	0.03346 0.69939
oolite_missile_diffuse.png	1.0 1.0	0.06153 0.67133	0.00306 0.68167	0.01636 0.69231
oolite_missile_diffuse.png	1.0 1.0	0.06153 0.67133	0.00306 0.66038	0.00306 0.68167
oolite_missile_diffuse.png	1.0 1.0	0.26476 0.64453	0.20633 0.65553	0.23005 0.67924
oolite_missile_diffuse.png	1.0 1.0	0.26476 0.64453	0.20633 0.63424	0.20633 0.65553
oolite_missile_diffuse.png	1.0 1.0	0.51318 0.57261	0.14007 0.59056	0.51318 0.59056
oolite_missile_diffuse.png	1.0 1.0	0.07775 0.57677	0.09315 0.59014	0.08787 0.57677
oolite_missile_diffuse.png	1.0 1.0	0.07775 0.57677	0.07283 0.59014	0.09315 0.59014
oolite_missile_diffuse.png	1.0 1.0	0.23674 0.61651	0.21964 0.62360	0.26476 0.64453
oolite_missile_diffuse.png	1.0 1.0	0.02682 0.63661	0.00306 0.66038	0.06153 0.67133
oolite_missile_diffuse.png	1.0 1.0	0.88068 0.57902	0.91116 0.55563	0.87231 0.55563
oolite_missile_diffuse.png	1.0 1.0	0.21964 0.62360	0.20633 0.63424	0.26476 0.64453
oolite_missile_diffuse.png	1.0 1.0	0.90278 0.57902	0.91116 0.55563	0.88068 0.57902
oolite_missile_diffuse.png	1.0 1.0	0.77186 0.55407	0.77186 0.56323	0.79738 0.55407
oolite_missile_diffuse.png	1.0 1.0	0.79738 0.65925	0.77186 0.62923	0.77186 0.65925
oolite_missile_diffuse.png	1.0 1.0	0.79738 0.65925	0.79738 0.62923	0.77186 0.62923
oolite_missile_diffuse.png	1.0 1.0	0.77186 0.56323	0.79738 0.56323	0.79738 0.55407
oolite_missile_diffuse.png	1.0 1.0	0.14007 0.57163	0.11694 0.55368	0.11694 0.57163
oolite_missile_diffuse.png	1.0 1.0	0.14007 0.57163	0.14007 0.55368	0.11694 0.55368
oolite_missile_diffuse.png	1.0 1.0	0.14007 0.57261	0.14007 0.59056	0.51318 0.57261
oolite_missile_diffuse.png	1.0 1.0	0.96171 0.60379	0.97966 0.60379	0.96171 0.58066
oolite_missile_diffuse.png	1.0 1.0	0.36962 0.79479	0.36962 0.72880	0.34409 0.79479
oolite_missile_diffuse.png	1.0 1.0	0.97966 0.60379	0.97966 0.58066	0.96171 0.58066
oolite_missile_diffuse.png	1.0 1.0	0.14007 0.60974	0.51318 0.59179	0.14007 0.59179
oolite_missile_diffuse.png	1.0 1.0	0.14007 0.60974	0.51318 0.60974	0.51318 0.59179
oolite_missile_diffuse.png	1.0 1.0	0.36962 0.72880	0.34409 0.72880	0.34409 0.79479
oolite_missile_diffuse.png	1.0 1.0	0.51088 0.65709	0.45240 0.64614	0.48711 0.68085
oolite_missile_diffuse.png	1.0 1.0	0.51088 0.63580	0.45240 0.64614	0.51088 0.65709
oolite_missile_diffuse.png	1.0 1.0	0.49757 0.62516	0.45240 0.64614	0.51088 0.63580
oolite_missile_diffuse.png	1.0 1.0	0.48047 0.61808	0.45240 0.64614	0.49757 0.62516
oolite_missile_diffuse.png	1.0 1.0	0.48474 0.68286	0.45003 0.64815	0.46103 0.70657
oolite_missile_diffuse.png	1.0 1.0	0.93659 0.02649	0.86819 0.04516	0.93659 0.04516
oolite_missile_diffuse.png	1.0 1.0	0.86819 0.02649	0.86819 0.04516	0.93659 0.02649
oolite_missile_diffuse.png	1.0 1.0	0.93659 0.18161	0.93659 0.16294	0.86819 0.18161
oolite_missile_diffuse.png	1.0 1.0	0.45003 0.64815	0.43974 0.70657	0.46103 0.70657
oolite_missile_diffuse.png	1.0 1.0	0.45003 0.64815	0.42910 0.69327	0.43974 0.70657
oolite_missile_diffuse.png	1.0 1.0	0.45003 0.64815	0.42202 0.67617	0.42910 0.69327
oolite_missile_diffuse.png	1.0 1.0	0.93659 0.16294	0.86819 0.16294	0.86819 0.18161
oolite_missile_diffuse.png	1.0 1.0	0.58611 0.66494	0.54725 0.66494	0.57773 0.68832
oolite_missile_diffuse.png	1.0 1.0	0.34409 0.62164	0.36962 0.62164	0.34409 0.61248
oolite_missile_diffuse.png	1.0 1.0	0.34409 0.71757	0.36962 0.68764	0.34409 0.68764
oolite_missile_diffuse.png	1.0 1.0	0.34409 0.71757	0.36962 0.71757	0.36962 0.68764
oolite_missile_diffuse.png	1.0 1.0	0.37655 0.82906	0.36962 0.83581	0.38462 0.90006
oolite_missile_diffuse.png	1.0 1.0	0.36962 0.83581	0.36962 0.90181	0.38462 0.90006
oolite_missile_diffuse.png	1.0 1.0	0.66757 0.79696	0.68967 0.57926	0.66757 0.57926
oolite_missile_diffuse.png	1.0 1.0	0.66757 0.79696	0.68967 0.79696	0.68967 0.57926
oolite_missile_diffuse.png	1.0 1.0	0.57773 0.68832	0.54725 0.66494	0.55563 0.68832
oolite_missile_diffuse.png	1.0 1.0	0.36962 0.62164	0.36962 0.61248	0.34409 0.61248
oolite_missile_diffuse.png	1.0 1.0	0.32984 0.90006	0.34409 0.83581	0.33856 0.82908
oolite_missile_diffuse.png	1.0 1.0	0.32984 0.90006	0.34409 0.90181	0.34409 0.83581
oolite_missile_diffuse.png	1.0 1.0	0.86819 0.43932	0.77107 0.45799	0.86819 0.45799
oolite_missile_diffuse.png	1.0 1.0	0.93659 0.32050	0.93659 0.30183	0.86819 0.32050
oolite_missile_diffuse.png	1.0 1.0	0.93659 0.30183	0.86819 0.30183	0.86819 0.32050
oolite_missile_diffuse.png	1.0 1.0	0.51318 0.55368	0.14007 0.57163	0.51318 0.57163
oolite_missile_diffuse.png	1.0 1.0	0.51318 0.55368	0.14007 0.55368	0.14007 0.57163
oolite_missile_diffuse.png	1.0 1.0	0.75761 0.62748	0.77186 0.56323	0.76632 0.55650
oolite_missile_diffuse.png	1.0 1.0	0.75761 0.62748	0.77186 0.62923	0.77186 0.56323
oolite_missile_diffuse.png	1.0 1.0	0.80432 0.55648	0.79738 0.56323	0.81239 0.62748
oolite_missile_diffuse.png	1.0 1.0	0.77107 0.43932	0.77107 0.45799	0.86819 0.43932
oolite_missile_diffuse.png	1.0 1.0	0.11694 0.57261	0.11694 0.59056	0.14007 0.57261
oolite_missile_diffuse.png	1.0 1.0	0.79738 0.56323	0.79738 0.62923	0.81239 0.62748
oolite_missile_diffuse.png	1.0 1.0	0.11694 0.59056	0.14007 0.59056	0.14007 0.57261
oolite_missile_diffuse.png	1.0 1.0	0.89300 0.97906	0.95273 0.98579	0.95273 0.61073
oolite_missile_diffuse.png	1.0 1.0	0.89300 0.97906	0.99731 0.99958	0.95273 0.98579
oolite_missile_diffuse.png	1.0 1.0	0.36962 0.79479	0.34409 0.82472	0.36962 0.82472
oolite_missile_diffuse.png	1.0 1.0	0.34409 0.79479	0.34409 0.82472	0.36962 0.79479
oolite_missile_diffuse.png	1.0 1.0	0.90376 0.99958	0.99731 0.99958	0.89300 0.97906
oolite_missile_diffuse.png	1.0 1.0	0.77107 0.18161	0.86819 0.16294	0.77107 0.16294
oolite_missile_diffuse.png	1.0 1.0	0.89053 0.97900	0.78622 0.99958	0.87977 0.99958
oolite_missile_diffuse.png	1.0 1.0	0.36962 0.72880	0.34409 0.71964	0.34409 0.72880
oolite_missile_diffuse.png	1.0 1.0	0.36962 0.71964	0.34409 0.71964	0.36962 0.72880
oolite_missile_diffuse.png	1.0 1.0	0.95273 0.98579	0.99731 0.99958	0.98804 0.98579
oolite_missile_diffuse.png	1.0 1.0	0.83081 0.61073	0.83081 0.98579	0.89053 0.97900
oolite_missile_diffuse.png	1.0 1.0	0.83081 0.98579	0.78622 0.99958	0.89053 0.97900
oolite_missile_diffuse.png	1.0 1.0	0.98804 0.98579	0.99731 0.93383	0.98804 0.93383
oolite_missile_diffuse.png	1.0 1.0	0.98804 0.98579	0.99731 0.99958	0.99731 0.93383
oolite_missile_diffuse.png	1.0 1.0	0.86819 0.18161	0.86819 0.16294	0.77107 0.18161
oolite_missile_diffuse.png	1.0 1.0	0.79549 0.93383	0.78622 0.93383	0.79549 0.98579
oolite_missile_diffuse.png	1.0 1.0	0.79549 0.98579	0.78622 0.99958	0.83081 0.98579
oolite_missile_diffuse.png	1.0 1.0	0.78622 0.93383	0.78622 0.99958	0.79549 0.98579
oolite_missile_diffuse.png	1.0 1.0	0.34409 0.62164	0.32984 0.68589	0.34409 0.68764
oolite_missile_diffuse.png	1.0 1.0	0.33856 0.61491	0.32984 0.68589	0.34409 0.62164
oolite_missile_diffuse.png	1.0 1.0	0.36962 0.83581	0.34409 0.83581	0.36962 0.90181
oolite_missile_diffuse.png	1.0 1.0	0.36962 0.68764	0.38462 0.68589	0.36962 0.62164
oolite_missile_diffuse.png	1.0 1.0	0.36962 0.62164	0.38462 0.68589	0.37655 0.61489
oolite_missile_diffuse.png	1.0 1.0	0.34409 0.83581	0.34409 0.90181	0.36962 0.90181
oolite_missile_diffuse.png	1.0 1.0	0.35768 0.93383	0.34841 0.98579	0.35768 0.99958
oolite_missile_diffuse.png	1.0 1.0	0.35768 0.99958	0.25337 0.97908	0.26413 0.99958
oolite_missile_diffuse.png	1.0 1.0	0.35935 0.93383	0.36862 0.98579	0.36862 0.93383
oolite_missile_diffuse.png	1.0 1.0	0.35935 0.99958	0.36862 0.98579	0.35935 0.93383
oolite_missile_diffuse.png	1.0 1.0	0.35935 0.99958	0.40394 0.98579	0.36862 0.98579
oolite_missile_diffuse.png	1.0 1.0	0.35935 0.99958	0.46366 0.97930	0.40394 0.98579
oolite_missile_diffuse.png	1.0 1.0	0.34841 0.93383	0.34841 0.98579	0.35768 0.93383
oolite_missile_diffuse.png	1.0 1.0	0.34841 0.98579	0.31310 0.98579	0.35768 0.99958
oolite_missile_diffuse.png	1.0 1.0	0.14557 0.93383	0.15483 0.98579	0.15483 0.93383
oolite_missile_diffuse.png	1.0 1.0	0.14557 0.99958	0.15483 0.98579	0.14557 0.93383
oolite_missile_diffuse.png	1.0 1.0	0.14557 0.99958	0.19015 0.98579	0.15483 0.98579
oolite_missile_diffuse.png	1.0 1.0	0.14557 0.99958	0.24988 0.97908	0.19015 0.98579
oolite_missile_diffuse.png	1.0 1.0	0.57152 0.93383	0.56225 0.98579	0.57152 0.99958
oolite_missile_diffuse.png	1.0 1.0	0.57152 0.99958	0.46721 0.97930	0.47797 0.99958
oolite_missile_diffuse.png	1.0 1.0	0.56225 0.93383	0.56225 0.98579	0.57152 0.93383
oolite_missile_diffuse.png	1.0 1.0	0.56225 0.98579	0.52694 0.98579	0.57152 0.99958
oolite_missile_diffuse.png	1.0 1.0	0.31310 0.61073	0.25337 0.97908	0.31310 0.98579
oolite_missile_diffuse.png	1.0 1.0	0.31310 0.98579	0.25337 0.97908	0.35768 0.99958
oolite_missile_diffuse.png	1.0 1.0	0.40394 0.98579	0.46366 0.97930	0.40394 0.61073
oolite_missile_diffuse.png	1.0 1.0	0.19015 0.98579	0.24988 0.97908	0.19015 0.61073
oolite_missile_diffuse.png	1.0 1.0	0.52694 0.61073	0.46721 0.97930	0.52694 0.98579
oolite_missile_diffuse.png	1.0 1.0	0.52694 0.98579	0.46721 0.97930	0.57152 0.99958
oolite_missile_diffuse.png	1.0 1.0	0.45290 0.99958	0.46366 0.97930	0.35935 0.99958
oolite_missile_diffuse.png	1.0 1.0	0.77186 0.56323	0.79738 0.62923	0.79738 0.56323
oolite_missile_diffuse.png	1.0 1.0	0.23911 0.99958	0.24988 0.97908	0.14557 0.99958
oolite_missile_diffuse.png	1.0 1.0	0.77186 0.62923	0.79738 0.62923	0.77186 0.56323
oolite_missile_diffuse.png	1.0 1.0	0.14007 0.59179	0.11694 0.60974	0.14007 0.60974
oolite_missile_diffuse.png	1.0 1.0	0.11694 0.59179	0.11694 0.60974	0.14007 0.59179
oolite_missile_diffuse.png	1.0 1.0	0.18870 0.41484	0.47931 0.43778	0.60833 0.41484
oolite_missile_diffuse.png	1.0 1.0	0.18870 0.41484	0.47931 0.45998	0.47931 0.43778
oolite_missile_diffuse.png	1.0 1.0	0.18870 0.41484	0.60833 0.48334	0.47931 0.45998
oolite_missile_diffuse.png	1.0 1.0	0.18870 0.41484	0.09564 0.42190	0.18870 0.48334
oolite_missile_diffuse.png	1.0 1.0	0.18870 0.41484	0.18870 0.34527	0.09564 0.40768
oolite_missile_diffuse.png	1.0 1.0	0.60833 0.41484	0.75700 0.43042	0.99853 0.41484
oolite_missile_diffuse.png	1.0 1.0	0.60833 0.41484	0.60833 0.48334	0.75700 0.43042
oolite_missile_diffuse.png	1.0 1.0	0.60833 0.41484	0.60833 0.38969	0.18870 0.41484
oolite_missile_diffuse.png	1.0 1.0	0.99853 0.41484	0.60833 0.38969	0.60833 0.41484
oolite_missile_diffuse.png	1.0 1.0	0.99853 0.41484	0.99853 0.38969	0.60833 0.38969
oolite_missile_diffuse.png	1.0 1.0	0.75700 0.43042	0.99853 0.43042	0.99853 0.41484
oolite_missile_diffuse.png	1.0 1.0	0.75700 0.43042	0.60833 0.48334	0.75700 0.46748
oolite_missile_diffuse.png	1.0 1.0	0.80893 0.66513	0.79556 0.68600	0.80893 0.91834
oolite_missile_diffuse.png	1.0 1.0	0.47931 0.43778	0.54131 0.43778	0.60833 0.41484
oolite_missile_diffuse.png	1.0 1.0	0.54131 0.43778	0.60833 0.48334	0.60833 0.41484
oolite_missile_diffuse.png	1.0 1.0	0.47931 0.45998	0.60833 0.48334	0.54131 0.45998
oolite_missile_diffuse.png	1.0 1.0	0.54131 0.45998	0.60833 0.48334	0.54131 0.43778
oolite_missile_diffuse.png	1.0 1.0	0.76024 0.91834	0.77346 0.68600	0.76024 0.66513
oolite_missile_diffuse.png	1.0 1.0	0.75700 0.46748	0.99853 0.48334	0.99853 0.46748
oolite_missile_diffuse.png	1.0 1.0	0.60690 0.63165	0.54847 0.62136	0.59360 0.64229
oolite_missile_diffuse.png	1.0 1.0	0.18870 0.48334	0.60833 0.48334	0.18870 0.41484
oolite_missile_diffuse.png	1.0 1.0	0.18870 0.48334	0.60833 0.50844	0.60833 0.48334
oolite_missile_diffuse.png	1.0 1.0	0.18870 0.48334	0.60833 0.52697	0.60833 0.50844
oolite_missile_diffuse.png	1.0 1.0	0.18870 0.48334	0.18870 0.55212	0.60833 0.52697
oolite_missile_diffuse.png	1.0 1.0	0.60833 0.48334	0.99853 0.48334	0.75700 0.46748
oolite_missile_diffuse.png	1.0 1.0	0.60833 0.48334	0.99853 0.50844	0.99853 0.48334
oolite_missile_diffuse.png	1.0 1.0	0.60690 0.61036	0.54847 0.62136	0.60690 0.63165
oolite_missile_diffuse.png	1.0 1.0	0.79556 0.68600	0.79556 0.91834	0.80893 0.91834
oolite_missile_diffuse.png	1.0 1.0	0.79556 0.68600	0.77346 0.90369	0.79556 0.90369
oolite_missile_diffuse.png	1.0 1.0	0.79556 0.68600	0.77346 0.68600	0.77346 0.90369
oolite_missile_diffuse.png	1.0 1.0	0.03780 0.57499	0.05112 0.57499	0.03780 0.56161
oolite_missile_diffuse.png	1.0 1.0	0.06474 0.57499	0.05142 0.56161	0.05142 0.57499
oolite_missile_diffuse.png	1.0 1.0	0.77346 0.91834	0.77346 0.68600	0.76024 0.91834
oolite_missile_diffuse.png	1.0 1.0	0.06474 0.56161	0.05142 0.56161	0.06474 0.57499
oolite_missile_diffuse.png	1.0 1.0	0.59360 0.64229	0.54847 0.62136	0.57649 0.64938
oolite_missile_diffuse.png	1.0 1.0	0.09564 0.42190	0.09564 0.47686	0.18870 0.48334
oolite_missile_diffuse.png	1.0 1.0	0.09564 0.42190	0.02950 0.43413	0.09564 0.47686
oolite_missile_diffuse.png	1.0 1.0	0.09564 0.40768	0.09564 0.35272	0.02950 0.39546
oolite_missile_diffuse.png	1.0 1.0	0.09564 0.49026	0.18870 0.55212	0.18870 0.48334
oolite_missile_diffuse.png	1.0 1.0	0.09564 0.49026	0.09564 0.54522	0.18870 0.55212
oolite_missile_diffuse.png	1.0 1.0	0.60833 0.50844	0.99853 0.50844	0.60833 0.48334
oolite_missile_diffuse.png	1.0 1.0	0.58318 0.58665	0.54847 0.62136	0.60690 0.61036
oolite_missile_diffuse.png	1.0 1.0	0.60833 0.38969	0.18870 0.34527	0.18870 0.41484
oolite_missile_diffuse.png	1.0 1.0	0.17821 0.92405	0.17821 0.84899	0.12628 0.92405
oolite_missile_diffuse.png	1.0 1.0	0.01520 0.82695	0.05377 0.83708	0.05377 0.82695
oolite_missile_diffuse.png	1.0 1.0	0.01520 0.82695	0.01520 0.83708	0.05377 0.83708
oolite_missile_diffuse.png	1.0 1.0	0.05377 0.83708	0.00184 0.91207	0.05377 0.91207
oolite_missile_diffuse.png	1.0 1.0	0.00184 0.83708	0.00184 0.91207	0.05377 0.83708
oolite_missile_diffuse.png	1.0 1.0	0.05112 0.57499	0.05112 0.56161	0.03780 0.56161
oolite_missile_diffuse.png	1.0 1.0	0.60833 0.52697	0.99853 0.55212	0.99853 0.52697
oolite_missile_diffuse.png	1.0 1.0	0.60833 0.37037	0.18870 0.34527	0.60833 0.38969
oolite_missile_diffuse.png	1.0 1.0	0.60833 0.37037	0.60833 0.34527	0.18870 0.34527
oolite_missile_diffuse.png	1.0 1.0	0.99853 0.37037	0.60833 0.34527	0.60833 0.37037
oolite_missile_diffuse.png	1.0 1.0	0.99853 0.37037	0.99853 0.34527	0.60833 0.34527
oolite_missile_diffuse.png	1.0 1.0	0.02950 0.43413	0.02950 0.46464	0.09564 0.47686
oolite_missile_diffuse.png	1.0 1.0	0.02950 0.43413	0.00026 0.44939	0.02950 0.46464
oolite_missile_diffuse.png	1.0 1.0	0.02950 0.50249	0.09564 0.54522	0.09564 0.49026
oolite_missile_diffuse.png	1.0 1.0	0.02950 0.50249	0.02950 0.53300	0.09564 0.54522
oolite_missile_diffuse.png	1.0 1.0	0.02950 0.50249	0.00026 0.51775	0.02950 0.53300
oolite_missile_diffuse.png	1.0 1.0	0.18870 0.34527	0.09564 0.35272	0.09564 0.40768
oolite_missile_diffuse.png	1.0 1.0	0.18870 0.34527	0.18870 0.27665	0.09564 0.33857
oolite_missile_diffuse.png	1.0 1.0	0.60833 0.34527	0.54131 0.32220	0.47931 0.32220
oolite_missile_diffuse.png	1.0 1.0	0.60833 0.34527	0.54131 0.30000	0.54131 0.32220
oolite_missile_diffuse.png	1.0 1.0	0.60833 0.34527	0.18870 0.27665	0.18870 0.34527
oolite_missile_diffuse.png	1.0 1.0	0.60833 0.34527	0.60833 0.27665	0.54131 0.30000
oolite_missile_diffuse.png	1.0 1.0	0.99853 0.34527	0.75700 0.32964	0.60833 0.34527
oolite_missile_diffuse.png	1.0 1.0	0.99853 0.34527	0.99853 0.32964	0.75700 0.32964
oolite_missile_diffuse.png	1.0 1.0	0.18870 0.55212	0.60833 0.55212	0.60833 0.52697
oolite_missile_diffuse.png	1.0 1.0	0.18870 0.00099	0.47931 0.02421	0.60833 0.00099
oolite_missile_diffuse.png	1.0 1.0	0.18870 0.00099	0.47931 0.04641	0.47931 0.02421
oolite_missile_diffuse.png	1.0 1.0	0.18870 0.00099	0.60833 0.06959	0.47931 0.04641
oolite_missile_diffuse.png	1.0 1.0	0.60833 0.55212	0.99853 0.55212	0.60833 0.52697
oolite_missile_diffuse.png	1.0 1.0	0.60833 0.00099	0.75700 0.01692	0.99853 0.00099
oolite_missile_diffuse.png	1.0 1.0	0.60833 0.00099	0.60833 0.06959	0.75700 0.01692
oolite_missile_diffuse.png	1.0 1.0	0.55716 0.56022	0.54621 0.61870	0.58093 0.58399
oolite_missile_diffuse.png	1.0 1.0	0.55716 0.56022	0.53587 0.56022	0.54621 0.61870
oolite_missile_diffuse.png	1.0 1.0	0.09564 0.35272	0.02950 0.36495	0.02950 0.39546
oolite_missile_diffuse.png	1.0 1.0	0.09564 0.33857	0.02950 0.29584	0.02950 0.32634
oolite_missile_diffuse.png	1.0 1.0	0.09564 0.33857	0.09564 0.28360	0.02950 0.29584
oolite_missile_diffuse.png	1.0 1.0	0.09564 0.33857	0.18870 0.27665	0.09564 0.28360
oolite_missile_diffuse.png	1.0 1.0	0.09564 0.00772	0.18870 0.06959	0.18870 0.00099
oolite_missile_diffuse.png	1.0 1.0	0.75700 0.32964	0.75700 0.29258	0.60833 0.34527
oolite_missile_diffuse.png	1.0 1.0	0.65435 0.81160	0.66757 0.57926	0.65435 0.55839
oolite_missile_diffuse.png	1.0 1.0	0.65435 0.81160	0.66757 0.81160	0.66757 0.57926
oolite_missile_diffuse.png	1.0 1.0	0.75700 0.01692	0.99853 0.01692	0.99853 0.00099
oolite_missile_diffuse.png	1.0 1.0	0.75700 0.01692	0.60833 0.06959	0.75700 0.05398
oolite_missile_diffuse.png	1.0 1.0	0.53587 0.56022	0.52523 0.57353	0.54621 0.61870
oolite_missile_diffuse.png	1.0 1.0	0.02950 0.36495	0.00026 0.38021	0.02950 0.39546
oolite_missile_diffuse.png	1.0 1.0	0.02950 0.32634	0.02950 0.29584	0.00026 0.31109
oolite_missile_diffuse.png	1.0 1.0	0.02950 0.01995	0.02950 0.05045	0.09564 0.00772
oolite_missile_diffuse.png	1.0 1.0	0.47931 0.32220	0.18870 0.27665	0.60833 0.34527
oolite_missile_diffuse.png	1.0 1.0	0.47931 0.02421	0.54131 0.02421	0.60833 0.00099
oolite_missile_diffuse.png	1.0 1.0	0.54131 0.02421	0.60833 0.06959	0.60833 0.00099
oolite_missile_diffuse.png	1.0 1.0	0.03305 0.57551	0.01973 0.56212	0.01973 0.57551
oolite_missile_diffuse.png	1.0 1.0	0.03305 0.56212	0.01973 0.56212	0.03305 0.57551
oolite_missile_diffuse.png	1.0 1.0	0.57773 0.68832	0.55563 0.90602	0.57773 0.90602
oolite_missile_diffuse.png	1.0 1.0	0.14582 0.63298	0.15914 0.63298	0.14582 0.61960
oolite_missile_diffuse.png	1.0 1.0	0.52523 0.57353	0.51815 0.59063	0.54621 0.61870
oolite_missile_diffuse.png	1.0 1.0	0.17821 0.84899	0.12628 0.84899	0.12628 0.92405
oolite_missile_diffuse.png	1.0 1.0	0.17821 0.84899	0.13963 0.83887	0.13963 0.84899
oolite_missile_diffuse.png	1.0 1.0	0.15914 0.63298	0.15914 0.61960	0.14582 0.61960
oolite_missile_diffuse.png	1.0 1.0	0.01520 0.91207	0.05377 0.92219	0.05377 0.91207
oolite_missile_diffuse.png	1.0 1.0	0.01520 0.91207	0.01520 0.92219	0.05377 0.92219
oolite_missile_diffuse.png	1.0 1.0	0.00026 0.03520	0.02950 0.05045	0.02950 0.01995
oolite_missile_diffuse.png	1.0 1.0	0.00026 0.10409	0.02950 0.11934	0.02950 0.08883
oolite_missile_diffuse.png	1.0 1.0	0.17821 0.83887	0.13963 0.83887	0.17821 0.84899
oolite_missile_diffuse.png	1.0 1.0	0.10982 0.99709	0.10982 0.92212	0.05789 0.99709
oolite_missile_diffuse.png	1.0 1.0	0.01942 0.57551	0.00610 0.56212	0.00610 0.57551
oolite_missile_diffuse.png	1.0 1.0	0.01942 0.57551	0.01942 0.56212	0.00610 0.56212
oolite_missile_diffuse.png	1.0 1.0	0.05377 0.92219	0.00184 0.99718	0.05377 0.99718
oolite_missile_diffuse.png	1.0 1.0	0.15945 0.63298	0.17277 0.63298	0.15945 0.61960
oolite_missile_diffuse.png	1.0 1.0	0.00184 0.92219	0.00184 0.99718	0.05377 0.92219
oolite_missile_diffuse.png	1.0 1.0	0.68967 0.57926	0.70304 0.81160	0.70304 0.55839
oolite_missile_diffuse.png	1.0 1.0	0.68967 0.81160	0.70304 0.81160	0.68967 0.57926
oolite_missile_diffuse.png	1.0 1.0	0.55563 0.68832	0.55563 0.90602	0.57773 0.68832
oolite_missile_diffuse.png	1.0 1.0	0.55563 0.68832	0.54241 0.92066	0.55563 0.92066
oolite_missile_diffuse.png	1.0 1.0	0.17277 0.63298	0.17277 0.61960	0.15945 0.61960
oolite_missile_diffuse.png	1.0 1.0	0.47931 0.30000	0.18870 0.27665	0.47931 0.32220
oolite_missile_diffuse.png	1.0 1.0	0.47931 0.30000	0.60833 0.27665	0.18870 0.27665
oolite_missile_diffuse.png	1.0 1.0	0.54131 0.30000	0.60833 0.27665	0.47931 0.30000
oolite_missile_diffuse.png	1.0 1.0	0.47931 0.04641	0.60833 0.06959	0.54131 0.04641
oolite_missile_diffuse.png	1.0 1.0	0.54131 0.04641	0.60833 0.06959	0.54131 0.02421
oolite_missile_diffuse.png	1.0 1.0	0.02950 0.25743	0.02950 0.22693	0.00026 0.24218
oolite_missile_diffuse.png	1.0 1.0	0.02950 0.05045	0.09564 0.06268	0.09564 0.00772
oolite_missile_diffuse.png	1.0 1.0	0.02950 0.08883	0.02950 0.11934	0.09564 0.07660
oolite_missile_diffuse.png	1.0 1.0	0.75700 0.29258	0.60833 0.27665	0.60833 0.34527
oolite_missile_diffuse.png	1.0 1.0	0.75700 0.29258	0.99853 0.27665	0.60833 0.27665
oolite_missile_diffuse.png	1.0 1.0	0.99853 0.29258	0.99853 0.27665	0.75700 0.29258
oolite_missile_diffuse.png	1.0 1.0	0.54241 0.66746	0.54241 0.92066	0.55563 0.68832
oolite_missile_diffuse.png	1.0 1.0	0.75700 0.05398	0.99853 0.06959	0.99853 0.05398
oolite_missile_diffuse.png	1.0 1.0	0.09564 0.26966	0.02950 0.22693	0.02950 0.25743
oolite_missile_diffuse.png	1.0 1.0	0.09564 0.26966	0.09564 0.21469	0.02950 0.22693
oolite_missile_diffuse.png	1.0 1.0	0.09564 0.06268	0.18870 0.06959	0.09564 0.00772
oolite_missile_diffuse.png	1.0 1.0	0.09564 0.07660	0.09564 0.13157	0.18870 0.06959
oolite_missile_diffuse.png	1.0 1.0	0.18870 0.27665	0.09564 0.21469	0.09564 0.26966
oolite_missile_diffuse.png	1.0 1.0	0.18870 0.27665	0.18870 0.20762	0.09564 0.21469
oolite_missile_diffuse.png	1.0 1.0	0.60833 0.27665	0.60833 0.25138	0.18870 0.27665
oolite_missile_diffuse.png	1.0 1.0	0.99853 0.27665	0.60833 0.25138	0.60833 0.27665
oolite_missile_diffuse.png	1.0 1.0	0.99853 0.27665	0.99853 0.25138	0.60833 0.25138
oolite_missile_diffuse.png	1.0 1.0	0.18870 0.06959	0.60833 0.06959	0.18870 0.00099
oolite_missile_diffuse.png	1.0 1.0	0.18870 0.06959	0.60833 0.09469	0.60833 0.06959
oolite_missile_diffuse.png	1.0 1.0	0.18870 0.06959	0.60833 0.11360	0.60833 0.09469
oolite_missile_diffuse.png	1.0 1.0	0.18870 0.06959	0.18870 0.13875	0.60833 0.11360
oolite_missile_diffuse.png	1.0 1.0	0.60833 0.06959	0.99853 0.06959	0.75700 0.05398
oolite_missile_diffuse.png	1.0 1.0	0.60833 0.06959	0.99853 0.09469	0.99853 0.06959
oolite_missile_diffuse.png	1.0 1.0	0.02950 0.18845	0.02950 0.15795	0.00026 0.17320
oolite_missile_diffuse.png	1.0 1.0	0.02950 0.18845	0.09564 0.14572	0.02950 0.15795
oolite_missile_diffuse.png	1.0 1.0	0.02950 0.11934	0.09564 0.13157	0.09564 0.07660
oolite_missile_diffuse.png	1.0 1.0	0.60833 0.09469	0.99853 0.09469	0.60833 0.06959
oolite_missile_diffuse.png	1.0 1.0	0.60833 0.25138	0.18870 0.20762	0.18870 0.27665
oolite_missile_diffuse.png	1.0 1.0	0.08319 0.57552	0.09651 0.57552	0.08319 0.56214
oolite_missile_diffuse.png	1.0 1.0	0.08288 0.57552	0.06956 0.56214	0.06956 0.57552
oolite_missile_diffuse.png	1.0 1.0	0.08288 0.56214	0.06956 0.56214	0.08288 0.57552
oolite_missile_diffuse.png	1.0 1.0	0.10982 0.92212	0.05789 0.92212	0.05789 0.99709
oolite_missile_diffuse.png	1.0 1.0	0.10982 0.92212	0.10982 0.91198	0.07124 0.92212
oolite_missile_diffuse.png	1.0 1.0	0.10982 0.91198	0.07124 0.91198	0.07124 0.92212
oolite_missile_diffuse.png	1.0 1.0	0.60833 0.11360	0.99853 0.13875	0.99853 0.11360
oolite_missile_diffuse.png	1.0 1.0	0.60833 0.23272	0.18870 0.20762	0.60833 0.25138
oolite_missile_diffuse.png	1.0 1.0	0.60833 0.23272	0.60833 0.20762	0.18870 0.20762
oolite_missile_diffuse.png	1.0 1.0	0.99853 0.23272	0.60833 0.20762	0.60833 0.23272
oolite_missile_diffuse.png	1.0 1.0	0.99853 0.23272	0.99853 0.20762	0.60833 0.20762
oolite_missile_diffuse.png	1.0 1.0	0.09564 0.20068	0.09564 0.14572	0.02950 0.18845
oolite_missile_diffuse.png	1.0 1.0	0.09564 0.20068	0.18870 0.13875	0.09564 0.14572
oolite_missile_diffuse.png	1.0 1.0	0.09564 0.13157	0.18870 0.13875	0.18870 0.06959
oolite_missile_diffuse.png	1.0 1.0	0.88068 0.57902	0.86746 0.81136	0.88068 0.81136
oolite_missile_diffuse.png	1.0 1.0	0.88068 0.57902	0.86746 0.55816	0.86746 0.81136
oolite_missile_diffuse.png	1.0 1.0	0.09651 0.57552	0.09651 0.56214	0.08319 0.56214
oolite_missile_diffuse.png	1.0 1.0	0.88068 0.79672	0.90278 0.79672	0.88068 0.57902
oolite_missile_diffuse.png	1.0 1.0	0.90278 0.79672	0.90278 0.57902	0.88068 0.57902
oolite_missile_diffuse.png	1.0 1.0	0.90278 0.81136	0.91615 0.81136	0.90278 0.57902
oolite_missile_diffuse.png	1.0 1.0	0.91615 0.81136	0.91615 0.55816	0.90278 0.57902
oolite_missile_diffuse.png	1.0 1.0	0.18870 0.20762	0.18870 0.13875	0.09564 0.20068
oolite_missile_diffuse.png	1.0 1.0	0.60833 0.20762	0.47931 0.18429	0.18870 0.20762
oolite_missile_diffuse.png	1.0 1.0	0.60833 0.20762	0.54131 0.18429	0.47931 0.18429
oolite_missile_diffuse.png	1.0 1.0	0.60833 0.20762	0.60833 0.13875	0.54131 0.18429
oolite_missile_diffuse.png	1.0 1.0	0.99853 0.20762	0.75700 0.19179	0.60833 0.20762
oolite_missile_diffuse.png	1.0 1.0	0.99853 0.20762	0.99853 0.19179	0.75700 0.19179
oolite_missile_diffuse.png	1.0 1.0	0.75700 0.19179	0.75700 0.15472	0.60833 0.20762
oolite_missile_diffuse.png	1.0 1.0	0.47931 0.18429	0.18870 0.13875	0.18870 0.20762
oolite_missile_diffuse.png	1.0 1.0	0.54131 0.18429	0.60833 0.13875	0.54131 0.16208
oolite_missile_diffuse.png	1.0 1.0	0.47931 0.16208	0.18870 0.13875	0.47931 0.18429
oolite_missile_diffuse.png	1.0 1.0	0.47931 0.16208	0.60833 0.13875	0.18870 0.13875
oolite_missile_diffuse.png	1.0 1.0	0.54131 0.16208	0.60833 0.13875	0.47931 0.16208
oolite_missile_diffuse.png	1.0 1.0	0.75700 0.15472	0.60833 0.13875	0.60833 0.20762
oolite_missile_diffuse.png	1.0 1.0	0.75700 0.15472	0.99853 0.13875	0.60833 0.13875
oolite_missile_diffuse.png	1.0 1.0	0.99853 0.15472	0.99853 0.13875	0.75700 0.15472
oolite_missile_diffuse.png	1.0 1.0	0.18870 0.13875	0.60833 0.13875	0.60833 0.11360
oolite_missile_diffuse.png	1.0 1.0	0.60833 0.13875	0.99853 0.13875	0.60833 0.11360

END
