// output from Obj2DatTex.py Wavefront text file conversion script
// (c) 2005 By Giles Williams
// 
// original file: "interceptor.obj"
// 
// model size: 50.000 x 18.136 x 58.557
// 
// textures used: ['oolite_viper_interceptor_diffuse.png']
// 
NVERTS 232
NFACES 339

VERTEX
25.00000, -0.24153, -24.57450
25.00000, 0.36505, -24.57450
23.02050, -0.24153, -23.37520
23.02050, -0.24153, -24.57450
23.02050, 0.36505, -23.37520
23.02050, 0.36505, -24.57450
16.76600, -0.24153, -5.77618
16.76600, 0.36505, -5.77618
16.67160, -1.88221, -23.37520
16.67160, 1.81437, -23.37520
14.40170, 6.53120, -24.57450
13.79940, 5.25014, -23.37520
13.62420, -5.23980, -23.37520
13.37050, 6.53120, -23.37520
13.37050, 6.53120, -24.57450
13.10270, 7.28695, -24.57450
12.50000, -8.32387, -24.57450
12.18780, -7.17447, -23.37520
12.18780, -7.17447, -24.57450
12.18780, 7.58946, -24.57450
9.50403, -5.23980, -23.37520
9.32878, 5.25014, -23.37520
6.27127, -1.88221, -23.37520
6.27127, 1.81437, -23.37520
5.11913, -1.88221, -23.37520
5.11913, 1.81437, -23.37520
2.43019, 7.58946, -14.05800
2.43019, 7.58946, -15.21990
2.43019, 7.58946, -16.96270
2.43019, 7.58946, -24.57110
2.24702, 5.25014, -23.37520
2.07177, -5.23980, -23.37520
1.99337, 7.58946, -15.21990
1.99337, 7.58946, -16.96270
1.91730, -8.79061, -24.57450
1.91730, -8.32387, -24.57450
1.84955, -8.79061, -5.77618
1.84955, -8.32387, -5.77618
1.84955, -7.93248, -4.33645
1.75948, 7.58946, -14.05800
1.75665, 7.58946, -6.69062
1.75630, 7.28695, -5.77618
1.74618, 8.54463, -4.72005
1.74618, 8.54463, -14.05800
1.71848, 7.01425, -4.33645
1.64846, 6.24016, -0.31986
1.54642, -3.70121, 14.84460
1.54098, 9.34572, -14.05800
1.54098, 9.34572, -15.21990
1.54098, 9.34572, -16.96270
1.54098, 9.34572, -24.57110
1.48556, 4.65897, 7.88464
1.40812, 7.14074, 0.19762
1.38029, 9.03076, -14.05800
1.38029, 9.03076, -15.21990
1.38029, 9.03076, -16.96270
1.38029, 9.03656, -4.85168
1.29155, 5.01112, 7.70053
1.27208, 4.57713, 8.11175
1.25653, 6.89944, 0.05830
1.25653, 8.54463, -4.72005
1.25653, 8.55321, -2.86370
1.22363, -7.43401, -4.33645
1.18917, 4.72762, 8.03307
1.05703, 8.76513, -2.70602
1.05556, 8.75865, -4.77670
1.05501, 7.25670, 0.26456
1.04782, 8.75826, -4.77659
1.04526, 7.08902, 0.16775
1.02962, -3.67901, 13.01150
0.94791, 5.19175, 7.60428
0.91121, 4.87360, 7.95494
0.77944, 5.24011, -24.56390
0.77944, 5.24011, -25.89490
0.77944, 7.96176, -25.89490
0.77944, 9.32258, -24.56390
0.72048, -0.15856, 32.66250
0.72048, -0.15856, 32.31420
0.69079, -2.17825, 29.37620
0.69079, -2.17825, 26.75070
0.69079, -2.17825, 24.58630
0.69079, -2.17825, 21.46220
0.69079, -1.38526, 24.58630
0.69079, -0.88223, 26.75070
0.69079, -0.36754, 29.37620
0.65387, -0.24153, 30.16500
0.65387, 0.36505, 30.16500
0.46071, -2.08294, 26.75070
0.46071, -2.08294, 24.58630
0.44176, -1.38526, 24.58630
0.44176, -0.88223, 26.75070
0.36049, -2.17278, 32.66250
0.36049, -2.17278, 32.31420
0.36049, -0.78209, 32.66250
0.36049, -0.78209, 32.31420
0.36049, 0.46496, 32.66250
0.36049, 0.46496, 32.31420
0.32437, -2.54467, 29.37620
0.32437, -2.54467, 26.75070
0.32437, -2.54467, 24.58630
0.32437, -2.54467, 19.59260
0.22907, -2.31459, 26.75070
0.22907, -2.31459, 24.58630
0.19656, -2.26039, 32.56030
0.19656, -2.26039, 32.41640
0.17780, -2.03168, 29.75300
0.17780, -1.33304, 32.31420
0.17780, -1.33304, 30.37460
0.17780, -0.59763, 32.31420
0.17780, -0.35350, 29.75300
-0.17980, -2.26039, 32.56030
-0.17980, -2.26039, 32.41640
-0.18990, -2.03168, 29.75300
-0.18990, -1.33304, 32.31420
-0.18990, -1.33304, 30.37460
-0.18990, -0.59763, 32.31420
-0.18990, -0.35350, 29.75300
-0.24117, -2.31459, 26.75070
-0.24117, -2.31459, 24.58630
-0.33647, -2.54467, 29.37620
-0.33647, -2.54467, 26.75070
-0.33647, -2.54467, 24.58630
-0.33647, -2.54467, 19.59260
-0.35950, -2.17278, 32.66250
-0.35950, -2.17278, 32.31420
-0.35950, -0.78209, 32.66250
-0.35950, -0.78209, 32.31420
-0.35950, 0.46496, 32.66250
-0.35950, 0.46496, 32.31420
-0.45386, -1.38526, 24.58630
-0.45386, -0.88223, 26.75070
-0.47282, -2.08294, 26.75070
-0.47282, -2.08294, 24.58630
-0.61881, -0.24153, 30.16500
-0.61881, 0.36505, 30.16500
-0.70290, -2.17825, 29.37620
-0.70290, -2.17825, 26.75070
-0.70290, -2.17825, 24.58630
-0.70290, -2.17825, 21.46220
-0.70290, -1.38526, 24.58630
-0.70290, -0.88223, 26.75070
-0.70290, -0.36754, 29.37620
-0.70359, -1.58340, 28.55150
-0.70359, -1.44952, 28.96360
-0.70359, -1.23289, 28.29690
-0.70359, -1.01626, 28.96360
-0.70359, -0.88238, 28.55150
-0.71949, -0.15856, 32.66250
-0.71949, -0.15856, 32.31420
-0.77579, 5.24011, -24.56390
-0.77579, 5.24011, -25.89490
-0.77579, 7.96176, -25.89490
-0.77579, 9.32258, -24.56390
-0.91105, 4.87360, 7.95494
-0.94791, 5.19175, 7.60428
-1.01851, -1.58340, 28.55150
-1.01851, -1.44952, 28.96360
-1.01851, -1.23289, 28.29690
-1.01851, -1.01626, 28.96360
-1.01851, -0.88238, 28.55150
-1.02962, -3.67901, 13.01150
-1.04473, 7.08909, 0.16779
-1.04782, 8.75826, -4.77659
-1.04914, 8.76479, -2.70588
-1.05501, 7.25670, 0.26456
-1.18675, 4.72806, 8.03284
-1.22363, -7.43401, -4.33645
-1.26797, 4.57713, 8.11175
-1.28977, 5.01112, 7.70053
-1.30535, 6.89944, 0.05830
-1.30535, 8.54463, -4.72005
-1.30535, 8.55321, -2.86370
-1.38029, 9.03076, -14.05800
-1.38029, 9.03076, -15.21990
-1.38029, 9.03076, -16.96270
-1.38029, 9.03656, -4.85168
-1.40634, 7.14074, 0.19762
-1.47928, 4.65897, 7.88464
-1.54281, 9.34569, -14.05800
-1.54281, 9.34569, -15.21990
-1.54281, 9.34569, -16.96270
-1.54281, 9.34569, -24.57110
-1.54642, -3.70121, 14.84460
-1.63986, 6.24016, -0.31986
-1.71848, 7.01425, -4.33645
-1.74301, 7.58946, -14.05800
-1.74583, 7.58946, -6.69062
-1.74618, 7.28695, -5.77618
-1.74618, 8.54463, -4.72005
-1.74618, 8.54463, -14.05800
-1.84955, -8.79061, -5.77618
-1.84955, -8.32387, -5.77618
-1.84955, -7.93248, -4.33645
-1.91730, -8.79061, -24.57450
-1.91730, -8.32387, -24.57450
-1.98672, 7.58946, -15.21990
-1.98672, 7.58946, -16.96270
-2.04835, -5.23980, -23.37520
-2.22365, 5.25014, -23.37520
-2.42562, 7.58946, -14.05800
-2.42562, 7.58946, -15.21990
-2.42562, 7.58946, -16.96270
-2.42562, 7.58946, -24.57110
-5.28115, -1.88221, -23.37520
-5.28115, 1.81437, -23.37520
-6.37542, -1.88221, -23.37520
-6.37542, 1.81437, -23.37520
-9.24753, 5.25014, -23.37520
-9.42278, -5.23980, -23.37520
-12.18780, -7.17447, -23.37520
-12.18780, -7.17447, -24.57450
-12.18780, 7.58946, -24.57450
-12.50000, -8.32387, -24.57450
-13.10270, 7.28695, -24.57450
-13.37050, 6.53120, -23.37520
-13.37050, 6.53120, -24.57450
-13.54290, -5.23980, -23.37520
-13.71820, 5.25014, -23.37520
-14.40170, 6.53120, -24.57450
-16.76600, -0.24153, -5.77618
-16.76600, 0.36505, -5.77618
-16.77570, -1.88221, -23.37520
-16.77570, 1.81437, -23.37520
-23.02050, -0.24153, -23.37520
-23.02050, -0.24153, -24.57450
-23.02050, 0.36505, -23.37520
-23.02050, 0.36505, -24.57450
-25.00000, -0.24153, -24.57450
-25.00000, 0.36505, -24.57450
14.40170, 6.53120, -24.57450
1.48556, 4.65897, 7.88464
-1.47928, 4.65897, 7.88464

FACES
128,127,127,	0.52824,-0.81696,0.23138,	3,	0,16,6
128,127,127,	0.00000,-0.00000,-1.00000,	3,	1,3,0
128,127,127,	-1.00000,0.00000,-0.00000,	3,	2,5,4
128,127,127,	-0.53905,0.84227,-0.00000,	3,	2,18,3
128,127,127,	-0.00000,-0.00000,-1.00000,	3,	4,13,9
128,127,127,	-0.53844,-0.84266,0.00000,	3,	5,14,13
128,127,127,	0.91250,-0.00000,0.40907,	3,	6,86,7
128,127,127,	0.49111,0.84412,0.21512,	3,	7,15,1
128,127,127,	0.41194,0.89326,0.18000,	3,	7,51,41
128,127,127,	0.00000,-0.00000,-1.00000,	3,	8,12,4
128,127,127,	0.00000,-0.00000,-1.00000,	3,	13,21,11
128,127,127,	0.00000,-0.00000,-1.00000,	3,	13,198,30
128,127,127,	-0.00000,-1.00000,0.00000,	3,	13,215,214
128,127,127,	-0.00000,1.00000,0.00000,	3,	17,210,18
128,127,127,	0.00000,-0.00000,-1.00000,	3,	18,212,16
128,127,127,	-0.00000,-0.00000,-1.00000,	3,	19,211,15
128,127,127,	-0.00000,-0.00000,-1.00000,	3,	20,31,17
128,127,127,	-0.00000,-0.00000,-1.00000,	3,	21,30,23
128,127,127,	0.00000,-0.00000,-1.00000,	3,	23,24,22
128,127,127,	-0.00000,-0.00000,1.00000,	3,	26,199,47
128,127,127,	0.89216,0.45171,-0.00000,	3,	28,49,29
128,127,127,	0.92021,0.39143,-0.00000,	3,	32,54,33
128,127,127,	-0.00000,-1.00000,0.00000,	3,	34,190,36
128,127,127,	0.00000,-1.00000,0.00000,	3,	35,37,16
128,127,127,	-0.00000,-0.00000,-1.00000,	3,	35,194,34
128,127,127,	1.00000,-0.00000,0.00000,	3,	36,38,37
128,127,127,	-0.60769,-0.77749,0.16191,	3,	38,69,46
128,127,127,	-0.00000,-0.00000,1.00000,	3,	38,166,62
128,127,127,	0.99990,0.01392,0.00038,	3,	40,43,39
128,127,127,	0.00000,1.00000,0.00000,	3,	40,186,19
128,127,127,	0.99998,0.00605,0.00238,	3,	41,42,40
128,127,127,	0.80239,0.59680,-0.00000,	3,	42,56,43
128,127,127,	-0.00000,0.24314,0.96999,	3,	44,60,42
128,127,127,	0.97343,0.21588,0.07640,	3,	45,57,52
128,127,127,	0.48888,-0.84437,0.21916,	3,	46,85,6
128,127,127,	-0.00001,1.00000,-0.00000,	3,	47,179,48
128,127,127,	0.00000,-0.00000,-1.00000,	3,	48,200,27
128,127,127,	-0.00001,1.00000,-0.00000,	3,	49,180,50
128,127,127,	0.00002,0.50000,-0.86602,	3,	52,68,59
128,127,127,	0.34531,0.90209,0.25883,	3,	52,70,66
128,127,127,	-0.00000,1.00000,-0.00063,	3,	53,175,172
128,127,127,	0.00000,1.00000,0.00000,	3,	54,173,55
128,127,127,	0.18921,0.71729,0.67059,	3,	57,71,70
128,127,127,	-0.00813,0.45979,0.88799,	3,	58,71,63
128,127,127,	0.88878,0.39887,0.22575,	3,	59,61,45
128,127,127,	0.00229,0.25795,0.96616,	3,	60,67,56
128,127,127,	-0.00000,-0.97737,0.21155,	3,	62,160,69
128,127,127,	0.72713,0.68650,-0.00266,	3,	64,65,61
128,127,127,	0.00000,0.26048,0.96548,	3,	65,162,56
128,127,127,	-0.00000,0.50000,-0.86602,	3,	66,164,161
128,127,127,	-0.00011,0.86381,0.50381,	3,	68,163,64
128,127,127,	-0.00000,0.69923,-0.71490,	3,	74,152,151
128,127,127,	0.86603,-0.49999,-0.00000,	3,	76,94,93
128,127,127,	0.86603,0.50000,-0.00000,	3,	76,95,77
128,127,127,	-0.00000,-0.00000,-1.00000,	3,	77,96,94
128,127,127,	1.00000,0.00000,0.00000,	3,	78,83,79
128,127,127,	0.70711,-0.70711,-0.00000,	3,	78,98,97
128,127,127,	0.59198,-0.00000,0.80595,	3,	78,105,84
128,127,127,	-0.00000,-0.00000,1.00000,	3,	80,139,82
128,127,127,	0.70711,-0.70711,-0.00000,	3,	81,100,99
128,127,127,	-0.00000,-0.00000,-1.00000,	3,	83,140,136
128,127,127,	0.00000,0.98193,0.18924,	3,	86,134,51
128,127,127,	0.47134,-0.88195,-0.00000,	3,	92,103,91
128,127,127,	0.00000,-0.75922,-0.65083,	3,	92,111,104
128,127,127,	-0.00000,-0.00000,1.00000,	3,	93,125,95
128,127,127,	-0.00000,-0.00000,-1.00000,	3,	94,126,124
128,127,127,	0.00000,1.00000,0.00000,	3,	95,127,96
128,127,127,	-0.00000,-0.00000,-1.00000,	3,	96,128,126
128,127,127,	-0.00000,-0.59198,0.80595,	3,	97,119,105
128,127,127,	-0.00000,-0.00000,-1.00000,	3,	98,136,120
128,127,127,	-0.00000,-1.00000,0.00000,	3,	99,122,121
128,127,127,	-0.00000,-1.00000,0.00000,	3,	104,110,103
128,127,127,	1.00000,-0.00000,0.00000,	3,	106,108,107
128,127,127,	1.00000,0.00000,0.00000,	3,	107,109,105
128,127,127,	-0.00000,-0.75922,0.65083,	3,	110,123,91
128,127,127,	-0.43823,-0.89886,-0.00000,	3,	111,124,110
128,127,127,	-0.00000,-0.66471,0.74710,	3,	112,114,107
128,127,127,	-0.59198,-0.00000,0.80596,	3,	112,141,116
128,127,127,	-1.00000,-0.00000,0.00000,	3,	114,115,113
128,127,127,	-0.44437,-0.44438,0.77785,	3,	119,135,112
128,127,127,	-0.70710,-0.70712,0.00000,	3,	121,138,137
128,127,127,	-0.86603,-0.49999,-0.00000,	3,	126,147,125
128,127,127,	-0.00000,-0.00000,1.00000,	3,	133,134,85
128,127,127,	-0.00000,-0.00000,1.00000,	3,	137,139,99
128,127,127,	-1.00000,-0.00000,0.00000,	3,	140,141,135
128,127,127,	-0.86603,0.50000,-0.00000,	3,	147,148,127
128,127,127,	-0.00000,0.74060,0.67194,	3,	153,154,70
128,127,127,	0.00813,0.45987,0.88795,	3,	153,167,165
128,127,127,	-0.34685,0.90154,0.25870,	3,	154,176,164
128,127,127,	-1.00000,0.00000,0.00000,	3,	155,157,156
128,127,127,	-0.00000,-0.00000,1.00000,	3,	156,158,143
128,127,127,	-1.00000,-0.00000,0.00000,	3,	157,159,158
128,127,127,	0.00000,-0.99993,-0.01211,	3,	160,182,46
128,127,127,	-0.00002,0.50001,-0.86602,	3,	161,176,169
128,127,127,	-0.63892,0.76927,-0.00356,	3,	162,171,170
128,127,127,	0.61492,-0.77214,0.16025,	3,	166,192,160
128,127,127,	-0.97487,0.20985,0.07471,	3,	168,183,176
128,127,127,	-0.71479,0.60862,0.34446,	3,	169,171,163
128,127,127,	-0.41171,0.89338,0.17991,	3,	177,220,187
128,127,127,	-0.89347,0.44912,-0.00000,	3,	178,200,179
128,127,127,	-0.89347,0.44912,-0.00000,	3,	180,201,181
128,127,127,	0.00000,-0.00000,-1.00000,	3,	181,202,50
128,127,127,	-0.49000,-0.84347,0.22014,	3,	182,219,133
128,127,127,	-0.97680,0.20594,0.05881,	3,	183,184,171
128,127,127,	-0.00000,0.24314,0.96999,	3,	184,188,170
128,127,127,	-1.00000,-0.00037,0.00000,	3,	186,189,188
128,127,127,	-0.46106,0.84252,0.27854,	3,	187,213,186
128,127,127,	-0.99999,-0.00000,0.00360,	3,	190,193,191
128,127,127,	-0.92173,0.38782,-0.00000,	3,	195,196,174
128,127,127,	0.00000,-0.00000,-1.00000,	3,	197,209,17
128,127,127,	-0.00000,-0.00000,-1.00000,	3,	204,207,206
128,127,127,	0.00000,-0.00000,-1.00000,	3,	205,208,203
128,127,127,	-0.00000,-0.00000,-1.00000,	3,	208,216,209
128,127,127,	-0.00000,-0.00000,-1.00000,	3,	209,225,223
128,127,127,	-0.45994,-0.84885,0.26059,	3,	212,219,191
128,127,127,	0.00000,-0.00000,-1.00000,	3,	213,218,10
128,127,127,	0.00000,-0.00000,-1.00000,	3,	214,217,207
128,127,127,	0.00000,-0.00000,-1.00000,	3,	214,225,222
128,127,127,	0.53844,-0.84266,-0.00000,	3,	215,226,225
128,127,127,	0.00000,-0.00000,-1.00000,	3,	218,228,226
128,127,127,	-0.91217,-0.00000,0.40981,	3,	219,220,134
128,127,127,	-0.00000,-0.00000,-1.00000,	3,	221,225,216
128,127,127,	0.53905,0.84227,0.00000,	3,	223,224,210
128,127,127,	-0.00000,-0.00000,-1.00000,	3,	224,227,212
128,127,127,	-0.91598,-0.00000,0.40122,	3,	227,228,220
129,127,127,	0.91598,-0.00000,0.40122,	3,	0,6,1
129,127,127,	-0.00000,-0.00000,-1.00000,	3,	1,5,3
129,127,127,	0.00000,-0.00000,-1.00000,	3,	3,16,0
129,127,127,	-0.00000,-0.00000,-1.00000,	3,	4,9,8
129,127,127,	-0.53844,-0.84266,-0.00000,	3,	5,13,4
129,127,127,	0.40601,0.88040,0.24506,	3,	7,41,15
129,127,127,	0.41710,0.88942,0.18698,	3,	7,86,51
129,127,127,	-0.00000,-0.00000,-1.00000,	3,	9,13,11
129,127,127,	-0.00000,-0.00000,-1.00000,	3,	12,20,17
129,127,127,	0.00000,-0.00000,-1.00000,	3,	13,30,21
129,127,127,	-0.00000,-0.00000,-1.00000,	3,	13,214,198
129,127,127,	-0.00000,-1.00000,0.00000,	3,	14,215,13
129,127,127,	0.30880,0.93392,0.18011,	3,	15,40,19
129,127,127,	-0.00000,-0.00000,-1.00000,	3,	15,213,10
129,127,127,	0.45994,-0.84885,0.26059,	3,	16,37,6
129,127,127,	-0.53905,0.84227,-0.00000,	3,	17,18,2
129,127,127,	-0.00000,-0.00000,-1.00000,	3,	23,25,24
129,127,127,	0.00000,-0.00000,-1.00000,	3,	24,31,22
129,127,127,	0.89216,0.45171,-0.00000,	3,	26,48,27
129,127,127,	-0.00000,-0.00000,-1.00000,	3,	31,197,17
129,127,127,	-0.00000,-0.00000,-1.00000,	3,	34,194,193
129,127,127,	0.99999,-0.00000,0.00360,	3,	36,37,34
129,127,127,	-0.00000,-0.00000,1.00000,	3,	38,192,166
129,127,127,	0.99964,-0.01209,0.02397,	3,	41,44,42
129,127,127,	0.99994,0.01096,0.00000,	3,	42,43,40
129,127,127,	0.00000,0.25849,0.96602,	3,	42,60,56
129,127,127,	0.79898,0.60136,-0.00038,	3,	43,56,53
129,127,127,	0.97068,0.23233,0.06170,	3,	45,61,44
129,127,127,	-0.00000,-0.97544,0.22028,	3,	46,182,133
129,127,127,	0.00000,-0.00000,1.00000,	3,	49,201,180
129,127,127,	0.00000,-0.00000,-1.00000,	3,	50,202,29
129,127,127,	0.00268,0.49875,-0.86674,	3,	52,59,45
129,127,127,	0.39234,0.88325,0.25680,	3,	57,70,52
129,127,127,	0.79571,0.52711,0.29833,	3,	59,64,61
129,127,127,	-0.61492,-0.77214,0.16025,	3,	62,69,38
129,127,127,	-0.00000,-0.97737,0.21155,	3,	62,166,160
129,127,127,	0.18867,0.71789,0.67011,	3,	63,71,57
129,127,127,	-0.00019,1.00000,-0.00313,	3,	64,162,65
129,127,127,	0.00002,0.50000,-0.86603,	3,	66,68,52
129,127,127,	-0.00000,-0.99993,-0.01211,	3,	69,160,46
129,127,127,	-0.00000,0.46755,0.88397,	3,	71,167,153
129,127,127,	1.00000,0.00000,0.00000,	3,	72,74,73
129,127,127,	-0.00000,0.69923,-0.71490,	3,	75,152,74
129,127,127,	0.86603,-0.49999,-0.00000,	3,	77,94,76
129,127,127,	1.00000,-0.00000,0.00000,	3,	78,84,83
129,127,127,	-0.00000,-0.00000,-1.00000,	3,	79,136,98
129,127,127,	0.91250,-0.00000,0.40907,	3,	85,86,6
129,127,127,	0.99987,0.01578,-0.00367,	3,	87,90,89
129,127,127,	0.70712,-0.70709,-0.00000,	3,	88,101,87
129,127,127,	1.00000,-0.00000,0.00000,	3,	91,93,92
129,127,127,	0.47134,-0.88195,-0.00000,	3,	92,104,103
129,127,127,	-0.00000,-0.75922,-0.65083,	3,	92,124,111
129,127,127,	-0.00000,-0.00000,1.00000,	3,	93,95,76
129,127,127,	0.86603,0.50000,0.00000,	3,	95,96,77
129,127,127,	0.00000,-0.00000,-1.00000,	3,	96,126,94
129,127,127,	0.44438,-0.44438,0.77785,	3,	97,105,78
129,127,127,	-0.00000,-1.00000,0.00000,	3,	98,120,97
129,127,127,	-0.00000,-0.00000,1.00000,	3,	99,139,80
129,127,127,	-0.00000,-1.00000,0.00000,	3,	101,118,117
129,127,127,	-0.00000,-0.75922,0.65083,	3,	103,110,91
129,127,127,	-0.00000,-1.00000,0.00000,	3,	104,111,110
129,127,127,	0.59198,-0.00000,0.80595,	3,	105,109,84
129,127,127,	-0.00000,-0.59198,0.80595,	3,	105,119,112
129,127,127,	-0.00000,-1.00000,0.00000,	3,	107,114,106
129,127,127,	1.00000,0.00000,0.00000,	3,	108,109,107
129,127,127,	-0.43823,-0.89886,0.00000,	3,	110,124,123
129,127,127,	-1.00000,0.00000,0.00000,	3,	114,116,115
129,127,127,	-0.70711,-0.70711,0.00000,	3,	118,132,131
129,127,127,	-0.70710,-0.70712,-0.00000,	3,	120,136,119
129,127,127,	-0.00000,-0.00000,1.00000,	3,	121,137,99
129,127,127,	-0.00000,-0.00000,1.00000,	3,	123,125,91
129,127,127,	-0.00000,-0.00000,1.00000,	3,	125,147,127
129,127,127,	-0.86603,-0.49999,0.00000,	3,	126,148,147
129,127,127,	-0.00000,1.00000,-0.00000,	3,	127,128,96
129,127,127,	-0.99987,0.01579,-0.00367,	3,	130,131,129
129,127,127,	-0.91217,-0.00000,0.40981,	3,	133,219,134
129,127,127,	-0.41732,0.88921,0.18749,	3,	134,220,177
129,127,127,	-0.59198,-0.00000,0.80596,	3,	135,141,112
129,127,127,	-1.00000,-0.00000,0.00000,	3,	136,140,135
129,127,127,	-0.00000,-0.00000,1.00000,	3,	143,158,145
129,127,127,	-0.00000,-0.58769,-0.80908,	3,	144,157,155
129,127,127,	-0.00000,0.58769,-0.80908,	3,	146,159,144
129,127,127,	-1.00000,-0.00000,0.00000,	3,	150,151,149
129,127,127,	-0.00000,0.96263,0.27083,	3,	154,164,70
129,127,127,	-0.00000,-0.95107,0.30898,	3,	155,156,143
129,127,127,	-1.00000,-0.00000,0.00000,	3,	157,158,156
129,127,127,	0.60769,-0.77749,0.16191,	3,	160,192,182
129,127,127,	0.00004,0.86386,0.50373,	3,	161,163,68
129,127,127,	-0.00000,0.26050,0.96547,	3,	162,175,56
129,127,127,	-0.63571,0.77192,-0.00284,	3,	163,171,162
129,127,127,	-0.00002,0.50000,-0.86603,	3,	164,176,161
129,127,127,	-0.18953,0.71769,0.67008,	3,	165,168,153
129,127,127,	-0.39406,0.88253,0.25662,	3,	168,176,154
129,127,127,	-0.91527,0.35058,0.19842,	3,	169,183,171
129,127,127,	0.00000,0.25849,0.96602,	3,	170,188,175
129,127,127,	-0.96552,0.26034,-0.00120,	3,	171,184,170
129,127,127,	-0.79898,0.60136,-0.00038,	3,	175,189,172
129,127,127,	-0.00001,1.00000,-0.00000,	3,	178,179,47
129,127,127,	0.00000,-0.00000,-1.00000,	3,	179,200,48
129,127,127,	-0.00001,1.00000,-0.00000,	3,	180,181,50
129,127,127,	-0.99999,-0.00332,-0.00038,	3,	185,189,186
129,127,127,	-0.30879,0.93389,0.18029,	3,	186,213,211
129,127,127,	-0.99977,-0.01394,0.01660,	3,	187,188,184
129,127,127,	-0.40577,0.88049,0.24514,	3,	187,220,213
129,127,127,	-1.00000,-0.00000,0.00000,	3,	191,192,190
129,127,127,	-0.46678,-0.86147,0.19998,	3,	191,219,182
129,127,127,	-0.00000,-1.00000,0.00000,	3,	194,212,191
129,127,127,	-0.00000,-0.00000,-1.00000,	3,	198,207,204
129,127,127,	-0.89347,0.44912,-0.00000,	3,	199,200,178
129,127,127,	-0.89347,0.44912,-0.00000,	3,	201,202,181
129,127,127,	-0.00000,-0.00000,-1.00000,	3,	204,206,205
129,127,127,	0.00000,-0.00000,-1.00000,	3,	208,209,197
129,127,127,	-0.00000,1.00000,-0.00000,	3,	209,210,17
129,127,127,	-0.00000,-0.00000,-1.00000,	3,	210,224,212
129,127,127,	0.00000,-0.00000,-1.00000,	3,	214,222,217
129,127,127,	0.53844,-0.84266,-0.00000,	3,	215,225,214
129,127,127,	-0.00000,-0.00000,-1.00000,	3,	216,225,209
129,127,127,	0.00000,-0.00000,-1.00000,	3,	218,226,215
129,127,127,	-0.91598,-0.00000,0.40122,	3,	219,227,220
129,127,127,	-0.00000,-0.00000,-1.00000,	3,	222,225,221
129,127,127,	1.00000,0.00000,0.00000,	3,	223,226,224
129,127,127,	-0.00000,-0.00000,-1.00000,	3,	226,228,227
130,127,127,	-0.00000,-0.00000,-1.00000,	3,	1,229,5
130,127,127,	-1.00000,-0.00000,0.00000,	3,	3,5,2
130,127,127,	-0.00000,-0.00000,-1.00000,	3,	3,18,16
130,127,127,	0.00000,-0.00000,-1.00000,	3,	4,17,2
130,127,127,	-0.00000,-0.00000,-1.00000,	3,	5,229,14
130,127,127,	0.91598,-0.00000,0.40122,	3,	6,7,1
130,127,127,	0.46180,0.84205,0.27874,	3,	15,41,40
130,127,127,	0.00000,-0.00000,-1.00000,	3,	22,31,20
130,127,127,	-0.00000,-0.00000,-1.00000,	3,	23,30,25
130,127,127,	-0.00000,-0.00000,1.00000,	3,	28,201,49
130,127,127,	0.99999,-0.00000,0.00360,	3,	34,37,35
130,127,127,	-0.00000,-1.00000,0.00000,	3,	34,193,190
130,127,127,	-0.00000,-0.85899,0.51199,	3,	36,192,38
130,127,127,	0.46678,-0.86147,0.19998,	3,	37,46,6
130,127,127,	0.95743,0.28867,-0.00133,	3,	44,61,60
130,127,127,	-0.00000,-0.97544,0.22028,	3,	46,133,85
130,127,127,	0.89216,0.45171,0.00000,	3,	47,48,26
130,127,127,	0.00000,-0.00000,1.00000,	3,	47,199,178
130,127,127,	0.89216,0.45171,0.00000,	3,	49,50,29
130,127,127,	0.92021,0.39143,0.00000,	3,	54,55,33
130,127,127,	-0.00000,1.00000,-0.00063,	3,	56,175,53
130,127,127,	0.00000,0.46755,0.88397,	3,	58,167,71
130,127,127,	0.71953,0.59859,0.35207,	3,	59,68,64
130,127,127,	-0.00016,1.00000,-0.00315,	3,	64,163,162
130,127,127,	0.00000,0.50000,-0.86603,	3,	66,161,68
130,127,127,	-0.00000,0.96263,0.27083,	3,	70,164,66
130,127,127,	0.00000,0.74060,0.67194,	3,	71,153,70
130,127,127,	1.00000,-0.00000,0.00000,	3,	72,75,74
130,127,127,	-0.00000,-0.00000,-1.00000,	3,	74,151,150
130,127,127,	0.70711,-0.70711,-0.00000,	3,	79,98,78
130,127,127,	0.70711,-0.70711,-0.00000,	3,	81,99,80
130,127,127,	0.00000,-0.00000,-1.00000,	3,	83,136,79
130,127,127,	-0.00000,-0.00000,1.00000,	3,	85,134,86
130,127,127,	0.99963,0.02715,-0.00000,	3,	87,89,88
130,127,127,	0.70712,-0.70709,-0.00000,	3,	88,102,101
130,127,127,	-0.00000,-0.00000,1.00000,	3,	91,125,93
130,127,127,	0.00000,-0.00000,-1.00000,	3,	94,124,92
130,127,127,	-0.00000,-1.00000,0.00000,	3,	97,120,119
130,127,127,	-0.00000,-1.00000,0.00000,	3,	100,122,99
130,127,127,	-0.00000,-0.66471,0.74710,	3,	105,112,107
130,127,127,	-1.00000,-0.00000,0.00000,	3,	112,116,114
130,127,127,	-0.70711,-0.70711,-0.00000,	3,	118,131,117
130,127,127,	-0.70710,-0.70712,0.00000,	3,	119,136,135
130,127,127,	-0.70710,-0.70712,-0.00000,	3,	122,138,121
130,127,127,	-1.00000,0.00000,-0.00000,	3,	123,126,125
130,127,127,	-0.00000,-0.00000,1.00000,	3,	125,127,95
130,127,127,	-0.00000,-0.00000,-1.00000,	3,	128,148,126
130,127,127,	-0.99963,0.02717,-0.00000,	3,	131,132,129
130,127,127,	-0.00000,0.98193,0.18924,	3,	134,177,51
130,127,127,	-1.00000,-0.00000,0.00000,	3,	138,139,137
130,127,127,	0.00000,-0.58769,-0.80908,	3,	144,155,142
130,127,127,	-0.00000,0.58769,-0.80908,	3,	144,159,157
130,127,127,	0.00000,0.95107,0.30898,	3,	145,158,146
130,127,127,	-1.00000,-0.00000,0.00000,	3,	151,152,149
130,127,127,	-0.19008,0.71707,0.67058,	3,	153,168,154
130,127,127,	-0.64330,0.66095,0.38640,	3,	161,169,163
130,127,127,	-0.00207,0.25819,0.96609,	3,	170,175,162
130,127,127,	-0.92173,0.38782,-0.00000,	3,	173,195,174
130,127,127,	-0.00354,0.49890,-0.86665,	3,	176,183,169
130,127,127,	-1.00000,0.00025,-0.00030,	3,	186,188,187
130,127,127,	-0.00000,1.00000,0.00000,	3,	186,211,19
130,127,127,	-0.80239,0.59680,-0.00000,	3,	188,189,175
130,127,127,	-0.99999,-0.00000,0.00360,	3,	193,194,191
130,127,127,	-0.00000,-0.00000,-1.00000,	3,	198,214,207
130,127,127,	0.00000,-0.00000,-1.00000,	3,	203,208,197
130,127,127,	0.00000,-0.00000,-1.00000,	3,	204,205,203
130,127,127,	0.53905,0.84227,-0.00000,	3,	209,223,210
130,127,127,	0.00000,-0.00000,-1.00000,	3,	210,212,18
130,127,127,	0.00000,-0.00000,-1.00000,	3,	211,213,15
130,127,127,	-0.52824,-0.81696,0.23138,	3,	212,227,219
130,127,127,	-0.49111,0.84412,0.21512,	3,	220,228,213
130,127,127,	1.00000,0.00000,0.00000,	3,	225,226,223
130,127,127,	0.00000,-0.00000,-1.00000,	3,	226,227,224
131,127,127,	0.00000,-0.00000,-1.00000,	3,	12,17,4
131,127,127,	0.84237,0.52581,0.11806,	3,	45,230,57
131,127,127,	0.46537,0.59770,0.65283,	3,	57,230,63
131,127,127,	0.72940,0.68408,-0.00316,	3,	61,65,60
131,127,127,	0.46537,0.59770,0.65283,	3,	63,230,58
131,127,127,	0.00000,-0.00000,-1.00000,	3,	74,150,73
131,127,127,	1.00000,-0.00000,0.00000,	3,	80,82,81
131,127,127,	1.00000,0.00000,0.00000,	3,	93,94,92
131,127,127,	-0.00000,-1.00000,0.00000,	3,	102,118,101
131,127,127,	-0.00000,-1.00000,0.00000,	3,	106,114,113
131,127,127,	-1.00000,-0.00000,0.00000,	3,	124,126,123
131,127,127,	-0.86603,0.50000,-0.00000,	3,	127,148,128
131,127,127,	-0.00000,-0.95107,0.30898,	3,	142,155,143
131,127,127,	-0.00000,0.95107,0.30898,	3,	158,159,146
131,127,127,	-0.47073,0.59426,0.65212,	3,	165,231,168
131,127,127,	-0.47073,0.59426,0.65213,	3,	167,231,165
131,127,127,	-0.84798,0.51712,0.11626,	3,	168,231,183
131,127,127,	-0.00000,1.00000,-0.00000,	3,	173,174,55
131,127,127,	-0.00000,-0.85899,0.51199,	3,	190,192,36

TEXTURES
oolite_viper_interceptor_diffuse.png	1.0 1.0	0.00604 0.96400	0.19795 0.96400	0.09925 0.74118
oolite_viper_interceptor_diffuse.png	1.0 1.0	0.95738 0.12364	0.93226 0.13206	0.95738 0.13206
oolite_viper_interceptor_diffuse.png	1.0 1.0	0.01178 0.01840	0.00191 0.00217	0.00191 0.01840
oolite_viper_interceptor_diffuse.png	1.0 1.0	0.01178 0.01840	0.16320 0.00217	0.01178 0.00217
oolite_viper_interceptor_diffuse.png	1.0 1.0	0.93226 0.12364	0.80976 0.03807	0.85167 0.10353
oolite_viper_interceptor_diffuse.png	1.0 1.0	0.00302 0.02950	0.13514 0.02950	0.13514 0.04589
oolite_viper_interceptor_diffuse.png	1.0 1.0	0.44622 0.48175	0.62761 0.90629	0.43645 0.48175
oolite_viper_interceptor_diffuse.png	1.0 1.0	0.44622 0.48175	0.52868 0.25985	0.35128 0.25985
oolite_viper_interceptor_diffuse.png	1.0 1.0	0.44622 0.48175	0.64870 0.64542	0.65895 0.48175
oolite_viper_interceptor_diffuse.png	1.0 1.0	0.85167 0.15483	0.81298 0.20142	0.93226 0.12364
oolite_viper_interceptor_diffuse.png	1.0 1.0	0.80976 0.03807	0.75845 0.05585	0.81520 0.05585
oolite_viper_interceptor_diffuse.png	1.0 1.0	0.80976 0.03807	0.61181 0.05585	0.66856 0.05585
oolite_viper_interceptor_diffuse.png	1.0 1.0	0.13514 0.04589	0.30831 0.02950	0.30831 0.04589
oolite_viper_interceptor_diffuse.png	1.0 1.0	0.16320 0.01840	0.47517 0.00217	0.16320 0.00217
oolite_viper_interceptor_diffuse.png	1.0 1.0	0.79475 0.22827	0.48136 0.24422	0.79871 0.24422
oolite_viper_interceptor_diffuse.png	1.0 1.0	0.79475 0.02339	0.48533 0.02339	0.80636 0.02758
oolite_viper_interceptor_diffuse.png	1.0 1.0	0.76068 0.20142	0.66634 0.20142	0.79475 0.22827
oolite_viper_interceptor_diffuse.png	1.0 1.0	0.75845 0.05585	0.66856 0.05585	0.71964 0.10353
oolite_viper_interceptor_diffuse.png	1.0 1.0	0.71964 0.10353	0.70502 0.15483	0.71965 0.15483
oolite_viper_interceptor_diffuse.png	1.0 1.0	0.76784 0.81640	0.76784 0.88594	0.79042 0.82914
oolite_viper_interceptor_diffuse.png	1.0 1.0	0.90674 0.70925	0.93231 0.70925	0.90674 0.62136
oolite_viper_interceptor_diffuse.png	1.0 1.0	0.92226 0.75174	0.94247 0.75174	0.92226 0.73161
oolite_viper_interceptor_diffuse.png	1.0 1.0	0.84056 0.90561	0.89068 0.67747	0.84056 0.67747
oolite_viper_interceptor_diffuse.png	1.0 1.0	0.31605 0.99824	0.31693 0.78108	0.17951 0.99824
oolite_viper_interceptor_diffuse.png	1.0 1.0	0.66437 0.24422	0.61570 0.24422	0.66437 0.25070
oolite_viper_interceptor_diffuse.png	1.0 1.0	0.84056 0.67747	0.82898 0.66006	0.83428 0.67747
oolite_viper_interceptor_diffuse.png	1.0 1.0	0.00143 0.35412	0.01485 0.14733	0.00777 0.12609
oolite_viper_interceptor_diffuse.png	1.0 1.0	0.00470 0.35994	0.04430 0.35412	0.01277 0.35412
oolite_viper_interceptor_diffuse.png	1.0 1.0	0.91434 0.84028	0.92675 0.75517	0.91434 0.75517
oolite_viper_interceptor_diffuse.png	1.0 1.0	0.15266 0.25652	0.19785 0.25652	0.01807 0.05007
oolite_viper_interceptor_diffuse.png	1.0 1.0	0.91053 0.85116	0.92675 0.86311	0.91434 0.84028
oolite_viper_interceptor_diffuse.png	1.0 1.0	0.92675 0.86311	0.93442 0.86145	0.92675 0.75517
oolite_viper_interceptor_diffuse.png	1.0 1.0	0.93018 0.88557	0.93614 0.86734	0.92982 0.86734
oolite_viper_interceptor_diffuse.png	1.0 1.0	0.93143 0.89179	0.94657 0.98937	0.94530 0.89478
oolite_viper_interceptor_diffuse.png	1.0 1.0	0.29156 0.49703	0.27916 0.31563	0.09925 0.74118
oolite_viper_interceptor_diffuse.png	1.0 1.0	0.79042 0.82914	0.80532 0.87330	0.80532 0.82914
oolite_viper_interceptor_diffuse.png	1.0 1.0	0.80532 0.82914	0.82760 0.88624	0.82760 0.81670
oolite_viper_interceptor_diffuse.png	1.0 1.0	0.93231 0.70925	0.97210 0.70925	0.93231 0.62136
oolite_viper_interceptor_diffuse.png	1.0 1.0	0.94566 0.89363	0.95061 0.89303	0.94772 0.89024
oolite_viper_interceptor_diffuse.png	1.0 1.0	0.94530 0.89478	0.95180 0.98787	0.95047 0.89538
oolite_viper_interceptor_diffuse.png	1.0 1.0	0.93453 0.75517	0.97012 0.86150	0.97014 0.75517
oolite_viper_interceptor_diffuse.png	1.0 1.0	0.94247 0.75174	0.97830 0.75174	0.94247 0.73161
oolite_viper_interceptor_diffuse.png	1.0 1.0	0.94686 0.99009	0.95214 0.99375	0.95180 0.98787
oolite_viper_interceptor_diffuse.png	1.0 1.0	0.94725 0.99782	0.95214 0.99375	0.94837 0.99576
oolite_viper_interceptor_diffuse.png	1.0 1.0	0.72045 0.99955	0.72081 0.93686	0.70290 0.99955
oolite_viper_interceptor_diffuse.png	1.0 1.0	0.93614 0.86800	0.93871 0.86544	0.93442 0.86211
oolite_viper_interceptor_diffuse.png	1.0 1.0	0.01277 0.35412	0.04142 0.14733	0.01485 0.14733
oolite_viper_interceptor_diffuse.png	1.0 1.0	0.72755 0.93788	0.72748 0.89907	0.72150 0.93473
oolite_viper_interceptor_diffuse.png	1.0 1.0	0.93871 0.86478	0.96583 0.86483	0.93442 0.86145
oolite_viper_interceptor_diffuse.png	1.0 1.0	0.95047 0.89538	0.97906 0.89538	0.97892 0.89304
oolite_viper_interceptor_diffuse.png	1.0 1.0	0.72753 0.99955	0.77110 0.93788	0.72755 0.93788
oolite_viper_interceptor_diffuse.png	1.0 1.0	0.89171 0.94844	0.86801 0.90924	0.86801 0.94844
oolite_viper_interceptor_diffuse.png	1.0 1.0	0.01376 0.81521	0.00250 0.83249	0.01376 0.83249
oolite_viper_interceptor_diffuse.png	1.0 1.0	0.01376 0.81521	0.01376 0.79793	0.00250 0.81521
oolite_viper_interceptor_diffuse.png	1.0 1.0	0.00339 0.38055	0.01279 0.36514	0.01279 0.39596
oolite_viper_interceptor_diffuse.png	1.0 1.0	0.03253 0.52685	0.09331 0.55557	0.09331 0.52685
oolite_viper_interceptor_diffuse.png	1.0 1.0	0.03253 0.52685	0.09331 0.51337	0.03252 0.51337
oolite_viper_interceptor_diffuse.png	1.0 1.0	0.00277 0.48340	0.01376 0.48003	0.00277 0.44174
oolite_viper_interceptor_diffuse.png	1.0 1.0	0.00384 0.68775	0.03979 0.66653	0.00383 0.66653
oolite_viper_interceptor_diffuse.png	1.0 1.0	0.07846 0.62633	0.12290 0.61205	0.00420 0.61205
oolite_viper_interceptor_diffuse.png	1.0 1.0	0.00384 0.65007	0.03980 0.65007	0.03980 0.68775
oolite_viper_interceptor_diffuse.png	1.0 1.0	0.66087 0.90629	0.67729 0.90629	0.65014 0.64417
oolite_viper_interceptor_diffuse.png	1.0 1.0	0.00251 0.87096	0.01047 0.87634	0.01377 0.87096
oolite_viper_interceptor_diffuse.png	1.0 1.0	0.00251 0.87096	0.00582 0.88867	0.00582 0.87634
oolite_viper_interceptor_diffuse.png	1.0 1.0	0.01279 0.39596	0.03158 0.39596	0.01279 0.36514
oolite_viper_interceptor_diffuse.png	1.0 1.0	0.01279 0.39596	0.03158 0.39596	0.03158 0.43033
oolite_viper_interceptor_diffuse.png	1.0 1.0	0.01377 0.79794	0.01377 0.77435	0.00251 0.79794
oolite_viper_interceptor_diffuse.png	1.0 1.0	0.01279 0.36514	0.03158 0.36514	0.03158 0.39596
oolite_viper_interceptor_diffuse.png	1.0 1.0	0.01062 0.49183	0.02477 0.49183	0.01376 0.48003
oolite_viper_interceptor_diffuse.png	1.0 1.0	0.01330 0.69840	0.03980 0.68775	0.03035 0.69840
oolite_viper_interceptor_diffuse.png	1.0 1.0	0.00420 0.61205	0.12290 0.59248	0.00420 0.59248
oolite_viper_interceptor_diffuse.png	1.0 1.0	0.00582 0.87634	0.01047 0.88867	0.01047 0.87634
oolite_viper_interceptor_diffuse.png	1.0 1.0	0.04240 0.67428	0.04240 0.65310	0.09307 0.67428
oolite_viper_interceptor_diffuse.png	1.0 1.0	0.09307 0.67428	0.10931 0.64607	0.10931 0.69440
oolite_viper_interceptor_diffuse.png	1.0 1.0	0.01047 0.88867	0.01377 0.89456	0.01377 0.87096
oolite_viper_interceptor_diffuse.png	1.0 1.0	0.00582 0.88867	0.00251 0.89456	0.01047 0.88867
oolite_viper_interceptor_diffuse.png	1.0 1.0	0.09404 0.74733	0.09404 0.72201	0.08455 0.72201
oolite_viper_interceptor_diffuse.png	1.0 1.0	0.02164 0.48003	0.03262 0.44174	0.02164 0.44142
oolite_viper_interceptor_diffuse.png	1.0 1.0	0.06746 0.72680	0.01679 0.70562	0.01679 0.72680
oolite_viper_interceptor_diffuse.png	1.0 1.0	0.02477 0.49183	0.03262 0.48340	0.02164 0.48003
oolite_viper_interceptor_diffuse.png	1.0 1.0	0.00420 0.59248	0.07846 0.57820	0.00420 0.57820
oolite_viper_interceptor_diffuse.png	1.0 1.0	0.00250 0.83249	0.01376 0.81521	0.01376 0.83249
oolite_viper_interceptor_diffuse.png	1.0 1.0	0.32661 0.31587	0.32661 0.30886	0.31019 0.31587
oolite_viper_interceptor_diffuse.png	1.0 1.0	0.03980 0.68775	0.03979 0.66653	0.01330 0.69840
oolite_viper_interceptor_diffuse.png	1.0 1.0	0.09331 0.45367	0.03262 0.44176	0.03262 0.48368
oolite_viper_interceptor_diffuse.png	1.0 1.0	0.01376 0.81521	0.00250 0.81521	0.01376 0.79793
oolite_viper_interceptor_diffuse.png	1.0 1.0	0.97683 0.99375	0.97747 0.98800	0.95180 0.98787
oolite_viper_interceptor_diffuse.png	1.0 1.0	0.97683 0.99375	0.98166 0.99782	0.98056 0.99576
oolite_viper_interceptor_diffuse.png	1.0 1.0	0.97747 0.98800	0.98421 0.89504	0.97906 0.89538
oolite_viper_interceptor_diffuse.png	1.0 1.0	0.02110 0.77794	0.04876 0.79907	0.03166 0.74375
oolite_viper_interceptor_diffuse.png	1.0 1.0	0.13935 0.99533	0.16878 0.99533	0.13935 0.97448
oolite_viper_interceptor_diffuse.png	1.0 1.0	0.04876 0.79907	0.07642 0.77794	0.06586 0.74375
oolite_viper_interceptor_diffuse.png	1.0 1.0	0.04142 0.14733	0.04767 0.12609	0.00777 0.12609
oolite_viper_interceptor_diffuse.png	1.0 1.0	0.97892 0.89304	0.98392 0.89356	0.98255 0.89018
oolite_viper_interceptor_diffuse.png	1.0 1.0	0.77125 0.89879	0.77834 0.93473	0.77845 0.89992
oolite_viper_interceptor_diffuse.png	1.0 1.0	0.04430 0.35412	0.05454 0.35412	0.04142 0.14733
oolite_viper_interceptor_diffuse.png	1.0 1.0	0.98279 0.98965	0.99800 0.89204	0.98421 0.89504
oolite_viper_interceptor_diffuse.png	1.0 1.0	0.77883 0.99955	0.77872 0.93725	0.77110 0.93788
oolite_viper_interceptor_diffuse.png	1.0 1.0	0.69121 0.64407	0.89452 0.48175	0.68014 0.48175
oolite_viper_interceptor_diffuse.png	1.0 1.0	0.80532 0.90169	0.79042 0.87330	0.79042 0.90169
oolite_viper_interceptor_diffuse.png	1.0 1.0	0.97210 0.70925	0.99715 0.70925	0.97210 0.62136
oolite_viper_interceptor_diffuse.png	1.0 1.0	0.97210 0.62136	0.98349 0.60095	0.93231 0.62136
oolite_viper_interceptor_diffuse.png	1.0 1.0	0.34856 0.49703	0.54078 0.74118	0.36063 0.31563
oolite_viper_interceptor_diffuse.png	1.0 1.0	0.79657 0.99955	0.82246 0.92747	0.77872 0.93725
oolite_viper_interceptor_diffuse.png	1.0 1.0	0.97455 0.88558	0.97486 0.86738	0.96917 0.86738
oolite_viper_interceptor_diffuse.png	1.0 1.0	0.99056 0.84028	0.97823 0.75517	0.97823 0.86291
oolite_viper_interceptor_diffuse.png	1.0 1.0	0.19942 0.26685	0.34512 0.05007	0.19785 0.25652
oolite_viper_interceptor_diffuse.png	1.0 1.0	0.89068 0.67747	0.89068 0.90556	0.89687 0.67747
oolite_viper_interceptor_diffuse.png	1.0 1.0	0.99853 0.75174	0.99853 0.73161	0.97830 0.73161
oolite_viper_interceptor_diffuse.png	1.0 1.0	0.61404 0.20142	0.48533 0.22827	0.79475 0.22827
oolite_viper_interceptor_diffuse.png	1.0 1.0	0.57300 0.10353	0.52265 0.05585	0.55910 0.10353
oolite_viper_interceptor_diffuse.png	1.0 1.0	0.55911 0.15483	0.52043 0.20142	0.57300 0.15483
oolite_viper_interceptor_diffuse.png	1.0 1.0	0.52043 0.20142	0.46813 0.20142	0.48533 0.22827
oolite_viper_interceptor_diffuse.png	1.0 1.0	0.48533 0.22827	0.34781 0.12364	0.34781 0.13206
oolite_viper_interceptor_diffuse.png	1.0 1.0	0.43963 0.96400	0.54078 0.74118	0.32147 0.74118
oolite_viper_interceptor_diffuse.png	1.0 1.0	0.47371 0.02758	0.45722 0.03807	0.82285 0.03807
oolite_viper_interceptor_diffuse.png	1.0 1.0	0.47031 0.03807	0.46590 0.05585	0.52265 0.05585
oolite_viper_interceptor_diffuse.png	1.0 1.0	0.47031 0.03807	0.34781 0.12364	0.42708 0.10353
oolite_viper_interceptor_diffuse.png	1.0 1.0	0.30831 0.02950	0.44062 0.02950	0.44062 0.04589
oolite_viper_interceptor_diffuse.png	1.0 1.0	0.45722 0.03807	0.32269 0.12364	0.34781 0.12364
oolite_viper_interceptor_diffuse.png	1.0 1.0	0.89452 0.48175	0.90094 0.48175	0.71315 0.90629
oolite_viper_interceptor_diffuse.png	1.0 1.0	0.42709 0.15483	0.34781 0.12364	0.46813 0.20142
oolite_viper_interceptor_diffuse.png	1.0 1.0	0.62743 0.01840	0.62748 0.00217	0.47517 0.00217
oolite_viper_interceptor_diffuse.png	1.0 1.0	0.34781 0.13206	0.32269 0.13206	0.48136 0.24422
oolite_viper_interceptor_diffuse.png	1.0 1.0	0.98903 0.25985	0.99645 0.25985	0.90094 0.48175
oolite_viper_interceptor_diffuse.png	1.0 1.0	0.35128 0.25985	0.44622 0.48175	0.34409 0.25985
oolite_viper_interceptor_diffuse.png	1.0 1.0	0.95738 0.12364	0.93226 0.12364	0.93226 0.13206
oolite_viper_interceptor_diffuse.png	1.0 1.0	0.93226 0.13206	0.79871 0.24422	0.95738 0.13206
oolite_viper_interceptor_diffuse.png	1.0 1.0	0.93226 0.12364	0.85167 0.10353	0.85167 0.15483
oolite_viper_interceptor_diffuse.png	1.0 1.0	0.00302 0.02950	0.13514 0.04589	0.00302 0.04589
oolite_viper_interceptor_diffuse.png	1.0 1.0	0.44622 0.48175	0.65895 0.48175	0.52868 0.25985
oolite_viper_interceptor_diffuse.png	1.0 1.0	0.44622 0.48175	0.63490 0.90629	0.64870 0.64542
oolite_viper_interceptor_diffuse.png	1.0 1.0	0.85167 0.10353	0.80976 0.03807	0.81520 0.05585
oolite_viper_interceptor_diffuse.png	1.0 1.0	0.81298 0.20142	0.76068 0.20142	0.79475 0.22827
oolite_viper_interceptor_diffuse.png	1.0 1.0	0.80976 0.03807	0.66856 0.05585	0.75845 0.05585
oolite_viper_interceptor_diffuse.png	1.0 1.0	0.80976 0.03807	0.47031 0.03807	0.61181 0.05585
oolite_viper_interceptor_diffuse.png	1.0 1.0	0.13514 0.02950	0.30831 0.02950	0.13514 0.04589
oolite_viper_interceptor_diffuse.png	1.0 1.0	0.00577 0.05007	0.15266 0.25652	0.01807 0.05007
oolite_viper_interceptor_diffuse.png	1.0 1.0	0.80636 0.02758	0.47371 0.02758	0.82285 0.03807
oolite_viper_interceptor_diffuse.png	1.0 1.0	0.19795 0.96400	0.31585 0.74118	0.09925 0.74118
oolite_viper_interceptor_diffuse.png	1.0 1.0	0.16320 0.01840	0.16320 0.00217	0.01178 0.01840
oolite_viper_interceptor_diffuse.png	1.0 1.0	0.71964 0.10353	0.70502 0.10353	0.70502 0.15483
oolite_viper_interceptor_diffuse.png	1.0 1.0	0.70502 0.15483	0.66634 0.20142	0.71965 0.15483
oolite_viper_interceptor_diffuse.png	1.0 1.0	0.79042 0.80122	0.80532 0.82914	0.80532 0.80122
oolite_viper_interceptor_diffuse.png	1.0 1.0	0.66634 0.20142	0.61404 0.20142	0.79475 0.22827
oolite_viper_interceptor_diffuse.png	1.0 1.0	0.66437 0.25070	0.61570 0.24422	0.61570 0.25070
oolite_viper_interceptor_diffuse.png	1.0 1.0	0.84056 0.67747	0.83428 0.67747	0.84056 0.90561
oolite_viper_interceptor_diffuse.png	1.0 1.0	0.00470 0.35994	0.05242 0.35994	0.04430 0.35412
oolite_viper_interceptor_diffuse.png	1.0 1.0	0.91053 0.85116	0.90760 0.86792	0.92675 0.86311
oolite_viper_interceptor_diffuse.png	1.0 1.0	0.92675 0.86311	0.92675 0.75517	0.91434 0.84028
oolite_viper_interceptor_diffuse.png	1.0 1.0	0.92982 0.86800	0.93614 0.86800	0.93442 0.86211
oolite_viper_interceptor_diffuse.png	1.0 1.0	0.92675 0.75517	0.93442 0.86145	0.93453 0.75517
oolite_viper_interceptor_diffuse.png	1.0 1.0	0.70290 0.99955	0.72081 0.93686	0.67624 0.92683
oolite_viper_interceptor_diffuse.png	1.0 1.0	0.29858 0.49743	0.33849 0.49743	0.32661 0.31587
oolite_viper_interceptor_diffuse.png	1.0 1.0	0.93231 0.70925	0.98326 0.72931	0.97210 0.70925
oolite_viper_interceptor_diffuse.png	1.0 1.0	0.93231 0.62136	0.98349 0.60095	0.92084 0.60095
oolite_viper_interceptor_diffuse.png	1.0 1.0	0.94566 0.89363	0.94772 0.89024	0.94241 0.88103
oolite_viper_interceptor_diffuse.png	1.0 1.0	0.94657 0.98937	0.95180 0.98787	0.94530 0.89478
oolite_viper_interceptor_diffuse.png	1.0 1.0	0.72045 0.99955	0.72755 0.93788	0.72081 0.93686
oolite_viper_interceptor_diffuse.png	1.0 1.0	0.01277 0.35412	0.01485 0.14733	0.00143 0.35412
oolite_viper_interceptor_diffuse.png	1.0 1.0	0.01277 0.35412	0.04430 0.35412	0.04142 0.14733
oolite_viper_interceptor_diffuse.png	1.0 1.0	0.94837 0.99576	0.95214 0.99375	0.94686 0.99009
oolite_viper_interceptor_diffuse.png	1.0 1.0	0.72755 0.93788	0.77125 0.89879	0.72748 0.89907
oolite_viper_interceptor_diffuse.png	1.0 1.0	0.95047 0.89538	0.95061 0.89303	0.94566 0.89363
oolite_viper_interceptor_diffuse.png	1.0 1.0	0.01485 0.14733	0.04142 0.14733	0.00777 0.12609
oolite_viper_interceptor_diffuse.png	1.0 1.0	0.95214 0.99375	0.98166 0.99782	0.97683 0.99375
oolite_viper_interceptor_diffuse.png	1.0 1.0	0.92849 0.99095	0.89171 0.94844	0.89171 0.99095
oolite_viper_interceptor_diffuse.png	1.0 1.0	0.89171 0.90924	0.86801 0.90924	0.89171 0.94844
oolite_viper_interceptor_diffuse.png	1.0 1.0	0.00250 0.81521	0.00250 0.83249	0.01376 0.81521
oolite_viper_interceptor_diffuse.png	1.0 1.0	0.03253 0.52685	0.03253 0.56698	0.09331 0.55557
oolite_viper_interceptor_diffuse.png	1.0 1.0	0.00384 0.68775	0.03980 0.68775	0.01330 0.69840
oolite_viper_interceptor_diffuse.png	1.0 1.0	0.63490 0.90629	0.62761 0.90629	0.44622 0.48175
oolite_viper_interceptor_diffuse.png	1.0 1.0	0.11968 0.55584	0.11968 0.58300	0.16631 0.57162
oolite_viper_interceptor_diffuse.png	1.0 1.0	0.16631 0.55584	0.11968 0.54877	0.11968 0.55584
oolite_viper_interceptor_diffuse.png	1.0 1.0	0.01376 0.87103	0.01376 0.83249	0.00251 0.87096
oolite_viper_interceptor_diffuse.png	1.0 1.0	0.00251 0.87096	0.00582 0.87634	0.01047 0.87634
oolite_viper_interceptor_diffuse.png	1.0 1.0	0.00251 0.87096	0.00251 0.89456	0.00582 0.88867
oolite_viper_interceptor_diffuse.png	1.0 1.0	0.01279 0.39596	0.01279 0.36514	0.00339 0.38055
oolite_viper_interceptor_diffuse.png	1.0 1.0	0.01376 0.79793	0.00250 0.79793	0.00250 0.81521
oolite_viper_interceptor_diffuse.png	1.0 1.0	0.01279 0.36514	0.03158 0.39596	0.01279 0.39596
oolite_viper_interceptor_diffuse.png	1.0 1.0	0.01062 0.49183	0.01376 0.48003	0.00277 0.48340
oolite_viper_interceptor_diffuse.png	1.0 1.0	0.09331 0.51337	0.09331 0.49740	0.03252 0.51337
oolite_viper_interceptor_diffuse.png	1.0 1.0	0.01330 0.69840	0.03979 0.66653	0.00384 0.68775
oolite_viper_interceptor_diffuse.png	1.0 1.0	0.11968 0.54877	0.16631 0.53536	0.11964 0.53536
oolite_viper_interceptor_diffuse.png	1.0 1.0	0.01047 0.87634	0.01047 0.88867	0.01377 0.87096
oolite_viper_interceptor_diffuse.png	1.0 1.0	0.00582 0.87634	0.00582 0.88867	0.01047 0.88867
oolite_viper_interceptor_diffuse.png	1.0 1.0	0.01376 0.48003	0.01376 0.44142	0.00277 0.44174
oolite_viper_interceptor_diffuse.png	1.0 1.0	0.01376 0.48003	0.02477 0.49183	0.02164 0.48003
oolite_viper_interceptor_diffuse.png	1.0 1.0	0.06747 0.72679	0.06747 0.73805	0.01681 0.72679
oolite_viper_interceptor_diffuse.png	1.0 1.0	0.04240 0.65310	0.10931 0.64607	0.09307 0.67428
oolite_viper_interceptor_diffuse.png	1.0 1.0	0.01047 0.88867	0.00251 0.89456	0.01377 0.89456
oolite_viper_interceptor_diffuse.png	1.0 1.0	0.06746 0.72680	0.08370 0.69859	0.01679 0.70562
oolite_viper_interceptor_diffuse.png	1.0 1.0	0.16631 0.53536	0.16631 0.52692	0.11964 0.52692
oolite_viper_interceptor_diffuse.png	1.0 1.0	0.09331 0.49740	0.09331 0.48368	0.03262 0.49740
oolite_viper_interceptor_diffuse.png	1.0 1.0	0.03035 0.69840	0.03980 0.68775	0.01330 0.69840
oolite_viper_interceptor_diffuse.png	1.0 1.0	0.03158 0.43033	0.03158 0.39596	0.01279 0.43033
oolite_viper_interceptor_diffuse.png	1.0 1.0	0.03158 0.39596	0.04097 0.38055	0.03158 0.36514
oolite_viper_interceptor_diffuse.png	1.0 1.0	0.00250 0.83249	0.00250 0.81521	0.01376 0.81521
oolite_viper_interceptor_diffuse.png	1.0 1.0	0.01377 0.77435	0.00251 0.77435	0.00251 0.79794
oolite_viper_interceptor_diffuse.png	1.0 1.0	0.11964 0.49975	0.11964 0.52692	0.16631 0.51113
oolite_viper_interceptor_diffuse.png	1.0 1.0	0.70593 0.90629	0.89452 0.48175	0.71315 0.90629
oolite_viper_interceptor_diffuse.png	1.0 1.0	0.70593 0.90629	0.89452 0.48175	0.69121 0.64407
oolite_viper_interceptor_diffuse.png	1.0 1.0	0.03262 0.48340	0.03262 0.44174	0.02164 0.48003
oolite_viper_interceptor_diffuse.png	1.0 1.0	0.09331 0.48368	0.09331 0.45367	0.03262 0.48368
oolite_viper_interceptor_diffuse.png	1.0 1.0	0.13935 0.97448	0.16878 0.99533	0.16878 0.97448
oolite_viper_interceptor_diffuse.png	1.0 1.0	0.07384 0.97448	0.07384 0.99533	0.10831 0.99533
oolite_viper_interceptor_diffuse.png	1.0 1.0	0.03937 0.97448	0.03937 0.99533	0.07384 0.97448
oolite_viper_interceptor_diffuse.png	1.0 1.0	0.86801 0.99095	0.86801 0.94844	0.83098 0.99095
oolite_viper_interceptor_diffuse.png	1.0 1.0	0.97747 0.98800	0.97906 0.89538	0.95180 0.98787
oolite_viper_interceptor_diffuse.png	1.0 1.0	0.10831 0.99533	0.13935 0.99533	0.13935 0.97448
oolite_viper_interceptor_diffuse.png	1.0 1.0	0.04876 0.79907	0.06586 0.74375	0.03166 0.74375
oolite_viper_interceptor_diffuse.png	1.0 1.0	0.04142 0.14733	0.05454 0.35412	0.04767 0.12609
oolite_viper_interceptor_diffuse.png	1.0 1.0	0.77103 0.99955	0.77110 0.93788	0.72753 0.99955
oolite_viper_interceptor_diffuse.png	1.0 1.0	0.96583 0.86483	0.97012 0.86150	0.93442 0.86145
oolite_viper_interceptor_diffuse.png	1.0 1.0	0.77110 0.93788	0.77834 0.93473	0.77125 0.89879
oolite_viper_interceptor_diffuse.png	1.0 1.0	0.97906 0.89538	0.98392 0.89356	0.97892 0.89304
oolite_viper_interceptor_diffuse.png	1.0 1.0	0.98056 0.99576	0.98236 0.99029	0.97683 0.99375
oolite_viper_interceptor_diffuse.png	1.0 1.0	0.98279 0.98965	0.98421 0.89504	0.97747 0.98800
oolite_viper_interceptor_diffuse.png	1.0 1.0	0.77883 0.99955	0.79657 0.99955	0.77872 0.93725
oolite_viper_interceptor_diffuse.png	1.0 1.0	0.96917 0.86738	0.97486 0.86738	0.97012 0.86150
oolite_viper_interceptor_diffuse.png	1.0 1.0	0.77872 0.93725	0.82246 0.92747	0.79707 0.90729
oolite_viper_interceptor_diffuse.png	1.0 1.0	0.97012 0.86150	0.97823 0.75517	0.97014 0.75517
oolite_viper_interceptor_diffuse.png	1.0 1.0	0.79042 0.87330	0.80532 0.87330	0.79042 0.82914
oolite_viper_interceptor_diffuse.png	1.0 1.0	0.80532 0.87330	0.82760 0.88624	0.80532 0.82914
oolite_viper_interceptor_diffuse.png	1.0 1.0	0.97210 0.70925	0.97210 0.62136	0.93231 0.62136
oolite_viper_interceptor_diffuse.png	1.0 1.0	0.99056 0.75517	0.97823 0.75517	0.99056 0.84028
oolite_viper_interceptor_diffuse.png	1.0 1.0	0.19785 0.25652	0.34512 0.05007	0.33257 0.05007
oolite_viper_interceptor_diffuse.png	1.0 1.0	0.99495 0.85056	0.97823 0.86291	0.99845 0.86738
oolite_viper_interceptor_diffuse.png	1.0 1.0	0.68014 0.48175	0.89452 0.48175	0.81193 0.25985
oolite_viper_interceptor_diffuse.png	1.0 1.0	0.89687 0.67747	0.90217 0.66000	0.89068 0.67747
oolite_viper_interceptor_diffuse.png	1.0 1.0	0.32147 0.74118	0.54078 0.74118	0.34856 0.49703
oolite_viper_interceptor_diffuse.png	1.0 1.0	0.32114 0.99824	0.45768 0.99824	0.32027 0.78108
oolite_viper_interceptor_diffuse.png	1.0 1.0	0.61181 0.05585	0.52265 0.05585	0.57300 0.10353
oolite_viper_interceptor_diffuse.png	1.0 1.0	0.80532 0.87330	0.79042 0.87330	0.80532 0.90169
oolite_viper_interceptor_diffuse.png	1.0 1.0	0.99715 0.70925	0.99715 0.62136	0.97210 0.62136
oolite_viper_interceptor_diffuse.png	1.0 1.0	0.57300 0.10353	0.55910 0.10353	0.55911 0.15483
oolite_viper_interceptor_diffuse.png	1.0 1.0	0.52043 0.20142	0.48533 0.22827	0.61404 0.20142
oolite_viper_interceptor_diffuse.png	1.0 1.0	0.47517 0.01840	0.47517 0.00217	0.16320 0.01840
oolite_viper_interceptor_diffuse.png	1.0 1.0	0.48533 0.22827	0.34781 0.13206	0.48136 0.24422
oolite_viper_interceptor_diffuse.png	1.0 1.0	0.47031 0.03807	0.42708 0.10353	0.46590 0.05585
oolite_viper_interceptor_diffuse.png	1.0 1.0	0.30831 0.02950	0.44062 0.04589	0.30831 0.04589
oolite_viper_interceptor_diffuse.png	1.0 1.0	0.46813 0.20142	0.34781 0.12364	0.48533 0.22827
oolite_viper_interceptor_diffuse.png	1.0 1.0	0.45722 0.03807	0.34781 0.12364	0.47031 0.03807
oolite_viper_interceptor_diffuse.png	1.0 1.0	0.89452 0.48175	0.98903 0.25985	0.90094 0.48175
oolite_viper_interceptor_diffuse.png	1.0 1.0	0.42708 0.10353	0.34781 0.12364	0.42709 0.15483
oolite_viper_interceptor_diffuse.png	1.0 1.0	0.63761 0.00217	0.62743 0.01840	0.62748 0.00217
oolite_viper_interceptor_diffuse.png	1.0 1.0	0.34781 0.12364	0.32269 0.12364	0.32269 0.13206
oolite_viper_interceptor_diffuse.png	1.0 1.0	0.95738 0.12364	0.82285 0.03807	0.93226 0.12364
oolite_viper_interceptor_diffuse.png	1.0 1.0	0.01178 0.00217	0.00191 0.00217	0.01178 0.01840
oolite_viper_interceptor_diffuse.png	1.0 1.0	0.93226 0.13206	0.79475 0.22827	0.79871 0.24422
oolite_viper_interceptor_diffuse.png	1.0 1.0	0.93226 0.12364	0.79475 0.22827	0.93226 0.13206
oolite_viper_interceptor_diffuse.png	1.0 1.0	0.93226 0.12364	0.82285 0.03807	0.80976 0.03807
oolite_viper_interceptor_diffuse.png	1.0 1.0	0.44622 0.48175	0.43645 0.48175	0.34409 0.25985
oolite_viper_interceptor_diffuse.png	1.0 1.0	0.00577 0.05007	0.15135 0.26655	0.15266 0.25652
oolite_viper_interceptor_diffuse.png	1.0 1.0	0.71965 0.15483	0.66634 0.20142	0.76068 0.20142
oolite_viper_interceptor_diffuse.png	1.0 1.0	0.71964 0.10353	0.66856 0.05585	0.70502 0.10353
oolite_viper_interceptor_diffuse.png	1.0 1.0	0.92061 0.72931	0.98326 0.72931	0.93231 0.70925
oolite_viper_interceptor_diffuse.png	1.0 1.0	0.84056 0.90561	0.83428 0.67747	0.83428 0.90561
oolite_viper_interceptor_diffuse.png	1.0 1.0	0.84056 0.90561	0.89068 0.90556	0.89068 0.67747
oolite_viper_interceptor_diffuse.png	1.0 1.0	0.84056 0.67747	0.89068 0.65718	0.84056 0.65718
oolite_viper_interceptor_diffuse.png	1.0 1.0	0.31585 0.74118	0.29156 0.49703	0.09925 0.74118
oolite_viper_interceptor_diffuse.png	1.0 1.0	0.67624 0.92683	0.72081 0.93686	0.70148 0.90614
oolite_viper_interceptor_diffuse.png	1.0 1.0	0.29858 0.49743	0.32661 0.31587	0.31019 0.31587
oolite_viper_interceptor_diffuse.png	1.0 1.0	0.79042 0.82914	0.80532 0.82914	0.79042 0.80122
oolite_viper_interceptor_diffuse.png	1.0 1.0	0.79042 0.82914	0.76784 0.88594	0.79042 0.87330
oolite_viper_interceptor_diffuse.png	1.0 1.0	0.93231 0.70925	0.93231 0.62136	0.90674 0.62136
oolite_viper_interceptor_diffuse.png	1.0 1.0	0.94247 0.75174	0.94247 0.73161	0.92226 0.73161
oolite_viper_interceptor_diffuse.png	1.0 1.0	0.93442 0.86145	0.97012 0.86150	0.93453 0.75517
oolite_viper_interceptor_diffuse.png	1.0 1.0	0.94725 0.99782	0.98166 0.99782	0.95214 0.99375
oolite_viper_interceptor_diffuse.png	1.0 1.0	0.72045 0.99955	0.72753 0.99955	0.72755 0.93788
oolite_viper_interceptor_diffuse.png	1.0 1.0	0.72755 0.93788	0.77110 0.93788	0.77125 0.89879
oolite_viper_interceptor_diffuse.png	1.0 1.0	0.95047 0.89538	0.97892 0.89304	0.95061 0.89303
oolite_viper_interceptor_diffuse.png	1.0 1.0	0.95180 0.98787	0.97906 0.89538	0.95047 0.89538
oolite_viper_interceptor_diffuse.png	1.0 1.0	0.95214 0.99375	0.97683 0.99375	0.95180 0.98787
oolite_viper_interceptor_diffuse.png	1.0 1.0	0.92849 0.99095	0.92849 0.92700	0.89171 0.94844
oolite_viper_interceptor_diffuse.png	1.0 1.0	0.89171 0.94844	0.86801 0.94844	0.86801 0.99095
oolite_viper_interceptor_diffuse.png	1.0 1.0	0.09331 0.52685	0.09331 0.51337	0.03253 0.52685
oolite_viper_interceptor_diffuse.png	1.0 1.0	0.07846 0.62633	0.00420 0.61205	0.00420 0.62633
oolite_viper_interceptor_diffuse.png	1.0 1.0	0.00384 0.65007	0.03980 0.68775	0.00384 0.68775
oolite_viper_interceptor_diffuse.png	1.0 1.0	0.31019 0.31587	0.32661 0.30886	0.31019 0.30886
oolite_viper_interceptor_diffuse.png	1.0 1.0	0.11968 0.55584	0.16631 0.57162	0.16631 0.55584
oolite_viper_interceptor_diffuse.png	1.0 1.0	0.16631 0.55584	0.16631 0.54877	0.11968 0.54877
oolite_viper_interceptor_diffuse.png	1.0 1.0	0.01279 0.43033	0.03158 0.39596	0.01279 0.39596
oolite_viper_interceptor_diffuse.png	1.0 1.0	0.01279 0.39596	0.03158 0.43033	0.01279 0.43033
oolite_viper_interceptor_diffuse.png	1.0 1.0	0.03252 0.51337	0.09331 0.49740	0.03262 0.49740
oolite_viper_interceptor_diffuse.png	1.0 1.0	0.12290 0.61205	0.12290 0.59248	0.00420 0.61205
oolite_viper_interceptor_diffuse.png	1.0 1.0	0.08455 0.74733	0.09404 0.74733	0.08455 0.72201
oolite_viper_interceptor_diffuse.png	1.0 1.0	0.08370 0.74693	0.08370 0.69859	0.06746 0.72680
oolite_viper_interceptor_diffuse.png	1.0 1.0	0.16631 0.53536	0.11964 0.52692	0.11964 0.53536
oolite_viper_interceptor_diffuse.png	1.0 1.0	0.03262 0.49740	0.09331 0.48368	0.03262 0.48368
oolite_viper_interceptor_diffuse.png	1.0 1.0	0.12290 0.59248	0.07846 0.57820	0.00420 0.59248
oolite_viper_interceptor_diffuse.png	1.0 1.0	0.01376 0.87103	0.00250 0.83249	0.01376 0.83249
oolite_viper_interceptor_diffuse.png	1.0 1.0	0.03158 0.39596	0.03158 0.36514	0.01279 0.36514
oolite_viper_interceptor_diffuse.png	1.0 1.0	0.03158 0.36514	0.04097 0.38055	0.03158 0.39596
oolite_viper_interceptor_diffuse.png	1.0 1.0	0.11964 0.52692	0.16631 0.52692	0.16631 0.51113
oolite_viper_interceptor_diffuse.png	1.0 1.0	0.67729 0.90629	0.68839 0.64417	0.65014 0.64417
oolite_viper_interceptor_diffuse.png	1.0 1.0	0.07846 0.57820	0.00420 0.55949	0.00420 0.57820
oolite_viper_interceptor_diffuse.png	1.0 1.0	0.07384 0.97448	0.10831 0.99533	0.10831 0.97448
oolite_viper_interceptor_diffuse.png	1.0 1.0	0.07384 0.97448	0.03937 0.99533	0.07384 0.99533
oolite_viper_interceptor_diffuse.png	1.0 1.0	0.00833 0.97448	0.00833 0.99533	0.03937 0.97448
oolite_viper_interceptor_diffuse.png	1.0 1.0	0.86801 0.94844	0.83098 0.92700	0.83098 0.99095
oolite_viper_interceptor_diffuse.png	1.0 1.0	0.97683 0.99375	0.98236 0.99029	0.97747 0.98800
oolite_viper_interceptor_diffuse.png	1.0 1.0	0.77103 0.99955	0.77883 0.99955	0.77110 0.93788
oolite_viper_interceptor_diffuse.png	1.0 1.0	0.96917 0.86738	0.97012 0.86150	0.96583 0.86483
oolite_viper_interceptor_diffuse.png	1.0 1.0	0.97830 0.75174	0.99853 0.75174	0.97830 0.73161
oolite_viper_interceptor_diffuse.png	1.0 1.0	0.98392 0.89356	0.98709 0.88096	0.98255 0.89018
oolite_viper_interceptor_diffuse.png	1.0 1.0	0.99056 0.84028	0.97823 0.86291	0.99495 0.85056
oolite_viper_interceptor_diffuse.png	1.0 1.0	0.19785 0.25652	0.33257 0.05007	0.01807 0.05007
oolite_viper_interceptor_diffuse.png	1.0 1.0	0.97823 0.86291	0.97823 0.75517	0.97012 0.86150
oolite_viper_interceptor_diffuse.png	1.0 1.0	0.89068 0.90556	0.89687 0.90556	0.89687 0.67747
oolite_viper_interceptor_diffuse.png	1.0 1.0	0.61181 0.05585	0.47031 0.03807	0.52265 0.05585
oolite_viper_interceptor_diffuse.png	1.0 1.0	0.57300 0.15483	0.52043 0.20142	0.61404 0.20142
oolite_viper_interceptor_diffuse.png	1.0 1.0	0.57300 0.10353	0.55911 0.15483	0.57300 0.15483
oolite_viper_interceptor_diffuse.png	1.0 1.0	0.47517 0.01840	0.62743 0.01840	0.47517 0.00217
oolite_viper_interceptor_diffuse.png	1.0 1.0	0.48533 0.22827	0.48136 0.24422	0.79475 0.22827
oolite_viper_interceptor_diffuse.png	1.0 1.0	0.48533 0.02339	0.47371 0.02758	0.80636 0.02758
oolite_viper_interceptor_diffuse.png	1.0 1.0	0.43963 0.96400	0.63155 0.96400	0.54078 0.74118
oolite_viper_interceptor_diffuse.png	1.0 1.0	0.89452 0.48175	0.98903 0.25985	0.81193 0.25985
oolite_viper_interceptor_diffuse.png	1.0 1.0	0.63761 0.01840	0.62743 0.01840	0.63761 0.00217
oolite_viper_interceptor_diffuse.png	1.0 1.0	0.34781 0.12364	0.32269 0.13206	0.34781 0.13206
oolite_viper_interceptor_diffuse.png	1.0 1.0	0.81298 0.20142	0.79475 0.22827	0.93226 0.12364
oolite_viper_interceptor_diffuse.png	1.0 1.0	0.93143 0.89179	0.94197 0.99272	0.94657 0.98937
oolite_viper_interceptor_diffuse.png	1.0 1.0	0.94686 0.99009	0.94389 0.99475	0.94837 0.99576
oolite_viper_interceptor_diffuse.png	1.0 1.0	0.72150 0.93473	0.72748 0.89907	0.72137 0.90013
oolite_viper_interceptor_diffuse.png	1.0 1.0	0.94837 0.99576	0.94389 0.99475	0.94725 0.99782
oolite_viper_interceptor_diffuse.png	1.0 1.0	0.89171 0.94844	0.86801 0.99095	0.89171 0.99095
oolite_viper_interceptor_diffuse.png	1.0 1.0	0.00420 0.62634	0.00420 0.64506	0.07846 0.62634
oolite_viper_interceptor_diffuse.png	1.0 1.0	0.01376 0.83249	0.00250 0.83249	0.00251 0.87096
oolite_viper_interceptor_diffuse.png	1.0 1.0	0.16631 0.54877	0.16631 0.53536	0.11968 0.54877
oolite_viper_interceptor_diffuse.png	1.0 1.0	0.01681 0.72679	0.06747 0.73805	0.01681 0.73805
oolite_viper_interceptor_diffuse.png	1.0 1.0	0.00251 0.87096	0.00250 0.83249	0.01376 0.87103
oolite_viper_interceptor_diffuse.png	1.0 1.0	0.01376 0.79793	0.00250 0.81521	0.00250 0.79793
oolite_viper_interceptor_diffuse.png	1.0 1.0	0.10831 0.97448	0.10831 0.99533	0.13935 0.97448
oolite_viper_interceptor_diffuse.png	1.0 1.0	0.00833 0.99533	0.03937 0.99533	0.03937 0.97448
oolite_viper_interceptor_diffuse.png	1.0 1.0	0.98056 0.99576	0.98527 0.99495	0.98236 0.99029
oolite_viper_interceptor_diffuse.png	1.0 1.0	0.98166 0.99782	0.98527 0.99495	0.98056 0.99576
oolite_viper_interceptor_diffuse.png	1.0 1.0	0.98279 0.98965	0.98756 0.99298	0.99800 0.89204
oolite_viper_interceptor_diffuse.png	1.0 1.0	0.97830 0.75174	0.97830 0.73161	0.94247 0.73161
oolite_viper_interceptor_diffuse.png	1.0 1.0	0.89068 0.67747	0.89068 0.65718	0.84056 0.67747

END
