// output from Obj2DatTex.py Wavefront text file conversion script
// (c) 2005 By Giles Williams
// 
// original file: "transporter.obj"
// 
// model size: 30.228 x 11.839 x 43.287
// 
// textures used: ['oolite_transporter_diffuse.png']
// 
NVERTS 337
NFACES 606

VERTEX
15.11410, -5.19448, 2.52572
15.11410, -5.19448, -3.34573
15.11410, -5.19448, -9.90347
15.11410, -5.19448, -15.80170
14.70480, -5.52040, 2.92749
14.70480, -5.52040, -3.64306
14.70480, -5.52040, -9.53025
14.70480, -5.52040, -16.12310
14.70480, -5.52040, -20.58660
14.44000, -5.52040, 6.94838
14.22570, -5.91965, 2.92749
14.22570, -5.91965, -3.64306
14.22570, -5.91965, -9.53025
14.22570, -5.91965, -16.12310
14.22570, -5.91965, -20.58660
13.96090, -5.91965, 6.94838
13.51810, -1.09774, 2.52572
13.51810, -1.09774, -3.34573
13.51810, -1.09774, -9.90347
13.51810, -1.09774, -15.80170
13.13630, -1.42496, 2.92749
13.13630, -1.42496, -3.64306
13.13630, -1.42496, -9.53025
13.13630, -1.42496, -16.12310
13.13630, -1.42496, -20.58660
12.87360, -1.53422, 6.94615
8.55530, -4.77529, -20.07950
8.55530, -4.77529, -20.58660
8.55530, -1.06799, -20.07950
8.55530, -1.06799, -20.58660
5.19954, -2.98215, -20.07950
5.19954, -2.98215, -21.64350
5.19954, -0.96652, -20.07950
5.19954, -0.96652, -21.64350
4.87568, 2.20552, 0.88736
4.87568, 2.20552, -1.69007
4.87568, 2.20552, -11.56860
4.87568, 2.20552, -14.14600
4.52336, 2.14035, 0.71239
4.52336, 2.14035, -1.51511
4.52336, 2.14035, -11.74360
4.52336, 2.14035, -13.97110
4.18751, -2.69824, -19.69770
4.18751, -2.69824, -21.64350
4.18751, -1.24771, -19.69770
4.18751, -1.24771, -21.64350
3.68536, 0.66558, -20.07950
3.68536, 0.66558, -21.64350
3.64744, -4.61521, -20.07950
3.64744, -4.61521, -21.64350
3.08511, -0.05946, -19.69770
3.08511, -0.05946, -21.64350
3.05466, -3.89018, -19.69770
3.05466, -3.89018, -21.64350
2.79965, -5.52040, 21.28480
2.79965, -1.41744, 19.40890
2.79965, 2.20204, 11.37070
2.64857, 2.66576, 2.83118
2.56712, -5.91965, 21.00670
2.53768, -5.52040, 21.64350
2.53768, -1.62206, 19.88420
2.53768, -1.16499, 19.60860
2.53768, -0.35256, 17.82970
2.53768, 2.56239, 11.44730
2.53768, 2.56239, -3.64306
2.53768, 2.56239, -9.53025
2.53768, 2.56239, -16.12310
2.53768, 2.56239, -20.58660
2.46506, 1.30761, -20.07950
2.46506, 1.30761, -20.58660
2.33015, 3.16635, 9.82758
2.32971, 3.17241, 2.52572
2.32971, 3.17241, 0.88736
2.32971, 3.17241, -1.69007
2.32971, 3.17241, -3.34573
2.32971, 3.17241, -9.90347
2.32971, 3.17241, -11.56860
2.32971, 3.17241, -14.14600
2.32971, 3.17241, -15.80170
2.32971, 3.17241, -20.58660
2.19881, 3.01518, 0.71239
2.19881, 3.01518, -1.51511
2.19881, 3.01518, -11.74360
2.19881, 3.01518, -13.97110
2.11216, 3.80078, 8.12615
1.97385, 4.23995, 0.88736
1.97385, 4.23995, -11.56860
1.96127, 4.23995, 6.94838
1.96127, 4.23995, -1.69007
1.96127, 4.23995, -14.14600
1.96127, 4.23995, -20.58660
1.79888, 4.08998, 0.71239
1.79888, 4.08998, -1.51511
1.79888, 4.08998, -11.74360
1.79888, 4.08998, -13.97110
1.66801, 4.23721, 5.77923
1.66801, 4.66779, 5.77923
1.61585, 4.23995, -17.43690
1.61585, 4.24363, -6.57673
1.61585, 4.80879, -6.57673
1.61585, 4.80879, -17.43690
1.55766, 4.23721, 6.11884
1.55766, 4.66779, 6.11884
1.49756, 4.66772, 5.83510
1.49756, 5.91965, 5.83510
1.45232, 4.66772, 5.97434
1.45232, 5.91965, 5.97434
1.44763, 5.04862, -6.57673
1.44763, 5.04862, -17.43690
1.37912, 4.23721, 5.56935
1.37912, 4.66772, 5.74905
1.37912, 4.66779, 5.56935
1.37912, 5.91965, 5.74905
1.30626, 3.16635, 9.82758
1.30592, 4.66772, 5.97434
1.30592, 5.91965, 5.97434
1.26655, 4.08998, 0.71239
1.26655, 4.08998, -1.51511
1.26655, 4.08998, -11.74360
1.26655, 4.08998, -13.97110
1.26068, 4.66772, 5.83510
1.26068, 5.91965, 5.83510
1.20058, 4.23721, 6.11884
1.20058, 4.66779, 6.11884
1.18852, 4.23995, -5.54507
1.18852, 4.23995, -7.60839
1.18852, 4.23995, -16.40530
1.18852, 4.23995, -18.46860
1.18852, 4.80879, -5.54507
1.18852, 4.80879, -7.60839
1.18852, 4.80879, -16.40530
1.18852, 4.80879, -18.46860
1.14260, 3.16635, 8.12615
1.14260, 3.80078, 8.12615
1.09159, 4.23995, 0.88736
1.09159, 4.23995, -11.56860
1.09159, 4.23995, -14.14600
1.09024, 4.23721, 5.77923
1.09024, 4.66779, 5.77923
1.07900, 4.23995, -1.69007
1.07685, 4.23995, -1.70015
1.06957, 5.04862, -5.66401
1.06957, 5.04862, -7.48944
1.06957, 5.04862, -16.52420
1.06957, 5.04862, -18.34960
0.41627, 3.16635, 9.82758
0.38988, 3.18243, 8.85455
0.34725, 2.56239, 11.44730
0.34724, 2.95289, 9.01217
0.34600, 4.23995, 6.94838
0.34600, 4.23995, 6.39845
0.34600, 4.23995, -1.70015
0.34600, 4.23995, -5.11774
0.34600, 4.23995, -8.03571
0.34600, 4.23995, -15.97790
0.34600, 4.23995, -18.89590
0.34600, 4.23995, -20.58660
0.34600, 4.80879, -5.11774
0.34600, 4.80879, -8.03571
0.34600, 4.80879, -15.97790
0.34600, 4.80879, -18.89590
0.34600, 5.04862, -5.28596
0.34600, 5.04862, -7.86750
0.34600, 5.04862, -16.14610
0.34600, 5.04862, -18.72770
0.31035, -0.35256, 17.82970
0.30322, 2.30220, 11.38960
0.27156, -0.40554, 17.67650
0.25875, 4.06543, 6.86113
0.25875, 4.06543, 6.31120
0.25875, 4.06543, -5.11774
0.25875, 4.06543, -8.03571
0.25875, 4.06543, -15.97790
0.25875, 4.06543, -18.89590
0.25875, 4.06543, -20.58660
-0.25874, 4.06543, -5.11774
-0.25874, 4.06543, -8.03571
-0.25874, 4.06543, -15.97790
-0.25874, 4.06543, -18.89590
-0.25874, 4.06543, -20.58660
-0.25874, 4.06543, 6.86113
-0.25874, 4.06543, 6.31120
-0.31035, -0.40554, 17.67650
-0.34600, 4.23995, -5.11774
-0.34600, 4.23995, -8.03571
-0.34600, 4.23995, -15.97790
-0.34600, 4.23995, -18.89590
-0.34600, 4.23995, -20.58660
-0.34600, 4.80879, -5.11774
-0.34600, 4.80879, -8.03571
-0.34600, 4.80879, -15.97790
-0.34600, 4.80879, -18.89590
-0.34600, 5.04862, -5.28596
-0.34600, 5.04862, -7.86750
-0.34600, 5.04862, -16.14610
-0.34600, 5.04862, -18.72770
-0.34600, 4.23995, 6.94838
-0.34600, 4.23995, 6.39845
-0.34600, 4.23995, -1.70015
-0.34724, 2.95289, 9.01217
-0.34724, 2.56239, 11.44730
-0.34852, 2.30220, 11.38960
-0.34915, -0.35256, 17.82970
-0.38988, 3.18243, 8.85455
-0.41627, 3.16635, 9.82758
-1.06957, 5.04862, -5.66401
-1.06957, 5.04862, -7.48944
-1.06957, 5.04862, -16.52420
-1.06957, 5.04862, -18.34960
-1.07685, 4.23995, -1.70015
-1.07900, 4.23995, 0.88736
-1.07900, 4.23995, -1.69007
-1.07900, 4.23995, -11.56860
-1.07900, 4.23995, -14.14600
-1.14260, 3.16635, 8.12615
-1.14260, 3.80078, 8.12615
-1.18852, 4.23995, -5.54507
-1.18852, 4.23995, -7.60839
-1.18852, 4.23995, -16.40530
-1.18852, 4.23995, -18.46860
-1.18852, 4.80879, -5.54507
-1.18852, 4.80879, -7.60839
-1.18852, 4.80879, -16.40530
-1.18852, 4.80879, -18.46860
-1.25397, 4.08998, 0.71239
-1.25397, 4.08998, -1.51511
-1.25397, 4.08998, -11.74360
-1.25397, 4.08998, -13.97110
-1.30626, 3.16635, 9.82758
-1.44763, 5.04862, -6.57673
-1.44763, 5.04862, -17.43690
-1.61585, 4.23995, -6.57673
-1.61585, 4.23995, -17.43690
-1.61585, 4.80879, -6.57673
-1.61585, 4.80879, -17.43690
-1.78630, 4.08998, 0.71239
-1.78630, 4.08998, -1.51511
-1.78630, 4.08998, -11.74360
-1.78630, 4.08998, -13.97110
-1.96127, 4.23995, 6.94838
-1.96127, 4.23995, 0.88736
-1.96127, 4.23995, -1.69007
-1.96127, 4.23995, -11.56860
-1.96127, 4.23995, -14.14600
-1.96127, 4.23995, -20.58660
-2.10891, 3.80065, 8.12651
-2.18622, 3.01518, 0.71239
-2.18622, 3.01518, -1.51511
-2.18622, 3.01518, -11.74360
-2.18622, 3.01518, -13.97110
-2.31713, 3.17241, 2.52572
-2.31802, 3.17241, 0.88735
-2.31943, 3.17241, -1.69008
-2.32033, 3.17241, -3.34574
-2.32221, 3.16602, 9.82845
-2.32390, 3.17241, -9.90347
-2.32480, 3.17241, -11.56860
-2.32621, 3.17241, -14.14600
-2.32711, 3.17241, -15.80170
-2.32971, 3.17241, -20.58660
-2.46506, 1.30761, -20.07950
-2.46506, 1.30761, -20.58660
-2.52509, 2.56239, 11.44730
-2.53493, -0.35256, 17.82970
-2.53767, -5.52040, 21.64350
-2.53767, -1.62206, 19.88420
-2.53767, -1.16499, 19.60860
-2.53767, 2.56239, -3.64306
-2.53767, 2.56239, -9.53025
-2.53767, 2.56239, -16.12310
-2.53767, 2.56239, -20.58660
-2.59501, -5.91965, 21.00670
-2.63599, 2.66576, 2.83118
-2.78706, 2.20204, 11.37070
-2.79964, -5.52040, 21.28480
-2.79964, -1.41744, 19.40890
-3.05466, -3.89018, -19.69770
-3.05466, -3.89018, -21.64350
-3.08511, -0.05946, -19.69770
-3.08511, -0.05946, -21.64350
-3.64744, -4.61521, -20.07950
-3.64744, -4.61521, -21.64350
-3.68536, 0.66558, -20.07950
-3.68536, 0.66558, -21.64350
-4.18751, -2.69824, -19.69770
-4.18751, -2.69824, -21.64350
-4.18751, -1.24771, -19.69770
-4.18751, -1.24771, -21.64350
-4.51078, 2.14035, 0.71239
-4.51078, 2.14035, -1.51511
-4.51078, 2.14035, -11.74360
-4.51078, 2.14035, -13.97110
-4.86309, 2.20552, 0.88736
-4.86309, 2.20552, -1.69007
-4.86309, 2.20552, -11.56860
-4.86309, 2.20552, -14.14600
-5.19954, -2.98215, -20.07950
-5.19954, -2.98215, -21.64350
-5.19954, -0.96652, -20.07950
-5.19954, -0.96652, -21.64350
-8.55530, -4.77529, -20.07950
-8.55530, -4.77529, -20.58660
-8.55530, -1.06799, -20.07950
-8.55530, -1.06799, -20.58660
-12.87360, -1.53422, 6.94615
-13.12370, -1.42496, 2.92749
-13.13630, -1.42496, -3.64306
-13.13630, -1.42496, -9.53025
-13.13630, -1.42496, -16.12310
-13.13630, -1.42496, -20.58660
-13.51810, -1.09774, 2.52572
-13.51810, -1.09774, -3.34573
-13.51810, -1.09774, -9.90347
-13.51810, -1.09774, -15.80170
-13.96090, -5.91965, 6.94838
-14.22570, -5.91965, 2.92749
-14.22570, -5.91965, -3.64306
-14.22570, -5.91965, -9.53025
-14.22570, -5.91965, -16.12310
-14.22570, -5.91965, -20.58660
-14.44000, -5.52040, 6.94838
-14.70480, -5.52040, 2.92749
-14.70480, -5.52040, -3.64306
-14.70480, -5.52040, -9.53025
-14.70480, -5.52040, -16.12310
-14.70480, -5.52040, -20.58660
-15.11410, -5.19448, 2.52572
-15.11410, -5.19448, -3.34573
-15.11410, -5.19448, -9.90347
-15.11410, -5.19448, -15.80170
2.53768, 2.56239, 11.44730
2.11216, 3.80078, 8.12615
0.34600, 4.23995, 6.94838
-0.34600, 4.23995, 6.94838
-1.96127, 4.23995, 6.94838
-2.52509, 2.56239, 11.44730
-2.53493, -0.35256, 17.82970

FACES
128,127,127,	0.62292,-0.78228,-0.00000,	3,	1,5,0
128,127,127,	0.62292,-0.78228,-0.00000,	3,	3,7,2
128,127,127,	0.63962,-0.76754,0.04212,	3,	4,10,9
128,127,127,	0.58580,0.22435,0.77878,	3,	4,20,0
128,127,127,	0.64018,-0.76822,-0.00000,	3,	6,11,5
128,127,127,	0.64018,-0.76822,-0.00000,	3,	6,13,12
128,127,127,	0.55947,0.21427,0.80067,	3,	6,22,2
128,127,127,	0.64018,-0.76822,-0.00000,	3,	8,13,7
128,127,127,	-0.00000,-0.00000,-1.00000,	3,	8,27,14
128,127,127,	-0.00000,-1.00000,0.00000,	3,	10,319,315
128,127,127,	-0.00000,-1.00000,0.00000,	3,	15,315,314
128,127,127,	0.35702,0.93409,-0.00000,	3,	16,34,17
128,127,127,	0.49474,0.19274,-0.84740,	3,	17,21,1
128,127,127,	0.93179,0.36300,0.00000,	3,	18,19,2
128,127,127,	0.52252,0.20356,-0.82797,	3,	19,23,3
128,127,127,	0.35212,0.93596,-0.00000,	3,	21,65,22
128,127,127,	0.93385,0.35765,0.00000,	3,	23,24,7
128,127,127,	-0.00000,-0.00000,-1.00000,	3,	24,29,27
128,127,127,	0.36256,0.93067,0.04900,	3,	25,57,20
128,127,127,	0.00000,1.00000,0.00000,	3,	26,300,27
128,127,127,	-0.36340,-0.93163,-0.00000,	3,	29,68,28
128,127,127,	1.00000,0.00000,0.00000,	3,	30,33,31
128,127,127,	0.00000,-0.00000,-1.00000,	3,	30,48,28
128,127,127,	-0.00000,-0.00000,-1.00000,	3,	33,47,45
128,127,127,	-0.18189,0.98332,-0.00000,	3,	34,39,35
128,127,127,	0.24325,0.64052,-0.72840,	3,	34,72,38
128,127,127,	0.35657,0.93426,-0.00271,	3,	35,74,17
128,127,127,	0.35657,0.93426,-0.00271,	3,	37,78,19
128,127,127,	0.23639,0.62813,0.74133,	3,	39,81,73
128,127,127,	-0.18189,0.98332,-0.00000,	3,	40,41,36
128,127,127,	0.24320,0.64039,0.72853,	3,	41,77,37
128,127,127,	-1.00000,0.00000,-0.00000,	3,	42,45,44
128,127,127,	-0.00000,-0.00000,-1.00000,	3,	42,284,52
128,127,127,	0.00000,-0.00000,-1.00000,	3,	43,49,31
128,127,127,	-0.73309,-0.68013,0.00000,	3,	44,51,50
128,127,127,	0.73309,0.68013,0.00000,	3,	46,47,32
128,127,127,	-0.00000,-0.00000,-1.00000,	3,	48,280,26
128,127,127,	-0.72485,0.68891,-0.00000,	3,	52,53,43
128,127,127,	0.74597,0.27692,0.60568,	3,	54,55,9
128,127,127,	0.46031,0.80948,0.36450,	3,	55,56,25
128,127,127,	0.23083,0.60480,0.76219,	3,	57,71,16
128,127,127,	0.60590,-0.66112,0.44251,	3,	58,59,54
128,127,127,	-0.00000,-1.00000,0.00000,	3,	58,314,271
128,127,127,	0.75472,0.33876,0.56182,	3,	60,61,55
128,127,127,	0.00000,0.90962,0.41544,	3,	62,165,147
128,127,127,	-0.00000,0.93698,0.34938,	3,	63,113,70
128,127,127,	0.94651,0.32269,-0.00000,	3,	64,74,65
128,127,127,	0.21446,0.56190,0.79892,	3,	65,75,18
128,127,127,	0.35212,0.93596,0.00000,	3,	66,67,23
128,127,127,	-0.00000,-0.00000,-1.00000,	3,	67,270,69
128,127,127,	0.00000,-0.00000,-1.00000,	3,	68,282,46
128,127,127,	-0.00000,-1.00000,0.00000,	3,	69,261,68
128,127,127,	0.94777,0.31895,0.00197,	3,	71,87,85
128,127,127,	0.61812,0.21333,0.75658,	3,	73,92,88
128,127,127,	0.35503,0.93485,0.00000,	3,	75,76,36
128,127,127,	0.94868,0.31624,0.00121,	3,	76,88,86
128,127,127,	0.65797,0.24483,-0.71213,	3,	76,93,82
128,127,127,	0.94651,0.32269,0.00000,	3,	78,79,66
128,127,127,	-0.00000,-0.00000,-1.00000,	3,	79,259,67
128,127,127,	0.35223,0.93592,0.00000,	3,	80,81,38
128,127,127,	0.35223,0.93592,0.00000,	3,	82,83,40
128,127,127,	0.65778,0.24476,0.71233,	3,	83,94,77
128,127,127,	0.60147,0.20050,-0.77333,	3,	85,91,72
128,127,127,	-0.00000,0.93698,0.34938,	3,	87,331,239
128,127,127,	-0.00580,0.99998,0.00116,	3,	88,124,98
128,127,127,	0.94528,0.32625,0.00000,	3,	89,90,79
128,127,127,	-0.00000,1.00000,0.00000,	3,	89,126,97
128,127,127,	0.93722,0.34874,0.00000,	3,	91,92,80
128,127,127,	-0.00000,0.75926,-0.65079,	3,	91,134,116
128,127,127,	-0.00000,0.75932,-0.65072,	3,	93,135,118
128,127,127,	0.58777,-0.00000,-0.80903,	3,	96,111,109
128,127,127,	-0.00000,1.00000,0.00000,	3,	97,127,90
128,127,127,	0.92388,-0.00000,0.38269,	3,	98,128,99
128,127,127,	0.92388,-0.00000,-0.38269,	3,	98,129,125
128,127,127,	-0.00000,1.00000,-0.00074,	3,	98,135,86
128,127,127,	0.92388,-0.00000,-0.38267,	3,	100,131,97
128,127,127,	0.95105,-0.00000,0.30903,	3,	101,102,96
128,127,127,	-0.00000,1.00000,0.00000,	3,	106,112,104
128,127,127,	0.77532,0.54382,-0.32115,	3,	107,142,99
128,127,127,	0.77532,0.54382,-0.32115,	3,	108,144,100
128,127,127,	-0.58778,-0.00000,-0.80902,	3,	112,121,120
128,127,127,	-0.00000,0.93698,0.34938,	3,	113,133,84
128,127,127,	0.01954,0.99981,-0.00188,	3,	113,146,132
128,127,127,	-0.00000,0.93698,0.34938,	3,	113,147,145
128,127,127,	-0.00000,-0.00000,1.00000,	3,	114,115,106
128,127,127,	-0.00000,1.00000,-0.00000,	3,	116,117,92
128,127,127,	-0.00000,1.00000,-0.00000,	3,	118,119,94
128,127,127,	-0.00000,0.75914,0.65093,	3,	119,136,89
128,127,127,	-0.00000,-0.00000,1.00000,	3,	122,123,102
128,127,127,	0.45234,-0.00000,-0.89185,	3,	125,158,153
128,127,127,	0.37638,0.55469,0.74206,	3,	128,157,141
128,127,127,	0.77534,0.54378,0.32118,	3,	130,143,100
128,127,127,	0.45232,-0.00000,-0.89185,	3,	131,160,127
128,127,127,	-0.00000,-0.00000,1.00000,	3,	132,214,133
128,127,127,	0.00000,1.00000,0.00000,	3,	135,153,136
128,127,127,	-0.95106,-0.00000,0.30900,	3,	137,138,123
128,127,127,	-0.00000,1.00000,0.00000,	3,	139,151,140
128,127,127,	-0.00000,1.00000,0.00000,	3,	139,152,88
128,127,127,	0.00000,1.00000,0.00000,	3,	141,161,142
128,127,127,	0.39330,0.52794,-0.75273,	3,	142,162,158
128,127,127,	-0.00000,1.00000,0.00000,	3,	143,164,144
128,127,127,	-0.98658,0.16120,0.02585,	3,	147,166,148
128,127,127,	0.00000,0.56607,0.82436,	3,	148,199,146
128,127,127,	-0.00000,0.44717,-0.89445,	3,	150,181,169
128,127,127,	-0.00000,-0.00000,1.00000,	3,	152,183,157
128,127,127,	-0.89443,0.44720,-0.00000,	3,	153,172,154
128,127,127,	0.00000,-0.00000,-1.00000,	3,	153,176,171
128,127,127,	-0.00000,-0.00000,-1.00000,	3,	153,189,184
128,127,127,	0.45241,-0.00000,0.89181,	3,	154,159,126
128,127,127,	-0.00000,1.00000,-0.00000,	3,	155,156,90
128,127,127,	-0.00000,-0.00000,-1.00000,	3,	155,186,178
128,127,127,	-0.00000,-0.00000,-1.00000,	3,	156,174,79
128,127,127,	0.00000,0.57424,0.81869,	3,	157,188,161
128,127,127,	-0.00000,0.57422,-0.81870,	3,	158,193,189
128,127,127,	0.00000,0.57419,0.81872,	3,	159,190,163
128,127,127,	-0.00000,-0.00000,-1.00000,	3,	160,191,186
128,127,127,	0.00000,1.00000,0.00000,	3,	161,192,162
128,127,127,	-0.00000,0.94506,-0.32689,	3,	165,182,167
128,127,127,	-0.89443,0.44720,-0.00000,	3,	168,170,149
128,127,127,	-0.00000,-0.00000,1.00000,	3,	170,175,152
128,127,127,	-0.00000,1.00000,0.00000,	3,	173,179,174
128,127,127,	-0.00000,1.00000,-0.00000,	3,	176,177,172
128,127,127,	-0.00000,-0.00000,1.00000,	3,	177,185,154
128,127,127,	-0.00000,0.91844,0.39557,	3,	182,201,166
128,127,127,	0.94487,0.29776,0.13627,	3,	182,202,200
128,127,127,	0.00000,1.00000,0.00000,	3,	183,241,216
128,127,127,	0.00000,1.00000,0.00000,	3,	184,217,185
128,127,127,	0.00000,-0.00000,-1.00000,	3,	187,259,179
128,127,127,	-0.37638,0.55469,0.74206,	3,	188,220,205
128,127,127,	-0.45234,-0.00000,-0.89185,	3,	189,221,217
128,127,127,	-0.39334,0.52791,0.75273,	3,	190,207,194
128,127,127,	-0.45232,-0.00000,-0.89186,	3,	191,223,219
128,127,127,	-0.00000,1.00000,-0.00000,	3,	194,195,164
128,127,127,	-0.00000,1.00000,0.00000,	3,	196,210,198
128,127,127,	0.00000,1.00000,0.00000,	3,	198,211,209
128,127,127,	0.99999,-0.00474,-0.00076,	3,	199,201,200
128,127,127,	0.97886,0.20234,0.02989,	3,	199,204,203
128,127,127,	-0.00000,0.93698,0.34938,	3,	200,228,204
128,127,127,	-0.00000,0.90962,0.41544,	3,	200,263,262
128,127,127,	-0.01954,0.99981,-0.00188,	3,	203,228,214
128,127,127,	-0.00000,1.00000,-0.00000,	3,	205,206,192
128,127,127,	-0.00000,1.00000,-0.00000,	3,	207,208,195
128,127,127,	-0.77532,0.54382,0.32115,	3,	207,234,230
128,127,127,	-0.77530,0.54387,-0.32113,	3,	208,234,223
128,127,127,	-0.65078,0.75927,-0.00000,	3,	210,225,211
128,127,127,	-0.00000,0.75926,-0.65079,	3,	210,240,235
128,127,127,	-0.00000,1.00000,-0.00000,	3,	212,213,185
128,127,127,	-0.00000,1.00000,0.00000,	3,	213,232,218
128,127,127,	-0.92388,-0.00000,0.38269,	3,	216,231,220
128,127,127,	-0.00000,1.00000,0.00000,	3,	217,242,212
128,127,127,	-0.45241,-0.00000,0.89181,	3,	218,222,190
128,127,127,	-0.00000,1.00000,0.00000,	3,	219,244,186
128,127,127,	-0.92388,-0.00000,-0.38269,	3,	221,233,231
128,127,127,	-0.65078,0.75927,-0.00000,	3,	226,227,212
128,127,127,	0.00000,0.75914,0.65093,	3,	227,238,213
128,127,127,	0.00000,0.93698,0.34938,	3,	228,245,215
128,127,127,	-0.00001,0.93698,0.34938,	3,	228,262,254
128,127,127,	-0.77532,0.54382,-0.32115,	3,	229,233,206
128,127,127,	-0.92387,-0.00000,0.38270,	3,	232,234,222
128,127,127,	-0.00000,1.00000,-0.00000,	3,	235,236,224
128,127,127,	-0.65632,0.24421,-0.71387,	3,	235,251,246
128,127,127,	-0.00000,0.75925,0.65080,	3,	236,241,211
128,127,127,	-0.93722,0.34873,-0.00000,	3,	237,248,238
128,127,127,	0.00000,0.93698,0.34938,	3,	239,331,245
128,127,127,	-0.94662,0.32235,-0.00000,	3,	241,256,242
128,127,127,	-0.00000,1.00000,-0.00000,	3,	243,244,232
128,127,127,	-0.65386,0.24329,0.71643,	3,	247,252,236
128,127,127,	-0.64197,0.23887,0.72857,	3,	249,257,238
128,127,127,	-0.35514,0.93481,0.00019,	3,	250,292,251
128,127,127,	-0.35597,0.93450,0.00019,	3,	255,294,256
128,127,127,	-0.23461,0.62340,-0.74588,	3,	256,290,248
128,127,127,	-0.19417,0.50888,-0.83865,	3,	258,313,269
128,127,127,	0.36340,-0.93163,-0.00000,	3,	260,303,302
128,127,127,	-0.00000,0.41135,0.91148,	3,	264,265,59
128,127,127,	-0.00000,0.51637,0.85637,	3,	265,266,60
128,127,127,	-0.94200,0.33562,-0.00000,	3,	267,268,253
128,127,127,	-0.19694,0.52347,-0.82897,	3,	267,311,306
128,127,127,	-0.21491,0.56339,0.79775,	3,	268,312,255
128,127,127,	-0.94651,0.32267,-0.00000,	3,	269,270,259
128,127,127,	0.00000,-0.00000,-1.00000,	3,	270,303,261
128,127,127,	-0.62301,-0.63626,0.45501,	3,	271,274,264
128,127,127,	-0.23053,0.60471,0.76235,	3,	272,310,250
128,127,127,	-0.36396,0.93037,0.04408,	3,	273,304,272
128,127,127,	-0.79825,0.25045,0.54779,	3,	274,275,265
128,127,127,	-0.74490,0.29305,0.59937,	3,	275,320,304
128,127,127,	-0.00000,1.00000,-0.00000,	3,	276,277,53
128,127,127,	0.00000,-0.00000,-1.00000,	3,	277,281,49
128,127,127,	0.73309,-0.68013,-0.00000,	3,	279,286,278
128,127,127,	-0.72485,-0.68891,-0.00000,	3,	281,297,280
128,127,127,	-0.00000,1.00000,-0.00000,	3,	282,283,47
128,127,127,	0.00000,-0.00000,-1.00000,	3,	282,302,298
128,127,127,	0.00000,-0.00000,-1.00000,	3,	283,287,279
128,127,127,	1.00000,0.00000,0.00000,	3,	284,287,285
128,127,127,	-0.35222,0.93592,-0.00000,	3,	288,289,247
128,127,127,	-0.24338,0.64027,0.72857,	3,	289,293,252
128,127,127,	0.18189,0.98332,-0.00000,	3,	290,294,291
128,127,127,	-0.24371,0.63944,0.72919,	3,	291,295,257
128,127,127,	-0.35631,0.93437,-0.00156,	3,	293,311,253
128,127,127,	-1.00000,-0.00000,0.00000,	3,	297,299,296
128,127,127,	-0.73309,0.68013,-0.00000,	3,	298,299,283
128,127,127,	0.00000,-0.00000,-1.00000,	3,	298,300,296
128,127,127,	1.00000,-0.00000,0.00000,	3,	300,302,301
128,127,127,	0.00000,-0.00000,-1.00000,	3,	301,319,27
128,127,127,	-0.93075,0.35933,0.06769,	3,	304,321,305
128,127,127,	-0.59349,0.23121,0.77091,	3,	305,326,310
128,127,127,	-0.93385,0.35765,-0.00000,	3,	306,322,307
128,127,127,	-0.57603,0.22441,0.78602,	3,	307,328,312
128,127,127,	-0.35212,0.93596,-0.00000,	3,	308,309,270
128,127,127,	-0.50582,0.19372,-0.84061,	3,	308,329,324
128,127,127,	0.00000,-0.00000,-1.00000,	3,	309,325,301
128,127,127,	-0.35657,0.93427,-0.00000,	3,	310,311,292
128,127,127,	-0.35657,0.93427,-0.00000,	3,	312,313,294
128,127,127,	-0.56803,-0.68164,0.46121,	3,	314,320,274
128,127,127,	-0.63962,-0.76754,0.04212,	3,	315,321,320
128,127,127,	-0.64018,-0.76822,0.00000,	3,	316,322,321
128,127,127,	-0.64018,-0.76822,-0.00000,	3,	317,323,316
128,127,127,	-0.64018,-0.76822,0.00000,	3,	318,325,324
128,127,127,	-0.62292,-0.78228,-0.00000,	3,	324,328,323
128,127,127,	-0.93179,0.36300,-0.00000,	3,	326,327,311
128,127,127,	-0.93179,0.36300,-0.00000,	3,	328,329,313
129,127,127,	0.47816,0.18313,-0.85897,	3,	1,21,5
129,127,127,	0.62292,-0.78228,-0.00000,	3,	2,7,6
129,127,127,	0.93179,0.36300,-0.00000,	3,	2,19,3
129,127,127,	0.57603,0.22441,0.78602,	3,	2,22,18
129,127,127,	0.50582,0.19372,-0.84061,	3,	3,23,7
129,127,127,	0.93152,0.35676,0.07059,	3,	4,25,20
129,127,127,	0.64018,-0.76822,-0.00000,	3,	5,11,4
129,127,127,	0.93385,0.35765,-0.00000,	3,	5,22,6
129,127,127,	0.64018,-0.76822,-0.00000,	3,	6,12,11
129,127,127,	0.93385,0.35765,-0.00000,	3,	7,24,8
129,127,127,	0.64018,-0.76822,-0.00000,	3,	8,14,13
129,127,127,	0.74490,0.29305,0.59937,	3,	9,55,25
129,127,127,	0.63962,-0.76754,0.04212,	3,	10,15,9
129,127,127,	-0.00000,-1.00000,0.00000,	3,	14,319,10
129,127,127,	0.58003,-0.66527,0.47009,	3,	15,58,54
129,127,127,	0.93179,0.36300,0.00000,	3,	16,17,0
129,127,127,	0.35657,0.93426,0.00274,	3,	16,71,34
129,127,127,	0.18340,0.48052,-0.85759,	3,	17,74,64
129,127,127,	0.35657,0.93426,0.00269,	3,	18,75,36
129,127,127,	0.19397,0.50822,-0.83910,	3,	19,78,66
129,127,127,	0.23872,0.62943,0.73948,	3,	20,57,16
129,127,127,	-0.00000,-0.00000,-1.00000,	3,	24,67,29
129,127,127,	-1.00000,-0.00000,0.00000,	3,	27,28,26
129,127,127,	-0.00000,-0.00000,-1.00000,	3,	28,46,32
129,127,127,	-0.36340,-0.93163,0.00000,	3,	29,69,68
129,127,127,	0.72485,-0.68891,-0.00000,	3,	31,48,30
129,127,127,	0.73309,0.68013,-0.00000,	3,	32,47,33
129,127,127,	-0.00000,-0.00000,-1.00000,	3,	33,43,31
129,127,127,	0.35702,0.93409,0.00000,	3,	34,35,17
129,127,127,	-0.18189,0.98332,-0.00000,	3,	36,41,37
129,127,127,	0.35223,0.93592,-0.00000,	3,	38,81,39
129,127,127,	0.35223,0.93592,-0.00000,	3,	40,83,41
129,127,127,	-0.72485,0.68891,-0.00000,	3,	42,52,43
129,127,127,	-0.00000,-0.00000,-1.00000,	3,	44,286,42
129,127,127,	-0.73309,-0.68013,-0.00000,	3,	45,51,44
129,127,127,	0.00000,1.00000,0.00000,	3,	46,282,47
129,127,127,	-0.00000,-0.00000,-1.00000,	3,	47,283,51
129,127,127,	-0.00000,-1.00000,0.00000,	3,	49,281,48
129,127,127,	-0.00000,-0.00000,-1.00000,	3,	50,278,44
129,127,127,	-0.00000,-1.00000,0.00000,	3,	51,279,278
129,127,127,	0.00000,1.00000,0.00000,	3,	52,276,53
129,127,127,	-0.00000,-0.00000,-1.00000,	3,	53,277,49
129,127,127,	0.79825,0.25045,0.54779,	3,	54,60,55
129,127,127,	0.36436,0.93022,0.04407,	3,	56,57,25
129,127,127,	-0.00000,-0.84725,0.53119,	3,	58,264,59
129,127,127,	-0.00000,0.41135,0.91148,	3,	59,265,60
129,127,127,	-0.00000,0.51637,0.85637,	3,	60,266,61
129,127,127,	0.00000,0.93698,0.34938,	3,	63,147,113
129,127,127,	0.35212,0.93596,0.00000,	3,	64,65,21
129,127,127,	0.94651,0.32269,-0.00000,	3,	66,79,67
129,127,127,	-0.00000,-0.00000,-1.00000,	3,	69,270,261
129,127,127,	0.00000,0.93698,0.34938,	3,	70,113,84
129,127,127,	0.94868,0.31624,-0.00000,	3,	71,85,72
129,127,127,	0.65791,0.24481,-0.71220,	3,	72,91,80
129,127,127,	0.35503,0.93485,0.00000,	3,	73,74,35
129,127,127,	0.94528,0.32625,-0.00000,	3,	73,88,76
129,127,127,	0.94651,0.32269,0.00000,	3,	74,75,65
129,127,127,	0.23642,0.62820,-0.74126,	3,	76,82,40
129,127,127,	0.65790,0.24480,0.71221,	3,	81,92,73
129,127,127,	0.93722,0.34874,-0.00000,	3,	82,94,83
129,127,127,	-0.00000,0.75926,-0.65079,	3,	85,134,91
129,127,127,	-0.00000,0.75932,-0.65072,	3,	86,135,93
129,127,127,	0.01046,0.99995,0.00001,	3,	88,98,86
129,127,127,	-0.00000,1.00000,0.00000,	3,	88,152,124
129,127,127,	-0.00000,1.00000,0.00000,	3,	89,97,90
129,127,127,	0.00000,1.00000,0.00000,	3,	89,136,126
129,127,127,	-0.00000,-0.00000,-1.00000,	3,	90,156,79
129,127,127,	0.00000,1.00000,0.00000,	3,	91,116,92
129,127,127,	0.00000,0.75925,0.65080,	3,	92,117,88
129,127,127,	0.00000,1.00000,0.00000,	3,	93,118,94
129,127,127,	0.00000,0.75914,0.65093,	3,	94,119,89
129,127,127,	0.58777,-0.00000,-0.80903,	3,	96,109,95
129,127,127,	0.92387,-0.00000,0.38270,	3,	97,130,100
129,127,127,	0.92388,-0.00000,-0.38267,	3,	97,131,127
129,127,127,	0.77532,0.54382,0.32115,	3,	99,141,107
129,127,127,	0.77532,0.54382,-0.32115,	3,	99,142,129
129,127,127,	-0.00000,-0.00000,1.00000,	3,	101,122,102
129,127,127,	0.95106,-0.00000,0.30901,	3,	103,105,104
129,127,127,	0.58778,-0.00000,-0.80902,	3,	104,112,110
129,127,127,	-0.00000,-0.00000,1.00000,	3,	105,114,106
129,127,127,	0.00000,1.00000,0.00000,	3,	106,115,112
129,127,127,	-0.58778,-0.00000,-0.80902,	3,	111,138,137
129,127,127,	0.62452,0.78101,-0.00000,	3,	116,139,117
129,127,127,	-0.95106,-0.00000,0.30901,	3,	120,121,115
129,127,127,	-0.95106,-0.00000,0.30900,	3,	122,137,123
129,127,127,	-0.00000,1.00000,0.00000,	3,	123,138,102
129,127,127,	0.45235,-0.00000,0.89184,	3,	124,157,128
129,127,127,	-0.00000,1.00000,0.00000,	3,	125,153,135
129,127,127,	0.45241,-0.00000,0.89181,	3,	126,159,130
129,127,127,	-0.00000,1.00000,0.00000,	3,	127,155,90
129,127,127,	0.45234,-0.00000,-0.89185,	3,	129,158,125
129,127,127,	-0.99541,-0.00000,0.09575,	3,	132,133,113
129,127,127,	-0.00000,1.00000,0.00000,	3,	134,151,139
129,127,127,	0.65080,0.75925,0.00000,	3,	135,136,119
129,127,127,	-0.00000,1.00000,-0.00000,	3,	143,144,108
129,127,127,	0.37632,0.55481,-0.74200,	3,	144,160,131
129,127,127,	-0.97886,0.20234,0.02989,	3,	145,148,146
129,127,127,	-0.00000,0.96453,0.26399,	3,	148,201,199
129,127,127,	-0.89443,0.44720,-0.00000,	3,	149,170,152
129,127,127,	-0.00000,0.44717,-0.89445,	3,	150,197,181
129,127,127,	-0.00000,1.00000,-0.00000,	3,	151,152,140
129,127,127,	-0.00000,1.00000,-0.00000,	3,	153,154,126
129,127,127,	-0.00000,-0.00000,-1.00000,	3,	153,184,176
129,127,127,	-0.00000,-0.00000,1.00000,	3,	154,185,159
129,127,127,	0.00000,-0.00000,-1.00000,	3,	155,178,173
129,127,127,	0.39328,0.52797,0.75272,	3,	157,161,141
129,127,127,	-0.00000,-0.00000,-1.00000,	3,	158,189,153
129,127,127,	0.39334,0.52791,0.75273,	3,	159,163,143
129,127,127,	0.00000,-0.00000,-1.00000,	3,	160,186,155
129,127,127,	-0.00000,0.57419,-0.81872,	3,	160,195,191
129,127,127,	-0.00000,1.00000,-0.00000,	3,	161,162,142
129,127,127,	-0.00000,0.57422,-0.81870,	3,	162,193,158
129,127,127,	0.00000,1.00000,0.00000,	3,	163,194,164
129,127,127,	-0.94315,0.30436,0.13355,	3,	165,167,147
129,127,127,	-0.00000,0.94506,-0.32689,	3,	165,202,182
129,127,127,	0.00000,0.91844,0.39557,	3,	167,182,166
129,127,127,	0.00000,1.00000,0.00000,	3,	168,180,170
129,127,127,	0.00000,1.00000,0.00000,	3,	171,176,172
129,127,127,	-0.00000,-0.00000,1.00000,	3,	172,177,154
129,127,127,	-0.89443,0.44720,-0.00000,	3,	173,174,156
129,127,127,	-0.00000,-0.00000,1.00000,	3,	175,183,152
129,127,127,	0.00000,-0.00000,-1.00000,	3,	179,259,174
129,127,127,	-0.00000,-0.00000,1.00000,	3,	183,188,157
129,127,127,	0.89443,0.44720,0.00000,	3,	184,185,177
129,127,127,	0.00000,1.00000,0.00000,	3,	185,217,212
129,127,127,	-0.45241,-0.00000,0.89181,	3,	185,218,190
129,127,127,	0.89443,0.44720,0.00000,	3,	186,187,178
129,127,127,	-0.00000,0.57424,0.81869,	3,	188,192,161
129,127,127,	-0.45234,-0.00000,-0.89185,	3,	189,217,184
129,127,127,	-0.37645,0.55461,0.74208,	3,	190,222,207
129,127,127,	-0.45232,-0.00000,-0.89186,	3,	191,219,186
129,127,127,	-0.00000,1.00000,0.00000,	3,	192,206,193
129,127,127,	-0.00000,1.00000,0.00000,	3,	194,207,195
129,127,127,	-0.00000,1.00000,0.00000,	3,	196,240,210
129,127,127,	0.00000,1.00000,0.00000,	3,	198,209,183
129,127,127,	-0.00000,0.56607,0.82436,	3,	199,203,146
129,127,127,	0.99997,-0.00325,-0.00747,	3,	200,201,182
129,127,127,	0.98000,0.19651,0.03151,	3,	200,204,199
129,127,127,	0.00000,0.93698,0.34938,	3,	200,262,228
129,127,127,	0.00000,0.90962,0.41544,	3,	202,263,200
129,127,127,	-0.00000,0.99976,-0.02207,	3,	203,214,132
129,127,127,	0.00000,0.99986,0.01652,	3,	204,228,203
129,127,127,	-0.00000,1.00000,0.00000,	3,	205,229,206
129,127,127,	-0.77532,0.54382,-0.32115,	3,	206,233,221
129,127,127,	-0.00000,1.00000,0.00000,	3,	207,230,208
129,127,127,	-0.37632,0.55481,-0.74200,	3,	208,223,191
129,127,127,	-0.00000,1.00000,-0.00000,	3,	210,211,198
129,127,127,	-0.00000,0.75926,-0.65079,	3,	210,235,224
129,127,127,	0.00000,1.00000,0.00000,	3,	211,241,183
129,127,127,	-0.65078,0.75927,-0.00000,	3,	212,227,213
129,127,127,	-0.00000,0.75932,-0.65072,	3,	212,237,226
129,127,127,	-0.00000,-0.00000,1.00000,	3,	214,215,133
129,127,127,	-0.45235,-0.00000,0.89184,	3,	216,220,188
129,127,127,	-0.92387,-0.00000,0.38270,	3,	218,232,222
129,127,127,	-0.77532,0.54381,0.32115,	3,	220,233,205
129,127,127,	-0.92388,-0.00000,-0.38269,	3,	221,231,217
129,127,127,	-0.92388,-0.00000,-0.38267,	3,	223,234,232
129,127,127,	0.00000,0.75925,0.65080,	3,	225,236,211
129,127,127,	-0.00000,1.00000,0.00000,	3,	226,238,227
129,127,127,	-0.00001,0.93698,0.34939,	3,	228,254,245
129,127,127,	-0.00000,1.00000,0.00000,	3,	232,244,219
129,127,127,	-0.93722,0.34873,-0.00000,	3,	235,246,236
129,127,127,	-0.64459,0.23984,-0.72593,	3,	237,256,248
129,127,127,	-0.00000,0.75914,0.65093,	3,	238,243,213
129,127,127,	-0.60120,0.20092,-0.77343,	3,	240,251,235
129,127,127,	-0.00000,1.00000,-0.00000,	3,	241,242,231
129,127,127,	0.00000,-0.00000,-1.00000,	3,	244,259,187
129,127,127,	-0.35222,0.93592,-0.00000,	3,	246,288,247
129,127,127,	-0.23585,0.62669,0.74272,	3,	247,289,252
129,127,127,	-0.93722,0.34873,-0.00000,	3,	248,249,238
129,127,127,	-0.23421,0.62232,0.74690,	3,	249,291,257
129,127,127,	-0.35622,0.93440,0.00211,	3,	250,310,292
129,127,127,	-0.24331,0.64043,-0.72846,	3,	251,292,288
129,127,127,	-0.94807,0.31808,0.00052,	3,	252,256,241
129,127,127,	-0.35531,0.93475,0.00019,	3,	252,293,253
129,127,127,	-0.94363,0.33099,0.00051,	3,	253,268,255
129,127,127,	-0.18414,0.48287,-0.85611,	3,	253,311,267
129,127,127,	-0.35641,0.93433,0.00096,	3,	255,312,294
129,127,127,	-0.24371,0.63979,-0.72889,	3,	256,294,290
129,127,127,	-0.94624,0.32347,0.00051,	3,	257,259,243
129,127,127,	-0.94536,0.32604,0.00051,	3,	258,269,259
129,127,127,	0.00000,-0.00000,-1.00000,	3,	259,270,67
129,127,127,	0.00000,-0.00000,-1.00000,	3,	260,302,282
129,127,127,	0.36340,-0.93163,-0.00000,	3,	261,303,260
129,127,127,	-0.78039,0.25721,0.56994,	3,	264,274,265
129,127,127,	-0.75472,0.33876,0.56182,	3,	265,275,266
129,127,127,	-0.35212,0.93596,-0.00000,	3,	267,306,268
129,127,127,	-0.35212,0.93596,-0.00000,	3,	269,308,270
129,127,127,	0.00000,-0.00000,-1.00000,	3,	270,309,303
129,127,127,	-0.59647,-0.64162,0.48224,	3,	271,314,274
129,127,127,	-0.74597,0.27692,0.60568,	3,	274,320,275
129,127,127,	-0.45973,0.81002,0.36402,	3,	275,304,273
129,127,127,	-0.00000,-0.00000,-1.00000,	3,	277,285,281
129,127,127,	0.73309,-0.68013,-0.00000,	3,	279,287,286
129,127,127,	-0.72485,-0.68891,0.00000,	3,	280,297,296
129,127,127,	0.00000,-0.00000,-1.00000,	3,	280,300,26
129,127,127,	-0.73309,0.68013,-0.00000,	3,	282,298,283
129,127,127,	-0.00000,-0.00000,-1.00000,	3,	283,299,287
129,127,127,	0.72485,0.68891,0.00000,	3,	284,285,276
129,127,127,	-0.00000,-0.00000,-1.00000,	3,	285,299,297
129,127,127,	0.18189,0.98332,0.00000,	3,	292,293,289
129,127,127,	0.18189,0.98332,0.00000,	3,	294,295,291
129,127,127,	-0.35650,0.93430,-0.00043,	3,	295,313,258
129,127,127,	-1.00000,0.00000,-0.00000,	3,	296,299,298
129,127,127,	-0.00000,-0.00000,-1.00000,	3,	298,302,300
129,127,127,	-0.00000,1.00000,-0.00000,	3,	300,301,27
129,127,127,	-0.00000,-0.00000,-1.00000,	3,	301,325,319
129,127,127,	1.00000,0.00000,0.00000,	3,	302,303,301
129,127,127,	-0.23735,0.62599,0.74283,	3,	305,310,272
129,127,127,	-0.22756,0.60487,0.76311,	3,	307,312,268
129,127,127,	-0.93179,0.36300,-0.00000,	3,	310,326,311
129,127,127,	-0.49474,0.19274,-0.84740,	3,	311,327,306
129,127,127,	-0.93179,0.36300,-0.00000,	3,	312,328,313
129,127,127,	-0.52252,0.20356,-0.82797,	3,	313,329,308
129,127,127,	-0.63962,-0.76754,0.04212,	3,	315,320,314
129,127,127,	-0.64018,-0.76822,0.00000,	3,	316,323,322
129,127,127,	-0.64018,-0.76822,0.00000,	3,	318,324,323
129,127,127,	-0.92896,0.36508,0.06118,	3,	320,321,304
129,127,127,	-0.58490,0.22581,0.77904,	3,	321,326,305
129,127,127,	-0.62292,-0.78228,0.00000,	3,	322,327,326
129,127,127,	-0.55947,0.21427,0.80067,	3,	323,328,307
129,127,127,	-0.93385,0.35765,-0.00000,	3,	324,325,309
129,127,127,	-0.62292,-0.78228,0.00000,	3,	324,329,328
130,127,127,	0.62292,-0.78228,-0.00000,	3,	0,5,4
130,127,127,	0.93179,0.36300,-0.00000,	3,	0,17,1
130,127,127,	0.60209,0.23456,0.76320,	3,	0,20,16
130,127,127,	0.64018,-0.76822,-0.00000,	3,	4,11,10
130,127,127,	0.64018,-0.76822,-0.00000,	3,	7,13,6
130,127,127,	0.92896,0.36508,0.06118,	3,	9,25,4
130,127,127,	-0.00000,-1.00000,0.00000,	3,	10,315,15
130,127,127,	0.56803,-0.68164,0.46121,	3,	15,54,9
130,127,127,	-0.00000,-1.00000,0.00000,	3,	15,314,58
130,127,127,	0.19694,0.52347,-0.82897,	3,	17,64,21
130,127,127,	0.20748,0.55150,-0.80796,	3,	19,66,23
130,127,127,	0.93385,0.35765,0.00000,	3,	21,22,5
130,127,127,	0.22756,0.60487,0.76311,	3,	22,65,18
130,127,127,	0.35212,0.93596,-0.00000,	3,	23,67,24
130,127,127,	-0.00000,-0.00000,-1.00000,	3,	24,27,8
130,127,127,	-1.00000,-0.00000,-0.00000,	3,	27,29,28
130,127,127,	0.00000,-0.00000,-1.00000,	3,	27,319,14
130,127,127,	-0.00000,-0.00000,-1.00000,	3,	28,32,30
130,127,127,	-0.00000,-0.00000,-1.00000,	3,	28,48,26
130,127,127,	-0.00000,-0.00000,-1.00000,	3,	28,68,46
130,127,127,	0.72485,-0.68891,-0.00000,	3,	31,49,48
130,127,127,	0.35702,0.93409,0.00000,	3,	36,37,19
130,127,127,	0.24328,0.64058,-0.72833,	3,	36,76,40
130,127,127,	-0.18189,0.98332,-0.00000,	3,	38,39,34
130,127,127,	0.24325,0.64051,0.72841,	3,	39,73,35
130,127,127,	0.23635,0.62801,0.74145,	3,	41,83,77
130,127,127,	-0.00000,-0.00000,-1.00000,	3,	42,286,284
130,127,127,	-1.00000,-0.00000,0.00000,	3,	43,45,42
130,127,127,	-0.00000,-0.00000,-1.00000,	3,	43,53,49
130,127,127,	-0.00000,-0.00000,-1.00000,	3,	47,51,45
130,127,127,	-0.00000,-1.00000,0.00000,	3,	48,281,280
130,127,127,	-0.00000,-1.00000,0.00000,	3,	51,278,50
130,127,127,	-0.00000,-0.00000,-1.00000,	3,	51,283,279
130,127,127,	-0.00000,-0.00000,-1.00000,	3,	52,284,276
130,127,127,	-0.00000,-0.84725,0.53119,	3,	58,271,264
130,127,127,	0.78039,0.25721,0.56994,	3,	59,60,54
130,127,127,	-0.00000,-0.00000,-1.00000,	3,	67,69,29
130,127,127,	-0.00000,-1.00000,0.00000,	3,	68,261,260
130,127,127,	0.35503,0.93485,0.00000,	3,	71,72,34
130,127,127,	0.23640,0.62814,-0.74132,	3,	72,80,38
130,127,127,	0.35503,0.93485,0.00000,	3,	77,78,37
130,127,127,	0.94528,0.32625,-0.00000,	3,	77,89,79
130,127,127,	0.93722,0.34874,-0.00000,	3,	80,92,81
130,127,127,	0.60153,0.20052,-0.77327,	3,	86,93,76
130,127,127,	0.93722,0.34874,0.00000,	3,	93,94,82
130,127,127,	0.95105,-0.00000,0.30903,	3,	95,101,96
130,127,127,	0.00000,1.00000,0.00000,	3,	96,138,111
130,127,127,	0.92388,-0.00000,-0.38269,	3,	99,129,98
130,127,127,	0.77532,0.54382,0.32115,	3,	100,143,108
130,127,127,	0.77530,0.54387,-0.32113,	3,	100,144,131
130,127,127,	0.58778,-0.00000,-0.80902,	3,	104,110,103
130,127,127,	0.95106,-0.00000,0.30901,	3,	105,106,104
130,127,127,	-0.58778,-0.00000,-0.80902,	3,	111,137,109
130,127,127,	-0.58778,-0.00000,-0.80902,	3,	112,120,110
130,127,127,	-0.95106,-0.00000,0.30901,	3,	114,120,115
130,127,127,	-0.00000,1.00000,0.00000,	3,	115,121,112
130,127,127,	-0.00000,0.75925,0.65080,	3,	117,139,88
130,127,127,	0.65080,0.75925,-0.00000,	3,	118,135,119
130,127,127,	0.92388,-0.00000,0.38269,	3,	124,128,98
130,127,127,	-0.00915,0.99996,0.00022,	3,	125,135,98
130,127,127,	0.92387,-0.00000,0.38270,	3,	126,130,97
130,127,127,	0.45232,-0.00000,-0.89185,	3,	127,160,155
130,127,127,	0.77532,0.54381,0.32115,	3,	128,141,99
130,127,127,	0.37645,0.55461,0.74208,	3,	130,159,143
130,127,127,	0.64897,0.76081,-0.00317,	3,	134,139,116
130,127,127,	0.00000,1.00000,0.00000,	3,	136,153,126
130,127,127,	-0.00000,1.00000,-0.00000,	3,	141,142,107
130,127,127,	0.37637,0.55471,-0.74205,	3,	142,158,129
130,127,127,	0.39334,0.52791,-0.75273,	3,	144,164,160
130,127,127,	-0.00000,0.99986,0.01652,	3,	145,146,113
130,127,127,	-0.00000,0.99976,-0.02207,	3,	146,203,132
130,127,127,	-0.98000,0.19651,0.03151,	3,	147,148,145
130,127,127,	-0.98629,0.15334,0.06107,	3,	147,167,166
130,127,127,	0.45235,-0.00000,0.89184,	3,	152,157,124
130,127,127,	-0.89443,0.44720,-0.00000,	3,	155,173,156
130,127,127,	-0.00000,1.00000,-0.00000,	3,	163,164,143
130,127,127,	0.00000,0.96453,0.26399,	3,	166,201,148
130,127,127,	0.00000,1.00000,0.00000,	3,	170,180,175
130,127,127,	-0.89443,0.44720,-0.00000,	3,	171,172,153
130,127,127,	0.00000,-0.00000,-1.00000,	3,	174,259,79
130,127,127,	0.89443,0.44720,-0.00000,	3,	176,184,177
130,127,127,	-0.00000,1.00000,-0.00000,	3,	178,179,173
130,127,127,	-0.45235,-0.00000,0.89184,	3,	183,216,188
130,127,127,	-0.00000,-0.00000,1.00000,	3,	185,190,159
130,127,127,	-0.00000,1.00000,0.00000,	3,	186,244,187
130,127,127,	-0.39328,0.52797,0.75272,	3,	188,205,192
130,127,127,	-0.00000,0.57419,0.81872,	3,	190,194,163
130,127,127,	-0.00000,1.00000,-0.00000,	3,	192,193,162
130,127,127,	-0.39329,0.52794,-0.75273,	3,	193,206,189
130,127,127,	-0.39334,0.52791,-0.75273,	3,	195,208,191
130,127,127,	-0.77532,0.54382,0.32115,	3,	205,233,229
130,127,127,	-0.00000,0.75932,-0.65072,	3,	212,242,237
130,127,127,	-0.00000,1.00000,0.00000,	3,	213,218,185
130,127,127,	0.00000,1.00000,0.00000,	3,	213,243,232
130,127,127,	0.99541,-0.00000,0.09575,	3,	214,228,215
130,127,127,	0.00000,1.00000,0.00000,	3,	216,241,231
130,127,127,	-0.77534,0.54378,0.32118,	3,	222,234,207
130,127,127,	-0.92388,-0.00000,-0.38267,	3,	223,232,219
130,127,127,	-0.00000,1.00000,0.00000,	3,	224,236,225
130,127,127,	-0.77532,0.54382,-0.32115,	3,	230,234,208
130,127,127,	-0.92388,-0.00000,0.38269,	3,	231,233,220
130,127,127,	-0.00000,1.00000,0.00000,	3,	231,242,217
130,127,127,	-0.60078,0.20156,0.77359,	3,	236,252,241
130,127,127,	-0.00000,1.00000,-0.00000,	3,	237,238,226
130,127,127,	-0.59868,0.20466,0.77440,	3,	238,257,243
130,127,127,	-0.94528,0.32625,-0.00000,	3,	243,259,244
130,127,127,	-0.93722,0.34873,-0.00000,	3,	246,247,236
130,127,127,	-0.94844,0.31695,0.00052,	3,	250,251,240
130,127,127,	-0.23618,0.62756,-0.74188,	3,	251,288,246
130,127,127,	-0.35614,0.93443,0.00019,	3,	257,295,258
130,127,127,	-0.20748,0.55150,-0.80796,	3,	269,313,308
130,127,127,	0.72485,0.68891,-0.00000,	3,	276,285,277
130,127,127,	0.00000,-0.00000,-1.00000,	3,	278,286,44
130,127,127,	-0.00000,-0.00000,-1.00000,	3,	285,297,281
130,127,127,	-0.00000,-0.00000,-1.00000,	3,	287,299,285
130,127,127,	0.18189,0.98332,-0.00000,	3,	288,292,289
130,127,127,	-0.35222,0.93592,-0.00000,	3,	290,291,249
130,127,127,	-0.35657,0.93427,-0.00000,	3,	292,311,293
130,127,127,	-0.35657,0.93427,-0.00000,	3,	294,313,295
130,127,127,	0.00000,-0.00000,-1.00000,	3,	296,300,280
130,127,127,	-0.00000,-0.00000,-1.00000,	3,	303,309,301
130,127,127,	-0.36259,0.93072,0.04787,	3,	304,305,272
130,127,127,	-0.35212,0.93596,-0.00000,	3,	306,307,268
130,127,127,	-0.47816,0.18313,-0.85897,	3,	306,327,322
130,127,127,	-0.93385,0.35765,-0.00000,	3,	308,324,309
130,127,127,	-0.64018,-0.76822,-0.00000,	3,	316,321,315
130,127,127,	-0.64018,-0.76822,-0.00000,	3,	318,323,317
130,127,127,	-0.64018,-0.76822,-0.00000,	3,	319,325,318
130,127,127,	-0.93385,0.35765,-0.00000,	3,	322,323,307
130,127,127,	-0.62292,-0.78228,-0.00000,	3,	322,326,321
131,127,127,	0.35702,0.93409,-0.00000,	3,	18,36,19
131,127,127,	1.00000,0.00000,0.00000,	3,	32,33,30
131,127,127,	-0.00000,-0.00000,-1.00000,	3,	33,45,43
131,127,127,	0.80859,0.53649,0.24157,	3,	55,330,56
131,127,127,	0.81048,0.58550,0.01746,	3,	56,330,57
131,127,127,	0.84148,0.54002,0.01731,	3,	57,330,71
131,127,127,	0.76644,0.58426,0.26684,	3,	61,330,55
131,127,127,	-0.00000,0.90962,0.41543,	3,	61,336,62
131,127,127,	-0.00000,0.90962,0.41544,	3,	62,147,63
131,127,127,	0.94556,0.32546,0.00021,	3,	71,330,87
131,127,127,	0.61800,0.21329,0.75669,	3,	77,94,89
131,127,127,	0.00000,1.00000,0.00000,	3,	85,332,134
131,127,127,	0.00000,1.00000,0.00000,	3,	87,332,85
131,127,127,	-0.00000,1.00000,0.00000,	3,	102,138,96
131,127,127,	0.00000,1.00000,0.00000,	3,	134,332,151
131,127,127,	-0.00000,0.57419,-0.81872,	3,	164,195,160
131,127,127,	0.89443,0.44720,0.00000,	3,	175,333,183
131,127,127,	0.89443,0.44720,-0.00000,	3,	178,187,179
131,127,127,	0.89443,0.44720,-0.00000,	3,	180,333,175
131,127,127,	0.00000,1.00000,0.00000,	3,	196,334,240
131,127,127,	-0.37637,0.55471,-0.74206,	3,	206,221,189
131,127,127,	-0.65078,0.75927,-0.00000,	3,	224,225,210
131,127,127,	-0.94868,0.31624,-0.00000,	3,	240,334,250
131,127,127,	-0.59929,0.20408,-0.77408,	3,	242,256,237
131,127,127,	-0.35222,0.93592,-0.00000,	3,	248,290,249
131,127,127,	-0.84148,0.54002,0.01731,	3,	250,335,272
131,127,127,	0.00000,-0.00000,-1.00000,	3,	260,282,68
131,127,127,	-0.00000,0.90962,0.41543,	3,	266,336,61
131,127,127,	-0.81048,0.58550,0.01746,	3,	272,335,273
131,127,127,	-0.80871,0.53681,0.24045,	3,	273,335,275
131,127,127,	-0.76631,0.58485,0.26593,	3,	275,335,266
131,127,127,	1.00000,0.00000,0.00000,	3,	286,287,284
131,127,127,	-0.94820,0.31766,-0.00038,	3,	334,335,250

TEXTURES
oolite_transporter_diffuse.png	1.0 1.0	0.02028 0.29107	0.01180 0.28625	0.02028 0.38619
oolite_transporter_diffuse.png	1.0 1.0	0.02028 0.08197	0.01180 0.07676	0.02028 0.17753
oolite_transporter_diffuse.png	1.0 1.0	0.02415 0.39823	0.01410 0.39929	0.02795 0.46335
oolite_transporter_diffuse.png	1.0 1.0	0.01827 0.39709	0.08932 0.39595	0.02030 0.38609
oolite_transporter_diffuse.png	1.0 1.0	0.02432 0.18706	0.01421 0.28244	0.02432 0.28244
oolite_transporter_diffuse.png	1.0 1.0	0.01187 0.18346	0.00177 0.07664	0.00177 0.18346
oolite_transporter_diffuse.png	1.0 1.0	0.01733 0.18699	0.08838 0.18699	0.02028 0.17753
oolite_transporter_diffuse.png	1.0 1.0	0.02460 0.00094	0.01450 0.07325	0.02460 0.07325
oolite_transporter_diffuse.png	1.0 1.0	0.51379 0.85384	0.41611 0.84201	0.50606 0.86000
oolite_transporter_diffuse.png	1.0 1.0	0.51633 0.62565	0.96795 0.99915	0.96795 0.62566
oolite_transporter_diffuse.png	1.0 1.0	0.52033 0.56190	0.96795 0.62566	0.96395 0.56191
oolite_transporter_diffuse.png	1.0 1.0	0.09154 0.38609	0.24163 0.35947	0.09154 0.29096
oolite_transporter_diffuse.png	1.0 1.0	0.09154 0.29096	0.08901 0.28246	0.02030 0.29096
oolite_transporter_diffuse.png	1.0 1.0	0.09145 0.17758	0.09145 0.08202	0.02028 0.17753
oolite_transporter_diffuse.png	1.0 1.0	0.09150 0.08202	0.08880 0.07332	0.02027 0.08202
oolite_transporter_diffuse.png	1.0 1.0	0.09542 0.28246	0.27888 0.18708	0.09542 0.18699
oolite_transporter_diffuse.png	1.0 1.0	0.09564 0.07332	0.09543 0.00098	0.02457 0.07332
oolite_transporter_diffuse.png	1.0 1.0	0.48888 0.78882	0.41612 0.78315	0.41611 0.84201
oolite_transporter_diffuse.png	1.0 1.0	0.09910 0.46069	0.27891 0.39580	0.09521 0.39569
oolite_transporter_diffuse.png	1.0 1.0	0.99878 0.99943	0.99878 0.72765	0.99073 0.99943
oolite_transporter_diffuse.png	1.0 1.0	0.99050 0.38434	0.99856 0.48819	0.99856 0.38434
oolite_transporter_diffuse.png	1.0 1.0	0.40433 0.97459	0.37232 0.99943	0.40433 0.99943
oolite_transporter_diffuse.png	1.0 1.0	0.36028 0.81272	0.33637 0.83788	0.41198 0.78323
oolite_transporter_diffuse.png	1.0 1.0	0.51302 0.89276	0.48756 0.86526	0.49598 0.89750
oolite_transporter_diffuse.png	1.0 1.0	0.98048 0.47787	0.91746 0.46846	0.91284 0.47787
oolite_transporter_diffuse.png	1.0 1.0	0.98180 0.47668	0.98180 0.40552	0.97577 0.46846
oolite_transporter_diffuse.png	1.0 1.0	0.24163 0.31772	0.28554 0.29098	0.09154 0.29096
oolite_transporter_diffuse.png	1.0 1.0	0.24154 0.10884	0.28547 0.08202	0.09145 0.08202
oolite_transporter_diffuse.png	1.0 1.0	0.91746 0.46846	0.91746 0.40394	0.91141 0.40562
oolite_transporter_diffuse.png	1.0 1.0	0.11303 0.75340	0.05472 0.75340	0.11774 0.76281
oolite_transporter_diffuse.png	1.0 1.0	0.05472 0.75340	0.04867 0.69056	0.04867 0.76173
oolite_transporter_diffuse.png	1.0 1.0	0.29726 0.94135	0.32036 0.97226	0.32036 0.94135
oolite_transporter_diffuse.png	1.0 1.0	0.21870 0.91486	0.05166 0.91484	0.19613 0.93868
oolite_transporter_diffuse.png	1.0 1.0	0.49598 0.92187	0.48671 0.95415	0.51302 0.92665
oolite_transporter_diffuse.png	1.0 1.0	0.32036 0.94135	0.34609 0.97226	0.34609 0.94135
oolite_transporter_diffuse.png	1.0 1.0	0.33702 0.97459	0.33702 0.99943	0.37232 0.97459
oolite_transporter_diffuse.png	1.0 1.0	0.33637 0.83788	0.22405 0.83792	0.41198 0.84035
oolite_transporter_diffuse.png	1.0 1.0	0.27102 0.94135	0.27102 0.97226	0.29726 0.97226
oolite_transporter_diffuse.png	1.0 1.0	0.20705 0.73359	0.25050 0.67440	0.03262 0.48747
oolite_transporter_diffuse.png	1.0 1.0	0.25050 0.67440	0.27435 0.53241	0.09910 0.46069
oolite_transporter_diffuse.png	1.0 1.0	0.27891 0.39580	0.28556 0.38614	0.09154 0.38609
oolite_transporter_diffuse.png	1.0 1.0	0.57864 0.24785	0.58710 0.24458	0.57886 0.24191
oolite_transporter_diffuse.png	1.0 1.0	0.70090 0.33910	0.96272 0.56174	0.78267 0.33910
oolite_transporter_diffuse.png	1.0 1.0	0.58710 0.16880	0.58710 0.15954	0.57886 0.16188
oolite_transporter_diffuse.png	1.0 1.0	0.58710 0.12485	0.62653 0.12469	0.62595 0.00038
oolite_transporter_diffuse.png	1.0 1.0	0.23537 0.93946	0.25523 0.91187	0.23866 0.91187
oolite_transporter_diffuse.png	1.0 1.0	0.27886 0.28256	0.28930 0.28738	0.27886 0.18718
oolite_transporter_diffuse.png	1.0 1.0	0.27888 0.18708	0.28547 0.17758	0.09145 0.17758
oolite_transporter_diffuse.png	1.0 1.0	0.27910 0.07332	0.27910 0.00087	0.09564 0.07332
oolite_transporter_diffuse.png	1.0 1.0	0.32058 0.72565	0.23963 0.72565	0.31942 0.74543
oolite_transporter_diffuse.png	1.0 1.0	0.31815 0.74663	0.22347 0.75656	0.33695 0.75652
oolite_transporter_diffuse.png	1.0 1.0	0.99073 0.48812	0.99073 0.56494	0.99878 0.48812
oolite_transporter_diffuse.png	1.0 1.0	0.77821 0.12928	0.79705 0.20332	0.79705 0.10224
oolite_transporter_diffuse.png	1.0 1.0	0.91746 0.37384	0.91141 0.40128	0.91746 0.40394
oolite_transporter_diffuse.png	1.0 1.0	0.28547 0.17758	0.28547 0.15060	0.24154 0.15060
oolite_transporter_diffuse.png	1.0 1.0	0.89867 0.15269	0.91660 0.31744	0.91660 0.15269
oolite_transporter_diffuse.png	1.0 1.0	0.11906 0.68645	0.11303 0.65878	0.11303 0.68888
oolite_transporter_diffuse.png	1.0 1.0	0.28939 0.07839	0.28939 0.00087	0.27910 0.07332
oolite_transporter_diffuse.png	1.0 1.0	0.31746 0.71570	0.24284 0.71570	0.32058 0.72565
oolite_transporter_diffuse.png	1.0 1.0	0.97577 0.40394	0.91746 0.40394	0.97577 0.46846
oolite_transporter_diffuse.png	1.0 1.0	0.11303 0.68888	0.05472 0.68888	0.11303 0.75340
oolite_transporter_diffuse.png	1.0 1.0	0.04867 0.65613	0.04867 0.68622	0.05472 0.65878
oolite_transporter_diffuse.png	1.0 1.0	0.98180 0.37187	0.97577 0.37384	0.98180 0.40151
oolite_transporter_diffuse.png	1.0 1.0	0.24485 0.86307	0.24245 0.88304	0.30708 0.86307
oolite_transporter_diffuse.png	1.0 1.0	0.91660 0.31744	0.92986 0.25315	0.92273 0.23594
oolite_transporter_diffuse.png	1.0 1.0	0.91704 0.10970	0.91704 0.00229	0.89821 0.00229
oolite_transporter_diffuse.png	1.0 1.0	0.91704 0.10970	0.92986 0.07202	0.92273 0.05482
oolite_transporter_diffuse.png	1.0 1.0	0.97577 0.37384	0.91746 0.37384	0.97577 0.40394
oolite_transporter_diffuse.png	1.0 1.0	0.97577 0.37384	0.98180 0.35550	0.97577 0.35977
oolite_transporter_diffuse.png	1.0 1.0	0.11303 0.65878	0.11906 0.64044	0.11303 0.64471
oolite_transporter_diffuse.png	1.0 1.0	0.02939 0.71468	0.02939 0.69468	0.00556 0.69468
oolite_transporter_diffuse.png	1.0 1.0	0.92273 0.05482	0.92986 0.03761	0.91704 0.00229
oolite_transporter_diffuse.png	1.0 1.0	0.69873 0.30578	0.72978 0.29004	0.69873 0.29004
oolite_transporter_diffuse.png	1.0 1.0	0.69873 0.30578	0.66751 0.29004	0.66751 0.30578
oolite_transporter_diffuse.png	1.0 1.0	0.92273 0.23594	0.93169 0.15269	0.91660 0.15269
oolite_transporter_diffuse.png	1.0 1.0	0.63011 0.26261	0.59898 0.26261	0.63011 0.27846
oolite_transporter_diffuse.png	1.0 1.0	0.00556 0.63961	0.02939 0.63961	0.02939 0.62160
oolite_transporter_diffuse.png	1.0 1.0	0.06002 0.58569	0.06407 0.57259	0.05752 0.57759
oolite_transporter_diffuse.png	1.0 1.0	0.69689 0.28213	0.66927 0.28213	0.69873 0.29004
oolite_transporter_diffuse.png	1.0 1.0	0.62827 0.25481	0.60073 0.25481	0.63011 0.26261
oolite_transporter_diffuse.png	1.0 1.0	0.03721 0.54236	0.02874 0.54236	0.02874 0.61162
oolite_transporter_diffuse.png	1.0 1.0	0.25523 0.91187	0.25783 0.88303	0.24243 0.88303
oolite_transporter_diffuse.png	1.0 1.0	0.79808 0.29195	0.82079 0.26784	0.80214 0.24979
oolite_transporter_diffuse.png	1.0 1.0	0.25523 0.91187	0.27016 0.93946	0.26906 0.91187
oolite_transporter_diffuse.png	1.0 1.0	0.02068 0.61162	0.02068 0.54236	0.01339 0.54236
oolite_transporter_diffuse.png	1.0 1.0	0.97577 0.35977	0.91746 0.35977	0.91746 0.37384
oolite_transporter_diffuse.png	1.0 1.0	0.11303 0.64471	0.05472 0.64471	0.05472 0.65878
oolite_transporter_diffuse.png	1.0 1.0	0.05472 0.64471	0.04867 0.64012	0.04867 0.66328
oolite_transporter_diffuse.png	1.0 1.0	0.00556 0.65668	0.02939 0.65668	0.02939 0.63961
oolite_transporter_diffuse.png	1.0 1.0	0.66751 0.30578	0.64117 0.29004	0.64117 0.30578
oolite_transporter_diffuse.png	1.0 1.0	0.72978 0.29004	0.75611 0.29004	0.73123 0.28213
oolite_transporter_diffuse.png	1.0 1.0	0.66122 0.26261	0.65956 0.25481	0.63011 0.26261
oolite_transporter_diffuse.png	1.0 1.0	0.59898 0.26261	0.57295 0.26261	0.59898 0.27846
oolite_transporter_diffuse.png	1.0 1.0	0.80214 0.24979	0.85889 0.24979	0.80219 0.23408
oolite_transporter_diffuse.png	1.0 1.0	0.93169 0.15269	0.94391 0.21161	0.93169 0.10970
oolite_transporter_diffuse.png	1.0 1.0	0.00556 0.67469	0.02939 0.67469	0.02939 0.65668
oolite_transporter_diffuse.png	1.0 1.0	0.81172 0.05905	0.82395 0.05905	0.81172 0.05905
oolite_transporter_diffuse.png	1.0 1.0	0.93169 0.31744	0.94398 0.26025	0.91660 0.31744
oolite_transporter_diffuse.png	1.0 1.0	0.59088 0.38217	0.61352 0.39409	0.59088 0.32489
oolite_transporter_diffuse.png	1.0 1.0	0.66605 0.28213	0.64322 0.28213	0.64117 0.29004
oolite_transporter_diffuse.png	1.0 1.0	0.42970 0.75147	0.45219 0.68257	0.42970 0.69420
oolite_transporter_diffuse.png	1.0 1.0	0.86336 0.08135	0.86571 0.08113	0.85646 0.03802
oolite_transporter_diffuse.png	1.0 1.0	0.86565 0.01861	0.88326 0.01861	0.86457 0.01153
oolite_transporter_diffuse.png	1.0 1.0	0.82427 0.20625	0.83411 0.20332	0.82573 0.20332
oolite_transporter_diffuse.png	1.0 1.0	0.76089 0.31960	0.78004 0.31959	0.76089 0.30385
oolite_transporter_diffuse.png	1.0 1.0	0.94391 0.21161	0.94540 0.07915	0.94391 0.07915
oolite_transporter_diffuse.png	1.0 1.0	0.64117 0.30579	0.62429 0.31084	0.63875 0.31084
oolite_transporter_diffuse.png	1.0 1.0	0.64117 0.30578	0.62188 0.29004	0.62188 0.30578
oolite_transporter_diffuse.png	1.0 1.0	0.68748 0.27842	0.68748 0.26261	0.66122 0.27846
oolite_transporter_diffuse.png	1.0 1.0	0.94391 0.03048	0.94391 0.00229	0.91704 0.00229
oolite_transporter_diffuse.png	1.0 1.0	0.60455 0.30715	0.58524 0.30715	0.58766 0.31221
oolite_transporter_diffuse.png	1.0 1.0	0.28569 0.69860	0.28429 0.70140	0.31746 0.71570
oolite_transporter_diffuse.png	1.0 1.0	0.76089 0.30385	0.78005 0.30385	0.76089 0.29594
oolite_transporter_diffuse.png	1.0 1.0	0.64117 0.29004	0.62188 0.28213	0.62188 0.29004
oolite_transporter_diffuse.png	1.0 1.0	0.85073 0.33073	0.86989 0.33073	0.85073 0.32294
oolite_transporter_diffuse.png	1.0 1.0	0.60454 0.29150	0.58525 0.29153	0.58524 0.30715
oolite_transporter_diffuse.png	1.0 1.0	0.61352 0.39409	0.63522 0.39410	0.61352 0.31309
oolite_transporter_diffuse.png	1.0 1.0	0.62653 0.12469	0.63821 0.12465	0.62653 0.12469
oolite_transporter_diffuse.png	1.0 1.0	0.82573 0.20332	0.82573 0.00207	0.82395 0.20332
oolite_transporter_diffuse.png	1.0 1.0	0.76328 0.32464	0.77762 0.32464	0.76089 0.31960
oolite_transporter_diffuse.png	1.0 1.0	0.94540 0.03048	0.95296 0.00225	0.94540 0.00229
oolite_transporter_diffuse.png	1.0 1.0	0.95296 0.21157	0.95296 0.07912	0.94540 0.07915
oolite_transporter_diffuse.png	1.0 1.0	0.86746 0.35160	0.86988 0.34655	0.85073 0.34654
oolite_transporter_diffuse.png	1.0 1.0	0.63821 0.12465	0.63827 0.00038	0.62661 0.00038
oolite_transporter_diffuse.png	1.0 1.0	0.63821 0.12465	0.63821 0.12465	0.63831 0.00038
oolite_transporter_diffuse.png	1.0 1.0	0.95414 0.26023	0.98145 0.31763	0.96821 0.25310
oolite_transporter_diffuse.png	1.0 1.0	0.95414 0.21157	0.96819 0.21870	0.95414 0.07912
oolite_transporter_diffuse.png	1.0 1.0	0.27461 0.69860	0.24284 0.71570	0.27601 0.70140
oolite_transporter_diffuse.png	1.0 1.0	0.78005 0.30385	0.80639 0.30385	0.80493 0.29594
oolite_transporter_diffuse.png	1.0 1.0	0.89499 0.30385	0.86866 0.30385	0.86866 0.31960
oolite_transporter_diffuse.png	1.0 1.0	0.86989 0.33073	0.89462 0.32294	0.87187 0.32294
oolite_transporter_diffuse.png	1.0 1.0	0.98440 0.33074	0.95839 0.33074	0.95839 0.34654
oolite_transporter_diffuse.png	1.0 1.0	0.47384 0.76358	0.47384 0.68259	0.45219 0.68257
oolite_transporter_diffuse.png	1.0 1.0	0.83543 0.20332	0.84765 0.10219	0.83543 0.05905
oolite_transporter_diffuse.png	1.0 1.0	0.83543 0.05905	0.84765 0.05905	0.84765 0.05905
oolite_transporter_diffuse.png	1.0 1.0	0.89246 0.03802	0.88319 0.08122	0.88523 0.08126
oolite_transporter_diffuse.png	1.0 1.0	0.88326 0.01861	0.89246 0.03802	0.88846 0.01361
oolite_transporter_diffuse.png	1.0 1.0	0.28177 0.93945	0.29669 0.91187	0.28286 0.91187
oolite_transporter_diffuse.png	1.0 1.0	0.63831 0.00038	0.67691 0.12449	0.67691 0.00038
oolite_transporter_diffuse.png	1.0 1.0	0.84023 0.26784	0.86294 0.29195	0.85889 0.24979
oolite_transporter_diffuse.png	1.0 1.0	0.65787 0.38218	0.65787 0.32490	0.63522 0.39410
oolite_transporter_diffuse.png	1.0 1.0	0.49634 0.75148	0.49634 0.69421	0.47384 0.68259
oolite_transporter_diffuse.png	1.0 1.0	0.89780 0.32294	0.92726 0.33074	0.92534 0.32294
oolite_transporter_diffuse.png	1.0 1.0	0.95664 0.32294	0.92726 0.33074	0.95839 0.33074
oolite_transporter_diffuse.png	1.0 1.0	0.68988 0.00197	0.75272 0.00770	0.75752 0.00197
oolite_transporter_diffuse.png	1.0 1.0	0.68837 0.00343	0.68837 0.02659	0.69440 0.02177
oolite_transporter_diffuse.png	1.0 1.0	0.96637 0.15265	0.96637 0.10967	0.95414 0.07912
oolite_transporter_diffuse.png	1.0 1.0	0.96637 0.10967	0.97532 0.05478	0.96819 0.07199
oolite_transporter_diffuse.png	1.0 1.0	0.80639 0.31960	0.83744 0.31960	0.80639 0.30385
oolite_transporter_diffuse.png	1.0 1.0	0.96819 0.21870	0.98145 0.15265	0.96637 0.15265
oolite_transporter_diffuse.png	1.0 1.0	0.89615 0.34654	0.89615 0.33074	0.86989 0.33073
oolite_transporter_diffuse.png	1.0 1.0	0.96819 0.03758	0.98101 0.00225	0.95414 0.03045
oolite_transporter_diffuse.png	1.0 1.0	0.86866 0.30385	0.83744 0.30385	0.83744 0.31960
oolite_transporter_diffuse.png	1.0 1.0	0.69440 0.13289	0.75272 0.13289	0.68988 0.12715
oolite_transporter_diffuse.png	1.0 1.0	0.75272 0.13289	0.75272 0.14695	0.75876 0.12829
oolite_transporter_diffuse.png	1.0 1.0	0.29669 0.91187	0.30950 0.88303	0.29410 0.88303
oolite_transporter_diffuse.png	1.0 1.0	0.29669 0.91187	0.31656 0.93945	0.31326 0.91187
oolite_transporter_diffuse.png	1.0 1.0	0.83928 0.29594	0.83744 0.30385	0.86689 0.29594
oolite_transporter_diffuse.png	1.0 1.0	0.92726 0.34654	0.92726 0.33074	0.89615 0.33074
oolite_transporter_diffuse.png	1.0 1.0	0.69440 0.02177	0.75272 0.02177	0.69440 0.00770
oolite_transporter_diffuse.png	1.0 1.0	0.69440 0.02177	0.68837 0.04944	0.69440 0.05187
oolite_transporter_diffuse.png	1.0 1.0	0.75272 0.02177	0.75876 0.02627	0.75876 0.00311
oolite_transporter_diffuse.png	1.0 1.0	0.69440 0.14695	0.69440 0.17705	0.75272 0.14695
oolite_transporter_diffuse.png	1.0 1.0	0.30708 0.86307	0.24245 0.88304	0.30948 0.88304
oolite_transporter_diffuse.png	1.0 1.0	0.98145 0.31763	1.00000 0.15265	0.98145 0.15265
oolite_transporter_diffuse.png	1.0 1.0	0.98101 0.10967	0.98101 0.00225	0.97532 0.05478
oolite_transporter_diffuse.png	1.0 1.0	0.75876 0.01912	0.75272 0.02177	0.75876 0.04921
oolite_transporter_diffuse.png	1.0 1.0	0.75876 0.14430	0.75272 0.14695	0.75876 0.17439
oolite_transporter_diffuse.png	1.0 1.0	0.29309 0.38606	0.33702 0.35939	0.29309 0.35939
oolite_transporter_diffuse.png	1.0 1.0	0.29317 0.17749	0.33710 0.15051	0.29317 0.15051
oolite_transporter_diffuse.png	1.0 1.0	0.68837 0.17863	0.69440 0.24158	0.69440 0.17705
oolite_transporter_diffuse.png	1.0 1.0	0.29317 0.08193	0.48719 0.08193	0.29954 0.07324
oolite_transporter_diffuse.png	1.0 1.0	0.99878 0.56494	0.99073 0.66878	0.99878 0.66878
oolite_transporter_diffuse.png	1.0 1.0	0.67691 0.24467	0.67691 0.16880	0.58710 0.24458
oolite_transporter_diffuse.png	1.0 1.0	0.67691 0.16880	0.67691 0.15908	0.58710 0.16880
oolite_transporter_diffuse.png	1.0 1.0	0.29979 0.28248	0.29979 0.18710	0.28935 0.28730
oolite_transporter_diffuse.png	1.0 1.0	0.29976 0.28238	0.48711 0.29088	0.48323 0.28238
oolite_transporter_diffuse.png	1.0 1.0	0.29976 0.18700	0.48719 0.17749	0.29317 0.17749
oolite_transporter_diffuse.png	1.0 1.0	0.29954 0.07324	0.29954 0.00078	0.28926 0.00078
oolite_transporter_diffuse.png	1.0 1.0	0.23963 0.72565	0.14408 0.78330	0.24078 0.74558
oolite_transporter_diffuse.png	1.0 1.0	0.68521 0.24693	0.68505 0.24129	0.67691 0.24467
oolite_transporter_diffuse.png	1.0 1.0	0.29964 0.39580	0.48711 0.38601	0.29309 0.38606
oolite_transporter_diffuse.png	1.0 1.0	0.30398 0.53255	0.47936 0.46082	0.29964 0.39580
oolite_transporter_diffuse.png	1.0 1.0	0.68505 0.24129	0.68505 0.16127	0.67691 0.16880
oolite_transporter_diffuse.png	1.0 1.0	0.32806 0.67412	0.54590 0.48755	0.47936 0.46082
oolite_transporter_diffuse.png	1.0 1.0	0.17393 0.94137	0.17393 0.97228	0.27102 0.97226
oolite_transporter_diffuse.png	1.0 1.0	0.37423 0.94193	0.36425 0.95413	0.48671 0.95415
oolite_transporter_diffuse.png	1.0 1.0	0.09886 0.97228	0.12460 0.94137	0.09886 0.94137
oolite_transporter_diffuse.png	1.0 1.0	0.11681 0.99945	0.15263 0.99945	0.11681 0.97461
oolite_transporter_diffuse.png	1.0 1.0	0.21995 0.97461	0.21995 0.99945	0.33702 0.99943
oolite_transporter_diffuse.png	1.0 1.0	0.22347 0.75656	0.14844 0.78327	0.20014 0.78170
oolite_transporter_diffuse.png	1.0 1.0	0.36340 0.86524	0.35498 0.89748	0.37350 0.87745
oolite_transporter_diffuse.png	1.0 1.0	0.14769 0.94137	0.12460 0.97228	0.14769 0.97228
oolite_transporter_diffuse.png	1.0 1.0	0.69440 0.11640	0.75272 0.11640	0.75272 0.05187
oolite_transporter_diffuse.png	1.0 1.0	0.75272 0.11640	0.75876 0.12472	0.75876 0.05355
oolite_transporter_diffuse.png	1.0 1.0	0.69440 0.24158	0.68969 0.25098	0.75272 0.24158
oolite_transporter_diffuse.png	1.0 1.0	0.75272 0.24158	0.75876 0.24990	0.75876 0.17873
oolite_transporter_diffuse.png	1.0 1.0	0.33702 0.31763	0.48711 0.29088	0.29311 0.29090
oolite_transporter_diffuse.png	1.0 1.0	0.15263 0.99945	0.18465 0.99945	0.15263 0.97461
oolite_transporter_diffuse.png	1.0 1.0	0.18465 0.97461	0.18465 0.99945	0.21995 0.99945
oolite_transporter_diffuse.png	1.0 1.0	0.20014 0.78170	0.14844 0.84039	0.20014 0.81276
oolite_transporter_diffuse.png	1.0 1.0	0.99878 0.72765	0.99878 0.66878	0.99073 0.72765
oolite_transporter_diffuse.png	1.0 1.0	0.14409 0.84216	0.05415 0.86015	0.41611 0.84201
oolite_transporter_diffuse.png	1.0 1.0	0.47936 0.46082	0.55450 0.39815	0.48344 0.39561
oolite_transporter_diffuse.png	1.0 1.0	0.48933 0.39587	0.55834 0.38601	0.48711 0.38601
oolite_transporter_diffuse.png	1.0 1.0	0.48323 0.28238	0.55419 0.28238	0.48323 0.18690
oolite_transporter_diffuse.png	1.0 1.0	0.49027 0.18690	0.55837 0.17745	0.48754 0.17749
oolite_transporter_diffuse.png	1.0 1.0	0.48300 0.07324	0.48322 0.00089	0.29954 0.00078
oolite_transporter_diffuse.png	1.0 1.0	0.48984 0.07324	0.55838 0.08193	0.56090 0.07324
oolite_transporter_diffuse.png	1.0 1.0	0.07132 0.78897	0.04642 0.85399	0.14409 0.84216
oolite_transporter_diffuse.png	1.0 1.0	0.48711 0.38601	0.48711 0.29088	0.33702 0.35939
oolite_transporter_diffuse.png	1.0 1.0	0.48719 0.17749	0.48719 0.08193	0.33710 0.15051
oolite_transporter_diffuse.png	1.0 1.0	0.55025 0.49675	0.54590 0.48755	0.37146 0.73354
oolite_transporter_diffuse.png	1.0 1.0	0.56454 0.39920	0.55450 0.39815	0.55070 0.46326
oolite_transporter_diffuse.png	1.0 1.0	0.57698 0.28614	0.56688 0.28614	0.56688 0.39259
oolite_transporter_diffuse.png	1.0 1.0	0.56444 0.18698	0.55433 0.18698	0.56444 0.28236
oolite_transporter_diffuse.png	1.0 1.0	0.56415 0.07317	0.55404 0.00086	0.55404 0.07317
oolite_transporter_diffuse.png	1.0 1.0	0.56685 0.07668	0.55837 0.17745	0.56685 0.18349
oolite_transporter_diffuse.png	1.0 1.0	0.55834 0.38601	0.55834 0.29088	0.48711 0.29088
oolite_transporter_diffuse.png	1.0 1.0	0.55837 0.17745	0.55833 0.08193	0.48719 0.08193
oolite_transporter_diffuse.png	1.0 1.0	0.02030 0.29096	0.08901 0.28246	0.01788 0.28246
oolite_transporter_diffuse.png	1.0 1.0	0.02028 0.17753	0.01180 0.07676	0.01180 0.18358
oolite_transporter_diffuse.png	1.0 1.0	0.02028 0.17753	0.09145 0.08202	0.02032 0.08202
oolite_transporter_diffuse.png	1.0 1.0	0.02028 0.17753	0.08838 0.18699	0.09111 0.17758
oolite_transporter_diffuse.png	1.0 1.0	0.02027 0.08202	0.08880 0.07332	0.01775 0.07332
oolite_transporter_diffuse.png	1.0 1.0	0.02415 0.39823	0.09910 0.46069	0.09521 0.39569
oolite_transporter_diffuse.png	1.0 1.0	0.01177 0.28622	0.00166 0.28622	0.01177 0.39268
oolite_transporter_diffuse.png	1.0 1.0	0.02445 0.28246	0.09542 0.18699	0.02445 0.18699
oolite_transporter_diffuse.png	1.0 1.0	0.02432 0.18706	0.01421 0.18706	0.01421 0.28244
oolite_transporter_diffuse.png	1.0 1.0	0.02457 0.07332	0.09543 0.00098	0.02457 0.00094
oolite_transporter_diffuse.png	1.0 1.0	0.02460 0.00094	0.01450 0.00094	0.01450 0.07325
oolite_transporter_diffuse.png	1.0 1.0	0.03262 0.48747	0.25050 0.67440	0.09910 0.46069
oolite_transporter_diffuse.png	1.0 1.0	0.01410 0.39929	0.01764 0.46447	0.02795 0.46335
oolite_transporter_diffuse.png	1.0 1.0	0.51633 0.99914	0.96795 0.99915	0.51633 0.62565
oolite_transporter_diffuse.png	1.0 1.0	0.02820 0.49665	0.19927 0.73771	0.20705 0.73359
oolite_transporter_diffuse.png	1.0 1.0	0.09154 0.38609	0.09154 0.29096	0.02030 0.38609
oolite_transporter_diffuse.png	1.0 1.0	0.09154 0.38609	0.28556 0.38614	0.24163 0.35947
oolite_transporter_diffuse.png	1.0 1.0	0.09154 0.29096	0.28554 0.29098	0.27888 0.28246
oolite_transporter_diffuse.png	1.0 1.0	0.09145 0.17758	0.28547 0.17758	0.24154 0.15060
oolite_transporter_diffuse.png	1.0 1.0	0.09145 0.08202	0.28547 0.08202	0.27910 0.07332
oolite_transporter_diffuse.png	1.0 1.0	0.09521 0.39569	0.27891 0.39580	0.09154 0.38609
oolite_transporter_diffuse.png	1.0 1.0	0.48888 0.78882	0.32058 0.72565	0.41612 0.78315
oolite_transporter_diffuse.png	1.0 1.0	0.99050 0.32546	0.99856 0.38434	0.99856 0.32546
oolite_transporter_diffuse.png	1.0 1.0	0.41198 0.78323	0.33695 0.75652	0.36028 0.78167
oolite_transporter_diffuse.png	1.0 1.0	0.99050 0.38434	0.99050 0.48819	0.99856 0.48819
oolite_transporter_diffuse.png	1.0 1.0	0.40433 0.99943	0.44016 0.97459	0.40433 0.97459
oolite_transporter_diffuse.png	1.0 1.0	0.37232 0.97459	0.33702 0.99943	0.37232 0.99943
oolite_transporter_diffuse.png	1.0 1.0	0.51302 0.89276	0.49598 0.92187	0.51302 0.92665
oolite_transporter_diffuse.png	1.0 1.0	0.24163 0.35947	0.24163 0.31772	0.09154 0.29096
oolite_transporter_diffuse.png	1.0 1.0	0.11774 0.76281	0.05472 0.75340	0.05010 0.76281
oolite_transporter_diffuse.png	1.0 1.0	0.97577 0.46846	0.91746 0.40394	0.91746 0.46846
oolite_transporter_diffuse.png	1.0 1.0	0.11303 0.75340	0.05472 0.68888	0.05472 0.75340
oolite_transporter_diffuse.png	1.0 1.0	0.29726 0.94135	0.27102 0.94135	0.29726 0.97226
oolite_transporter_diffuse.png	1.0 1.0	0.21870 0.88593	0.05166 0.88590	0.21870 0.91486
oolite_transporter_diffuse.png	1.0 1.0	0.32036 0.97226	0.34609 0.97226	0.32036 0.94135
oolite_transporter_diffuse.png	1.0 1.0	0.33702 0.97459	0.21995 0.97461	0.33702 0.99943
oolite_transporter_diffuse.png	1.0 1.0	0.48756 0.86526	0.36340 0.86524	0.47746 0.87746
oolite_transporter_diffuse.png	1.0 1.0	0.00094 0.99945	0.11681 0.99945	0.00094 0.97461
oolite_transporter_diffuse.png	1.0 1.0	0.19674 0.86225	0.07361 0.86223	0.21870 0.88593
oolite_transporter_diffuse.png	1.0 1.0	0.00085 0.97228	0.09886 0.97228	0.09886 0.94137
oolite_transporter_diffuse.png	1.0 1.0	0.27102 0.94135	0.17393 0.94137	0.27102 0.97226
oolite_transporter_diffuse.png	1.0 1.0	0.47673 0.94194	0.37423 0.94193	0.48671 0.95415
oolite_transporter_diffuse.png	1.0 1.0	0.57886 0.24191	0.58710 0.16880	0.57886 0.16188
oolite_transporter_diffuse.png	1.0 1.0	0.27435 0.53241	0.27891 0.39580	0.09910 0.46069
oolite_transporter_diffuse.png	1.0 1.0	0.70090 0.33910	0.78176 0.32719	0.70137 0.32719
oolite_transporter_diffuse.png	1.0 1.0	0.58710 0.24458	0.67691 0.16880	0.58710 0.16880
oolite_transporter_diffuse.png	1.0 1.0	0.58710 0.16880	0.67691 0.15908	0.58710 0.15954
oolite_transporter_diffuse.png	1.0 1.0	0.23537 0.93946	0.27016 0.93946	0.25523 0.91187
oolite_transporter_diffuse.png	1.0 1.0	0.27888 0.28246	0.27888 0.18708	0.09542 0.28246
oolite_transporter_diffuse.png	1.0 1.0	0.27910 0.07332	0.28939 0.00087	0.27910 0.00087
oolite_transporter_diffuse.png	1.0 1.0	0.31942 0.74543	0.23963 0.72565	0.24078 0.74558
oolite_transporter_diffuse.png	1.0 1.0	0.23866 0.91187	0.25523 0.91187	0.24243 0.88303
oolite_transporter_diffuse.png	1.0 1.0	0.77821 0.12928	0.79705 0.10224	0.77821 0.10224
oolite_transporter_diffuse.png	1.0 1.0	0.98180 0.40151	0.97577 0.37384	0.97577 0.40394
oolite_transporter_diffuse.png	1.0 1.0	0.28556 0.31772	0.28554 0.29098	0.24163 0.31772
oolite_transporter_diffuse.png	1.0 1.0	0.89867 0.31744	0.91660 0.31744	0.89867 0.15269
oolite_transporter_diffuse.png	1.0 1.0	0.28930 0.28738	0.28930 0.18114	0.27886 0.18718
oolite_transporter_diffuse.png	1.0 1.0	0.11906 0.69046	0.11303 0.68888	0.11303 0.75340
oolite_transporter_diffuse.png	1.0 1.0	0.91141 0.37119	0.91141 0.40128	0.91746 0.37384
oolite_transporter_diffuse.png	1.0 1.0	0.11303 0.68888	0.05472 0.65878	0.05472 0.68888
oolite_transporter_diffuse.png	1.0 1.0	0.98180 0.37866	0.98180 0.35550	0.97577 0.37384
oolite_transporter_diffuse.png	1.0 1.0	0.11906 0.66360	0.11906 0.64044	0.11303 0.65878
oolite_transporter_diffuse.png	1.0 1.0	0.91660 0.31744	0.92273 0.23594	0.91660 0.15269
oolite_transporter_diffuse.png	1.0 1.0	0.91660 0.31744	0.94398 0.26025	0.92986 0.25315
oolite_transporter_diffuse.png	1.0 1.0	0.91704 0.10970	0.92273 0.05482	0.91704 0.00229
oolite_transporter_diffuse.png	1.0 1.0	0.91704 0.10970	0.93169 0.10970	0.92986 0.07202
oolite_transporter_diffuse.png	1.0 1.0	0.31156 0.69860	0.28569 0.69860	0.31746 0.71570
oolite_transporter_diffuse.png	1.0 1.0	0.97577 0.37384	0.97577 0.35977	0.91746 0.37384
oolite_transporter_diffuse.png	1.0 1.0	0.91746 0.37384	0.91746 0.35977	0.91141 0.37833
oolite_transporter_diffuse.png	1.0 1.0	0.11303 0.65878	0.11303 0.64471	0.05472 0.65878
oolite_transporter_diffuse.png	1.0 1.0	0.05472 0.65878	0.05472 0.64471	0.04867 0.66328
oolite_transporter_diffuse.png	1.0 1.0	0.02939 0.71468	0.00556 0.69468	0.00556 0.71468
oolite_transporter_diffuse.png	1.0 1.0	0.63011 0.27846	0.66122 0.26261	0.63011 0.26261
oolite_transporter_diffuse.png	1.0 1.0	0.63011 0.27846	0.59898 0.26261	0.59898 0.27846
oolite_transporter_diffuse.png	1.0 1.0	0.69873 0.29004	0.72802 0.28213	0.70049 0.28213
oolite_transporter_diffuse.png	1.0 1.0	0.69873 0.29004	0.66927 0.28213	0.66751 0.29004
oolite_transporter_diffuse.png	1.0 1.0	0.00556 0.63961	0.00556 0.65668	0.02939 0.63961
oolite_transporter_diffuse.png	1.0 1.0	0.00533 0.61162	0.01339 0.61162	0.00533 0.54236
oolite_transporter_diffuse.png	1.0 1.0	0.04523 0.54236	0.03721 0.54236	0.03721 0.61162
oolite_transporter_diffuse.png	1.0 1.0	0.01339 0.61162	0.02068 0.61162	0.01339 0.54236
oolite_transporter_diffuse.png	1.0 1.0	0.06002 0.58569	0.06812 0.58569	0.06407 0.57259
oolite_transporter_diffuse.png	1.0 1.0	0.02939 0.69468	0.02939 0.67469	0.00556 0.67469
oolite_transporter_diffuse.png	1.0 1.0	0.97577 0.35977	0.91265 0.35404	0.91746 0.35977
oolite_transporter_diffuse.png	1.0 1.0	0.02874 0.61162	0.02874 0.54236	0.02068 0.54236
oolite_transporter_diffuse.png	1.0 1.0	0.00556 0.65668	0.00556 0.67469	0.02939 0.65668
oolite_transporter_diffuse.png	1.0 1.0	0.08699 0.63053	0.09309 0.61079	0.06725 0.63053
oolite_transporter_diffuse.png	1.0 1.0	0.72978 0.30578	0.75611 0.29004	0.72978 0.29004
oolite_transporter_diffuse.png	1.0 1.0	0.92986 0.21873	0.94391 0.21161	0.93169 0.15269
oolite_transporter_diffuse.png	1.0 1.0	0.66122 0.27846	0.68748 0.26261	0.66122 0.26261
oolite_transporter_diffuse.png	1.0 1.0	0.92986 0.03761	0.94391 0.03048	0.91704 0.00229
oolite_transporter_diffuse.png	1.0 1.0	0.66751 0.29004	0.64117 0.29004	0.66751 0.30578
oolite_transporter_diffuse.png	1.0 1.0	0.80214 0.24979	0.78823 0.24843	0.79808 0.29195
oolite_transporter_diffuse.png	1.0 1.0	0.81172 0.10222	0.82395 0.05905	0.81172 0.05905
oolite_transporter_diffuse.png	1.0 1.0	0.11755 0.63898	0.04991 0.63898	0.05472 0.64471
oolite_transporter_diffuse.png	1.0 1.0	0.42970 0.75147	0.42970 0.69420	0.41783 0.72284
oolite_transporter_diffuse.png	1.0 1.0	0.59787 0.25481	0.57295 0.26261	0.59898 0.26261
oolite_transporter_diffuse.png	1.0 1.0	0.85646 0.03802	0.86565 0.01861	0.86046 0.01361
oolite_transporter_diffuse.png	1.0 1.0	0.86565 0.01861	0.88319 0.08122	0.88326 0.01861
oolite_transporter_diffuse.png	1.0 1.0	0.82395 0.20332	0.82573 0.00207	0.82395 0.00207
oolite_transporter_diffuse.png	1.0 1.0	0.82427 0.20625	0.83553 0.20625	0.83411 0.20332
oolite_transporter_diffuse.png	1.0 1.0	0.94398 0.31744	0.94398 0.26025	0.93169 0.31744
oolite_transporter_diffuse.png	1.0 1.0	0.94391 0.21161	0.94391 0.07915	0.92986 0.07202
oolite_transporter_diffuse.png	1.0 1.0	0.64117 0.30579	0.62188 0.30578	0.62429 0.31084
oolite_transporter_diffuse.png	1.0 1.0	0.85073 0.34654	0.86988 0.34655	0.85073 0.33073
oolite_transporter_diffuse.png	1.0 1.0	0.60455 0.30715	0.58766 0.31221	0.60213 0.31221
oolite_transporter_diffuse.png	1.0 1.0	0.75611 0.29004	0.75399 0.28213	0.73123 0.28213
oolite_transporter_diffuse.png	1.0 1.0	0.64117 0.29004	0.62188 0.29004	0.64117 0.30578
oolite_transporter_diffuse.png	1.0 1.0	0.68748 0.26261	0.68550 0.25481	0.66275 0.25481
oolite_transporter_diffuse.png	1.0 1.0	0.60454 0.29150	0.58524 0.30715	0.60455 0.30715
oolite_transporter_diffuse.png	1.0 1.0	0.60454 0.29150	0.58525 0.28373	0.58525 0.29153
oolite_transporter_diffuse.png	1.0 1.0	0.61352 0.39409	0.61352 0.31309	0.59088 0.32489
oolite_transporter_diffuse.png	1.0 1.0	0.64117 0.28213	0.62188 0.28213	0.64117 0.29004
oolite_transporter_diffuse.png	1.0 1.0	0.45219 0.76357	0.47384 0.76358	0.45219 0.68257
oolite_transporter_diffuse.png	1.0 1.0	0.62653 0.12469	0.62653 0.12469	0.62661 0.00038
oolite_transporter_diffuse.png	1.0 1.0	0.62653 0.12469	0.63821 0.12465	0.63821 0.12465
oolite_transporter_diffuse.png	1.0 1.0	0.62653 0.12469	0.63821 0.12465	0.62661 0.00038
oolite_transporter_diffuse.png	1.0 1.0	0.82573 0.20332	0.83411 0.20332	0.82573 0.00207
oolite_transporter_diffuse.png	1.0 1.0	0.94540 0.21161	0.95296 0.21157	0.94540 0.07915
oolite_transporter_diffuse.png	1.0 1.0	0.85311 0.35160	0.86746 0.35160	0.85073 0.34654
oolite_transporter_diffuse.png	1.0 1.0	0.94540 0.03048	0.94540 0.00229	0.94391 0.00229
oolite_transporter_diffuse.png	1.0 1.0	0.77762 0.32464	0.78004 0.31959	0.76089 0.31960
oolite_transporter_diffuse.png	1.0 1.0	0.27601 0.70140	0.24284 0.71570	0.28429 0.70140
oolite_transporter_diffuse.png	1.0 1.0	0.78004 0.31959	0.78005 0.30385	0.76089 0.30385
oolite_transporter_diffuse.png	1.0 1.0	0.95414 0.21157	0.95414 0.07912	0.95296 0.07912
oolite_transporter_diffuse.png	1.0 1.0	0.95414 0.07912	0.96819 0.21870	0.96637 0.15265
oolite_transporter_diffuse.png	1.0 1.0	0.86988 0.34655	0.89615 0.34654	0.86989 0.33073
oolite_transporter_diffuse.png	1.0 1.0	0.95414 0.03045	0.95414 0.00225	0.95296 0.03045
oolite_transporter_diffuse.png	1.0 1.0	0.78005 0.30385	0.78005 0.29594	0.76089 0.29594
oolite_transporter_diffuse.png	1.0 1.0	0.89499 0.30385	0.86866 0.31960	0.89499 0.31960
oolite_transporter_diffuse.png	1.0 1.0	0.86989 0.33073	0.89615 0.33074	0.89462 0.32294
oolite_transporter_diffuse.png	1.0 1.0	0.98440 0.33074	0.95839 0.34654	0.98440 0.34651
oolite_transporter_diffuse.png	1.0 1.0	0.63522 0.39410	0.65787 0.32490	0.63522 0.31310
oolite_transporter_diffuse.png	1.0 1.0	0.47384 0.76358	0.49634 0.75148	0.47384 0.68259
oolite_transporter_diffuse.png	1.0 1.0	0.83543 0.20332	0.86233 0.10220	0.84765 0.10219
oolite_transporter_diffuse.png	1.0 1.0	0.95419 0.31763	0.96639 0.31763	0.95414 0.26023
oolite_transporter_diffuse.png	1.0 1.0	0.88326 0.01861	0.88435 0.01153	0.86457 0.01153
oolite_transporter_diffuse.png	1.0 1.0	0.63831 0.00038	0.63831 0.00038	0.63821 0.12465
oolite_transporter_diffuse.png	1.0 1.0	0.88319 0.08122	0.89246 0.03802	0.88326 0.01861
oolite_transporter_diffuse.png	1.0 1.0	0.28177 0.93945	0.31656 0.93945	0.29669 0.91187
oolite_transporter_diffuse.png	1.0 1.0	0.63821 0.12465	0.67691 0.12449	0.63831 0.00038
oolite_transporter_diffuse.png	1.0 1.0	0.84023 0.26784	0.85889 0.24979	0.80214 0.24979
oolite_transporter_diffuse.png	1.0 1.0	0.84089 0.29195	0.86294 0.29195	0.84023 0.26784
oolite_transporter_diffuse.png	1.0 1.0	0.65787 0.38218	0.66972 0.35345	0.65787 0.32490
oolite_transporter_diffuse.png	1.0 1.0	0.86689 0.29594	0.83744 0.30385	0.86866 0.30385
oolite_transporter_diffuse.png	1.0 1.0	0.49634 0.75148	0.50820 0.72285	0.49634 0.69421
oolite_transporter_diffuse.png	1.0 1.0	0.95950 0.32294	0.95839 0.33074	0.98440 0.33074
oolite_transporter_diffuse.png	1.0 1.0	0.84765 0.10219	0.84765 0.05905	0.83543 0.05905
oolite_transporter_diffuse.png	1.0 1.0	0.68837 0.00343	0.69440 0.02177	0.69440 0.00770
oolite_transporter_diffuse.png	1.0 1.0	0.96639 0.31763	0.98145 0.31763	0.95414 0.26023
oolite_transporter_diffuse.png	1.0 1.0	0.68988 0.12715	0.75272 0.13289	0.75752 0.12715
oolite_transporter_diffuse.png	1.0 1.0	0.68837 0.12862	0.69440 0.14695	0.69440 0.13289
oolite_transporter_diffuse.png	1.0 1.0	0.85889 0.24979	0.85884 0.23408	0.80219 0.23408
oolite_transporter_diffuse.png	1.0 1.0	0.80639 0.31960	0.80639 0.30385	0.78005 0.30385
oolite_transporter_diffuse.png	1.0 1.0	0.89615 0.34654	0.92726 0.34654	0.89615 0.33074
oolite_transporter_diffuse.png	1.0 1.0	0.80639 0.30385	0.83744 0.30385	0.80814 0.29594
oolite_transporter_diffuse.png	1.0 1.0	0.86866 0.30385	0.83744 0.31960	0.86866 0.31960
oolite_transporter_diffuse.png	1.0 1.0	0.95839 0.33074	0.92726 0.33074	0.92726 0.34654
oolite_transporter_diffuse.png	1.0 1.0	0.75272 0.00770	0.75272 0.02177	0.75876 0.00311
oolite_transporter_diffuse.png	1.0 1.0	0.69440 0.13289	0.75272 0.14695	0.75272 0.13289
oolite_transporter_diffuse.png	1.0 1.0	0.29669 0.91187	0.31326 0.91187	0.30950 0.88303
oolite_transporter_diffuse.png	1.0 1.0	0.97532 0.05478	0.98101 0.00225	0.96819 0.03758
oolite_transporter_diffuse.png	1.0 1.0	0.69440 0.02177	0.69440 0.05187	0.75272 0.02177
oolite_transporter_diffuse.png	1.0 1.0	0.69440 0.14695	0.68837 0.17462	0.69440 0.17705
oolite_transporter_diffuse.png	1.0 1.0	0.75272 0.14695	0.75876 0.15145	0.75876 0.12829
oolite_transporter_diffuse.png	1.0 1.0	0.68837 0.01981	0.68837 0.04944	0.69440 0.02177
oolite_transporter_diffuse.png	1.0 1.0	0.98145 0.31763	0.98145 0.15265	0.97532 0.23591
oolite_transporter_diffuse.png	1.0 1.0	0.24874 0.69860	0.24284 0.71570	0.27461 0.69860
oolite_transporter_diffuse.png	1.0 1.0	0.69440 0.05187	0.69440 0.11640	0.75272 0.05187
oolite_transporter_diffuse.png	1.0 1.0	0.75272 0.05187	0.75272 0.11640	0.75876 0.05355
oolite_transporter_diffuse.png	1.0 1.0	0.69440 0.17705	0.75272 0.17705	0.75272 0.14695
oolite_transporter_diffuse.png	1.0 1.0	0.75272 0.17705	0.75272 0.24158	0.75876 0.17873
oolite_transporter_diffuse.png	1.0 1.0	0.29309 0.38606	0.48711 0.38601	0.33702 0.35939
oolite_transporter_diffuse.png	1.0 1.0	0.68837 0.05345	0.68837 0.12461	0.69440 0.11640
oolite_transporter_diffuse.png	1.0 1.0	1.00000 0.31744	1.00000 0.15265	0.98145 0.31763
oolite_transporter_diffuse.png	1.0 1.0	0.29309 0.31763	0.33702 0.31763	0.29311 0.29090
oolite_transporter_diffuse.png	1.0 1.0	0.28935 0.28730	0.29979 0.18710	0.28935 0.18105
oolite_transporter_diffuse.png	1.0 1.0	0.29311 0.29090	0.48711 0.29088	0.29976 0.28238
oolite_transporter_diffuse.png	1.0 1.0	0.29317 0.17749	0.48719 0.17749	0.33710 0.15051
oolite_transporter_diffuse.png	1.0 1.0	0.68837 0.17863	0.68837 0.24979	0.69440 0.24158
oolite_transporter_diffuse.png	1.0 1.0	0.99984 0.10967	0.99984 0.00225	0.98101 0.10967
oolite_transporter_diffuse.png	1.0 1.0	0.28926 0.07830	0.29954 0.07324	0.28926 0.00078
oolite_transporter_diffuse.png	1.0 1.0	0.24284 0.71570	0.23963 0.72565	0.32058 0.72565
oolite_transporter_diffuse.png	1.0 1.0	0.24227 0.74667	0.14844 0.78327	0.22347 0.75656
oolite_transporter_diffuse.png	1.0 1.0	0.99073 0.56494	0.99073 0.66878	0.99878 0.56494
oolite_transporter_diffuse.png	1.0 1.0	0.67691 0.24467	0.68505 0.24129	0.67691 0.16880
oolite_transporter_diffuse.png	1.0 1.0	0.67691 0.16880	0.68505 0.16127	0.67691 0.15908
oolite_transporter_diffuse.png	1.0 1.0	0.29976 0.28238	0.48323 0.28238	0.29976 0.18700
oolite_transporter_diffuse.png	1.0 1.0	0.29954 0.07324	0.48300 0.07324	0.29954 0.00078
oolite_transporter_diffuse.png	1.0 1.0	0.23963 0.72565	0.07132 0.78897	0.14408 0.78330
oolite_transporter_diffuse.png	1.0 1.0	0.37919 0.73735	0.55025 0.49675	0.37146 0.73354
oolite_transporter_diffuse.png	1.0 1.0	0.37146 0.73354	0.54590 0.48755	0.32806 0.67412
oolite_transporter_diffuse.png	1.0 1.0	0.32806 0.67412	0.47936 0.46082	0.30398 0.53255
oolite_transporter_diffuse.png	1.0 1.0	0.37423 0.94193	0.35498 0.92185	0.36425 0.95413
oolite_transporter_diffuse.png	1.0 1.0	0.09886 0.97228	0.12460 0.97228	0.12460 0.94137
oolite_transporter_diffuse.png	1.0 1.0	0.11681 0.97461	0.15263 0.99945	0.15263 0.97461
oolite_transporter_diffuse.png	1.0 1.0	0.22405 0.83792	0.14844 0.84039	0.41198 0.84035
oolite_transporter_diffuse.png	1.0 1.0	0.21995 0.97461	0.18465 0.97461	0.21995 0.99945
oolite_transporter_diffuse.png	1.0 1.0	0.36340 0.86524	0.33794 0.89274	0.35498 0.89748
oolite_transporter_diffuse.png	1.0 1.0	0.14769 0.94137	0.14769 0.97228	0.17393 0.94137
oolite_transporter_diffuse.png	1.0 1.0	0.35498 0.92185	0.33794 0.89274	0.33794 0.92663
oolite_transporter_diffuse.png	1.0 1.0	0.68969 0.12580	0.75733 0.12580	0.75272 0.11640
oolite_transporter_diffuse.png	1.0 1.0	0.68969 0.25098	0.75733 0.25098	0.75272 0.24158
oolite_transporter_diffuse.png	1.0 1.0	0.33710 0.10876	0.48719 0.08193	0.29317 0.08193
oolite_transporter_diffuse.png	1.0 1.0	0.15263 0.97461	0.18465 0.99945	0.18465 0.97461
oolite_transporter_diffuse.png	1.0 1.0	0.20014 0.78170	0.14844 0.78327	0.14844 0.84039
oolite_transporter_diffuse.png	1.0 1.0	0.99878 0.72765	0.99073 0.72765	0.99073 0.99943
oolite_transporter_diffuse.png	1.0 1.0	0.14409 0.84216	0.04642 0.85399	0.05415 0.86015
oolite_transporter_diffuse.png	1.0 1.0	0.99878 0.66878	0.99073 0.66878	0.99073 0.72765
oolite_transporter_diffuse.png	1.0 1.0	0.48344 0.39561	0.48711 0.38601	0.29964 0.39580
oolite_transporter_diffuse.png	1.0 1.0	0.48323 0.18690	0.48719 0.17749	0.29976 0.18700
oolite_transporter_diffuse.png	1.0 1.0	0.48711 0.38601	0.55834 0.38601	0.48711 0.29088
oolite_transporter_diffuse.png	1.0 1.0	0.48711 0.29088	0.55834 0.29088	0.48964 0.28238
oolite_transporter_diffuse.png	1.0 1.0	0.48719 0.17749	0.55837 0.17745	0.48719 0.08193
oolite_transporter_diffuse.png	1.0 1.0	0.48715 0.08193	0.55838 0.08193	0.48984 0.07324
oolite_transporter_diffuse.png	1.0 1.0	0.56454 0.39920	0.55070 0.46326	0.56101 0.46439
oolite_transporter_diffuse.png	1.0 1.0	0.56444 0.28236	0.55433 0.18698	0.55433 0.28236
oolite_transporter_diffuse.png	1.0 1.0	0.57688 0.07656	0.56678 0.07656	0.56678 0.18337
oolite_transporter_diffuse.png	1.0 1.0	0.55070 0.46326	0.55450 0.39815	0.47936 0.46082
oolite_transporter_diffuse.png	1.0 1.0	0.56038 0.39700	0.55834 0.38601	0.48933 0.39587
oolite_transporter_diffuse.png	1.0 1.0	0.56685 0.28616	0.55837 0.29098	0.55837 0.38611
oolite_transporter_diffuse.png	1.0 1.0	0.56131 0.18690	0.55837 0.17745	0.49027 0.18690
oolite_transporter_diffuse.png	1.0 1.0	0.55407 0.07324	0.55407 0.00086	0.48322 0.00089
oolite_transporter_diffuse.png	1.0 1.0	0.56685 0.07668	0.55837 0.08189	0.55837 0.17745
oolite_transporter_diffuse.png	1.0 1.0	0.02028 0.38619	0.01180 0.28625	0.01180 0.39270
oolite_transporter_diffuse.png	1.0 1.0	0.02030 0.38609	0.09154 0.29096	0.02030 0.29096
oolite_transporter_diffuse.png	1.0 1.0	0.02030 0.38609	0.08932 0.39595	0.09154 0.38609
oolite_transporter_diffuse.png	1.0 1.0	0.01177 0.39268	0.00166 0.28622	0.00166 0.39268
oolite_transporter_diffuse.png	1.0 1.0	0.01187 0.07664	0.00177 0.07664	0.01187 0.18346
oolite_transporter_diffuse.png	1.0 1.0	0.02795 0.46335	0.09910 0.46069	0.02415 0.39823
oolite_transporter_diffuse.png	1.0 1.0	0.51633 0.62565	0.96795 0.62566	0.52033 0.56190
oolite_transporter_diffuse.png	1.0 1.0	0.02820 0.49665	0.20705 0.73359	0.03262 0.48747
oolite_transporter_diffuse.png	1.0 1.0	0.52044 0.56174	0.96272 0.56174	0.70090 0.33910
oolite_transporter_diffuse.png	1.0 1.0	0.09154 0.29096	0.27888 0.28246	0.09542 0.28246
oolite_transporter_diffuse.png	1.0 1.0	0.09145 0.08202	0.27910 0.07332	0.09564 0.07332
oolite_transporter_diffuse.png	1.0 1.0	0.09542 0.28246	0.09542 0.18699	0.02445 0.28246
oolite_transporter_diffuse.png	1.0 1.0	0.09542 0.18699	0.27888 0.18708	0.09145 0.17758
oolite_transporter_diffuse.png	1.0 1.0	0.09564 0.07332	0.27910 0.00087	0.09543 0.00098
oolite_transporter_diffuse.png	1.0 1.0	0.48888 0.78882	0.41611 0.84201	0.51379 0.85384
oolite_transporter_diffuse.png	1.0 1.0	0.99050 0.32546	0.99050 0.38434	0.99856 0.38434
oolite_transporter_diffuse.png	1.0 1.0	0.41611 0.84201	0.05415 0.86015	0.50606 0.86000
oolite_transporter_diffuse.png	1.0 1.0	0.41198 0.78323	0.36028 0.78167	0.36028 0.81272
oolite_transporter_diffuse.png	1.0 1.0	0.41198 0.78323	0.33637 0.83788	0.41198 0.84035
oolite_transporter_diffuse.png	1.0 1.0	0.41198 0.78323	0.31815 0.74663	0.33695 0.75652
oolite_transporter_diffuse.png	1.0 1.0	0.40433 0.99943	0.44016 0.99943	0.44016 0.97459
oolite_transporter_diffuse.png	1.0 1.0	0.24154 0.15060	0.24154 0.10884	0.09145 0.08202
oolite_transporter_diffuse.png	1.0 1.0	0.11906 0.76162	0.11906 0.69046	0.11303 0.75340
oolite_transporter_diffuse.png	1.0 1.0	0.97577 0.46846	0.91746 0.46846	0.98048 0.47787
oolite_transporter_diffuse.png	1.0 1.0	0.91746 0.46846	0.91141 0.40562	0.91141 0.47678
oolite_transporter_diffuse.png	1.0 1.0	0.05472 0.75340	0.05472 0.68888	0.04867 0.69056
oolite_transporter_diffuse.png	1.0 1.0	0.21870 0.91486	0.05166 0.88590	0.05166 0.91484
oolite_transporter_diffuse.png	1.0 1.0	0.29726 0.97226	0.32036 0.97226	0.29726 0.94135
oolite_transporter_diffuse.png	1.0 1.0	0.49598 0.92187	0.47673 0.94194	0.48671 0.95415
oolite_transporter_diffuse.png	1.0 1.0	0.48756 0.86526	0.47746 0.87746	0.49598 0.89750
oolite_transporter_diffuse.png	1.0 1.0	0.00094 0.97461	0.11681 0.99945	0.11681 0.97461
oolite_transporter_diffuse.png	1.0 1.0	0.00085 0.97228	0.09886 0.94137	0.00085 0.94137
oolite_transporter_diffuse.png	1.0 1.0	0.47746 0.87746	0.36340 0.86524	0.37350 0.87745
oolite_transporter_diffuse.png	1.0 1.0	0.19613 0.93868	0.05166 0.91484	0.07422 0.93866
oolite_transporter_diffuse.png	1.0 1.0	0.70090 0.33910	0.78267 0.33910	0.78176 0.32719
oolite_transporter_diffuse.png	1.0 1.0	0.58710 0.24458	0.58710 0.16880	0.57886 0.24191
oolite_transporter_diffuse.png	1.0 1.0	0.32058 0.72565	0.31942 0.74543	0.41612 0.78315
oolite_transporter_diffuse.png	1.0 1.0	0.99878 0.48812	0.99073 0.56494	0.99878 0.56494
oolite_transporter_diffuse.png	1.0 1.0	0.28556 0.38614	0.28556 0.35947	0.24163 0.35947
oolite_transporter_diffuse.png	1.0 1.0	0.98180 0.40552	0.97577 0.40394	0.97577 0.46846
oolite_transporter_diffuse.png	1.0 1.0	0.28547 0.10884	0.28547 0.08202	0.24154 0.10884
oolite_transporter_diffuse.png	1.0 1.0	0.89821 0.10970	0.91704 0.10970	0.89821 0.00229
oolite_transporter_diffuse.png	1.0 1.0	0.97577 0.40394	0.91746 0.37384	0.91746 0.40394
oolite_transporter_diffuse.png	1.0 1.0	0.11906 0.65681	0.11303 0.65878	0.11906 0.68645
oolite_transporter_diffuse.png	1.0 1.0	0.11303 0.65878	0.05472 0.65878	0.11303 0.68888
oolite_transporter_diffuse.png	1.0 1.0	0.00556 0.62160	0.00556 0.63961	0.02939 0.62160
oolite_transporter_diffuse.png	1.0 1.0	0.06115 0.61079	0.09309 0.61079	0.07712 0.59859
oolite_transporter_diffuse.png	1.0 1.0	0.69873 0.29004	0.66751 0.29004	0.69873 0.30578
oolite_transporter_diffuse.png	1.0 1.0	0.63011 0.26261	0.65956 0.25481	0.63202 0.25481
oolite_transporter_diffuse.png	1.0 1.0	0.63011 0.26261	0.60073 0.25481	0.59898 0.26261
oolite_transporter_diffuse.png	1.0 1.0	0.04523 0.54236	0.03721 0.61162	0.04523 0.61162
oolite_transporter_diffuse.png	1.0 1.0	0.01339 0.61162	0.01339 0.54236	0.00533 0.54236
oolite_transporter_diffuse.png	1.0 1.0	0.02939 0.69468	0.00556 0.67469	0.00556 0.69468
oolite_transporter_diffuse.png	1.0 1.0	0.03721 0.54236	0.02874 0.61162	0.03721 0.61162
oolite_transporter_diffuse.png	1.0 1.0	0.02068 0.61162	0.02874 0.61162	0.02068 0.54236
oolite_transporter_diffuse.png	1.0 1.0	0.06812 0.58569	0.07062 0.57759	0.06407 0.57259
oolite_transporter_diffuse.png	1.0 1.0	0.91746 0.35977	0.91141 0.35518	0.91141 0.37833
oolite_transporter_diffuse.png	1.0 1.0	0.11303 0.64471	0.11755 0.63898	0.05472 0.64471
oolite_transporter_diffuse.png	1.0 1.0	0.72978 0.30578	0.72978 0.29004	0.69873 0.30578
oolite_transporter_diffuse.png	1.0 1.0	0.92986 0.21873	0.93169 0.15269	0.92273 0.23594
oolite_transporter_diffuse.png	1.0 1.0	0.66122 0.27846	0.66122 0.26261	0.63011 0.27846
oolite_transporter_diffuse.png	1.0 1.0	0.59898 0.27846	0.57295 0.26261	0.57295 0.27842
oolite_transporter_diffuse.png	1.0 1.0	0.72978 0.29004	0.72802 0.28213	0.69873 0.29004
oolite_transporter_diffuse.png	1.0 1.0	0.66122 0.26261	0.68748 0.26261	0.66275 0.25481
oolite_transporter_diffuse.png	1.0 1.0	0.98029 0.35404	0.91265 0.35404	0.97577 0.35977
oolite_transporter_diffuse.png	1.0 1.0	0.93169 0.10970	0.94391 0.21161	0.92986 0.07202
oolite_transporter_diffuse.png	1.0 1.0	0.59088 0.38217	0.59088 0.32489	0.57903 0.35344
oolite_transporter_diffuse.png	1.0 1.0	0.66605 0.28213	0.64117 0.29004	0.66751 0.29004
oolite_transporter_diffuse.png	1.0 1.0	0.59787 0.25481	0.57512 0.25481	0.57295 0.26261
oolite_transporter_diffuse.png	1.0 1.0	0.82013 0.29195	0.82079 0.26784	0.79808 0.29195
oolite_transporter_diffuse.png	1.0 1.0	0.82079 0.26784	0.84023 0.26784	0.80214 0.24979
oolite_transporter_diffuse.png	1.0 1.0	0.86571 0.08113	0.86565 0.01861	0.85646 0.03802
oolite_transporter_diffuse.png	1.0 1.0	0.62661 0.00038	0.62653 0.12469	0.62661 0.00038
oolite_transporter_diffuse.png	1.0 1.0	0.75607 0.30578	0.75611 0.29004	0.72978 0.30578
oolite_transporter_diffuse.png	1.0 1.0	0.94391 0.03048	0.94540 0.03048	0.94391 0.00229
oolite_transporter_diffuse.png	1.0 1.0	0.45219 0.76357	0.45219 0.68257	0.42970 0.75147
oolite_transporter_diffuse.png	1.0 1.0	0.86571 0.08113	0.88319 0.08122	0.86565 0.01861
oolite_transporter_diffuse.png	1.0 1.0	0.82573 0.00207	0.83411 0.20332	0.83411 0.00204
oolite_transporter_diffuse.png	1.0 1.0	0.94540 0.21161	0.94540 0.07915	0.94391 0.21161
oolite_transporter_diffuse.png	1.0 1.0	0.28429 0.70140	0.24284 0.71570	0.31746 0.71570
oolite_transporter_diffuse.png	1.0 1.0	0.95296 0.21157	0.95414 0.21157	0.95296 0.07912
oolite_transporter_diffuse.png	1.0 1.0	0.95296 0.03045	0.95296 0.00225	0.94540 0.03048
oolite_transporter_diffuse.png	1.0 1.0	0.78004 0.31959	0.80639 0.31960	0.78005 0.30385
oolite_transporter_diffuse.png	1.0 1.0	0.86988 0.34655	0.86989 0.33073	0.85073 0.33073
oolite_transporter_diffuse.png	1.0 1.0	0.95414 0.03045	0.98101 0.00225	0.95414 0.00225
oolite_transporter_diffuse.png	1.0 1.0	0.78005 0.30385	0.80493 0.29594	0.78217 0.29594
oolite_transporter_diffuse.png	1.0 1.0	0.86989 0.33073	0.86989 0.32294	0.85073 0.32294
oolite_transporter_diffuse.png	1.0 1.0	0.63522 0.39410	0.63522 0.31310	0.61352 0.31309
oolite_transporter_diffuse.png	1.0 1.0	0.89295 0.29594	0.87012 0.29594	0.89499 0.30385
oolite_transporter_diffuse.png	1.0 1.0	0.98225 0.32294	0.95950 0.32294	0.98440 0.33074
oolite_transporter_diffuse.png	1.0 1.0	0.80814 0.29594	0.83744 0.30385	0.83568 0.29594
oolite_transporter_diffuse.png	1.0 1.0	0.68837 0.12862	0.68837 0.15177	0.69440 0.14695
oolite_transporter_diffuse.png	1.0 1.0	0.96637 0.10967	0.96819 0.07199	0.95414 0.07912
oolite_transporter_diffuse.png	1.0 1.0	0.96637 0.10967	0.98101 0.10967	0.97532 0.05478
oolite_transporter_diffuse.png	1.0 1.0	0.85889 0.24979	0.86294 0.29195	0.87455 0.24842
oolite_transporter_diffuse.png	1.0 1.0	0.96821 0.25310	0.98145 0.31763	0.97532 0.23591
oolite_transporter_diffuse.png	1.0 1.0	0.89615 0.33074	0.92726 0.33074	0.89780 0.32294
oolite_transporter_diffuse.png	1.0 1.0	0.95839 0.33074	0.92726 0.34654	0.95839 0.34654
oolite_transporter_diffuse.png	1.0 1.0	0.69440 0.00770	0.75272 0.02177	0.75272 0.00770
oolite_transporter_diffuse.png	1.0 1.0	0.92910 0.32294	0.92726 0.33074	0.95664 0.32294
oolite_transporter_diffuse.png	1.0 1.0	0.83744 0.31960	0.83744 0.30385	0.80639 0.30385
oolite_transporter_diffuse.png	1.0 1.0	0.97532 0.23591	0.98145 0.15265	0.96819 0.21870
oolite_transporter_diffuse.png	1.0 1.0	0.75876 0.04921	0.75272 0.02177	0.75272 0.05187
oolite_transporter_diffuse.png	1.0 1.0	0.69440 0.14695	0.75272 0.14695	0.69440 0.13289
oolite_transporter_diffuse.png	1.0 1.0	0.75876 0.17439	0.75272 0.14695	0.75272 0.17705
oolite_transporter_diffuse.png	1.0 1.0	0.98101 0.10967	0.99984 0.00225	0.98101 0.00225
oolite_transporter_diffuse.png	1.0 1.0	0.69440 0.05187	0.75272 0.05187	0.75272 0.02177
oolite_transporter_diffuse.png	1.0 1.0	0.88118 0.12928	0.88116 0.10220	0.86233 0.10220
oolite_transporter_diffuse.png	1.0 1.0	0.68837 0.05345	0.69440 0.11640	0.69440 0.05187
oolite_transporter_diffuse.png	1.0 1.0	0.29317 0.10876	0.33710 0.10876	0.29317 0.08193
oolite_transporter_diffuse.png	1.0 1.0	0.29954 0.07324	0.48719 0.08193	0.48300 0.07324
oolite_transporter_diffuse.png	1.0 1.0	0.17393 0.94137	0.14769 0.97228	0.17393 0.97228
oolite_transporter_diffuse.png	1.0 1.0	0.07361 0.86223	0.05166 0.88590	0.21870 0.88593
oolite_transporter_diffuse.png	1.0 1.0	0.35498 0.92185	0.33794 0.92663	0.36425 0.95413
oolite_transporter_diffuse.png	1.0 1.0	0.35498 0.89748	0.33794 0.89274	0.35498 0.92185
oolite_transporter_diffuse.png	1.0 1.0	0.69440 0.11640	0.68969 0.12580	0.75272 0.11640
oolite_transporter_diffuse.png	1.0 1.0	0.69440 0.24158	0.75272 0.24158	0.75272 0.17705
oolite_transporter_diffuse.png	1.0 1.0	0.33702 0.35939	0.48711 0.29088	0.33702 0.31763
oolite_transporter_diffuse.png	1.0 1.0	0.33710 0.15051	0.48719 0.08193	0.33710 0.10876
oolite_transporter_diffuse.png	1.0 1.0	0.20014 0.81276	0.14844 0.84039	0.22405 0.83792
oolite_transporter_diffuse.png	1.0 1.0	0.14408 0.78330	0.07132 0.78897	0.14409 0.84216
oolite_transporter_diffuse.png	1.0 1.0	0.47936 0.46082	0.48344 0.39561	0.29964 0.39580
oolite_transporter_diffuse.png	1.0 1.0	0.48323 0.28238	0.48323 0.18690	0.29976 0.18700
oolite_transporter_diffuse.png	1.0 1.0	0.48964 0.28238	0.55834 0.29088	0.56077 0.28238
oolite_transporter_diffuse.png	1.0 1.0	0.48300 0.07324	0.55407 0.07324	0.48322 0.00089
oolite_transporter_diffuse.png	1.0 1.0	0.57698 0.28614	0.56688 0.39259	0.57698 0.39259
oolite_transporter_diffuse.png	1.0 1.0	0.57688 0.07656	0.56678 0.18337	0.57688 0.18337
oolite_transporter_diffuse.png	1.0 1.0	0.56415 0.00086	0.55404 0.00086	0.56415 0.07317
oolite_transporter_diffuse.png	1.0 1.0	0.55419 0.28238	0.55419 0.18690	0.48323 0.18690
oolite_transporter_diffuse.png	1.0 1.0	0.56685 0.28616	0.55837 0.38611	0.56685 0.39262
oolite_transporter_diffuse.png	1.0 1.0	0.09145 0.17758	0.24154 0.15060	0.09145 0.08202
oolite_transporter_diffuse.png	1.0 1.0	0.37232 0.97459	0.37232 0.99943	0.40433 0.97459
oolite_transporter_diffuse.png	1.0 1.0	0.51302 0.89276	0.49598 0.89750	0.49598 0.92187
oolite_transporter_diffuse.png	1.0 1.0	0.57886 0.15807	0.58710 0.00038	0.57886 0.00169
oolite_transporter_diffuse.png	1.0 1.0	0.76073 0.27680	0.76746 0.27807	0.76714 0.13598
oolite_transporter_diffuse.png	1.0 1.0	0.76714 0.13598	0.76746 0.27807	0.77821 0.12928
oolite_transporter_diffuse.png	1.0 1.0	0.58710 0.15954	0.58710 0.00038	0.57886 0.15807
oolite_transporter_diffuse.png	1.0 1.0	0.58710 0.15954	0.67691 0.12449	0.58710 0.12485
oolite_transporter_diffuse.png	1.0 1.0	0.58710 0.12485	0.62595 0.00038	0.58710 0.00038
oolite_transporter_diffuse.png	1.0 1.0	0.77821 0.12928	0.76746 0.27807	0.79705 0.20332
oolite_transporter_diffuse.png	1.0 1.0	0.05472 0.65878	0.04867 0.68622	0.05472 0.68888
oolite_transporter_diffuse.png	1.0 1.0	0.79705 0.10224	0.82395 0.20332	0.81172 0.10222
oolite_transporter_diffuse.png	1.0 1.0	0.79705 0.20332	0.82395 0.20332	0.79705 0.10224
oolite_transporter_diffuse.png	1.0 1.0	0.06725 0.63053	0.09309 0.61079	0.06115 0.61079
oolite_transporter_diffuse.png	1.0 1.0	0.81172 0.10222	0.82395 0.20332	0.82395 0.05905
oolite_transporter_diffuse.png	1.0 1.0	0.60454 0.28373	0.58525 0.28373	0.60454 0.29150
oolite_transporter_diffuse.png	1.0 1.0	0.83411 0.00204	0.83543 0.20332	0.83543 0.00204
oolite_transporter_diffuse.png	1.0 1.0	0.95296 0.03045	0.95414 0.00225	0.95296 0.00225
oolite_transporter_diffuse.png	1.0 1.0	0.83411 0.20332	0.83543 0.20332	0.83411 0.00204
oolite_transporter_diffuse.png	1.0 1.0	0.83543 0.20332	0.86234 0.20332	0.86233 0.10220
oolite_transporter_diffuse.png	1.0 1.0	0.87012 0.29594	0.86866 0.30385	0.89499 0.30385
oolite_transporter_diffuse.png	1.0 1.0	0.69440 0.00770	0.75272 0.00770	0.68988 0.00197
oolite_transporter_diffuse.png	1.0 1.0	0.86233 0.10220	0.86234 0.20332	0.88118 0.12928
oolite_transporter_diffuse.png	1.0 1.0	0.68837 0.14499	0.68837 0.17462	0.69440 0.14695
oolite_transporter_diffuse.png	1.0 1.0	0.69440 0.17705	0.69440 0.24158	0.75272 0.17705
oolite_transporter_diffuse.png	1.0 1.0	0.88118 0.12928	0.89193 0.27807	0.89268 0.13598
oolite_transporter_diffuse.png	1.0 1.0	0.24227 0.74667	0.22347 0.75656	0.31815 0.74663
oolite_transporter_diffuse.png	1.0 1.0	0.67691 0.15908	0.67691 0.12449	0.58710 0.15954
oolite_transporter_diffuse.png	1.0 1.0	0.89268 0.13598	0.89193 0.27807	0.89909 0.27680
oolite_transporter_diffuse.png	1.0 1.0	0.68505 0.00137	0.67691 0.00038	0.68505 0.15775
oolite_transporter_diffuse.png	1.0 1.0	0.68505 0.15775	0.67691 0.00038	0.67691 0.15908
oolite_transporter_diffuse.png	1.0 1.0	0.12460 0.94137	0.12460 0.97228	0.14769 0.94137
oolite_transporter_diffuse.png	1.0 1.0	0.86234 0.20332	0.89193 0.27807	0.88118 0.12928

END
