//	Written by Dry Dock for Oolite 0.08b (604-2) on 2007-06-02
//	
//	Model dimensions: 0.870117 x 0.2 x 1.45312 (w x h x l)
//	Textures used: default

NVERTS 310
NFACES 612

VERTEX
 -0.105957,  0.100000, -0.523438
 -0.105957,  0.100000, -0.726562
  0.088379,  0.100000, -0.726562
  0.088379,  0.100000, -0.523438
 -0.105957, -0.100000, -0.523438
 -0.105957, -0.100000, -0.726562
  0.088379, -0.100000, -0.726562
  0.088379, -0.100000, -0.523438
 -0.315918,  0.100000,  0.598145
 -0.405273,  0.100000,  0.449097
 -0.435059,  0.100000,  0.258789
 -0.261230,  0.100000,  0.258789
 -0.248779,  0.100000,  0.370850
 -0.221191,  0.100000,  0.453125
 -0.133545,  0.100000,  0.543945
  0.004395,  0.100000,  0.574219
  0.117554,  0.100000,  0.556641
  0.193359,  0.100000,  0.503906
  0.236206,  0.100000,  0.427246
  0.250488,  0.100000,  0.337891
  0.240723,  0.100000,  0.270752
  0.211426,  0.100000,  0.206055
  0.186523,  0.100000,  0.170654
  0.076660,  0.100000,  0.059570
 -0.015869,  0.100000, -0.044556
 -0.068848,  0.100000, -0.136230
 -0.093750,  0.100000, -0.235229
 -0.102051,  0.100000, -0.361328
  0.071777,  0.100000, -0.361328
  0.078735,  0.100000, -0.253296
  0.099609,  0.100000, -0.175293
  0.143921,  0.100000, -0.105347
  0.328491,  0.100000,  0.088379
  0.392578,  0.100000,  0.167969
  0.424438,  0.100000,  0.242188
  0.435059,  0.100000,  0.335938
  0.406128,  0.100000,  0.491577
  0.319336,  0.100000,  0.616699
  0.184448,  0.100000,  0.699097
  0.011230,  0.100000,  0.726562
 -0.174561,  0.100000,  0.694458
 -0.315918, -0.100000,  0.598145
 -0.405273, -0.100000,  0.449097
 -0.435059, -0.100000,  0.258789
 -0.261230, -0.100000,  0.258789
 -0.248779, -0.100000,  0.370850
 -0.221191, -0.100000,  0.453125
 -0.133545, -0.100000,  0.543945
  0.004395, -0.100000,  0.574219
  0.117554, -0.100000,  0.556641
  0.193359, -0.100000,  0.503906
  0.236206, -0.100000,  0.427246
  0.250488, -0.100000,  0.337891
  0.240723, -0.100000,  0.270752
  0.211426, -0.100000,  0.206055
  0.186523, -0.100000,  0.170654
  0.076660, -0.100000,  0.059570
 -0.015869, -0.100000, -0.044556
 -0.068848, -0.100000, -0.136230
 -0.093750, -0.100000, -0.235229
 -0.102051, -0.100000, -0.361328
  0.071777, -0.100000, -0.361328
  0.078735, -0.100000, -0.253296
  0.099609, -0.100000, -0.175293
  0.143921, -0.100000, -0.105347
  0.328491, -0.100000,  0.088379
  0.392578, -0.100000,  0.167969
  0.424438, -0.100000,  0.242188
  0.435059, -0.100000,  0.335938
  0.406128, -0.100000,  0.491577
  0.319336, -0.100000,  0.616699
  0.184448, -0.100000,  0.699097
  0.011230, -0.100000,  0.726562
 -0.174561, -0.100000,  0.694458
 -0.091382,  0.100000, -0.538013
 -0.091382,  0.100000, -0.711987
  0.073804,  0.100000, -0.711987
  0.073804,  0.100000, -0.538013
 -0.091382, -0.100000, -0.711987
 -0.091382, -0.100000, -0.538013
  0.073804, -0.100000, -0.538013
  0.073804, -0.100000, -0.711987
 -0.105957,  0.085425, -0.538013
 -0.105957, -0.085425, -0.538013
 -0.105957, -0.085425, -0.711987
 -0.105957,  0.085425, -0.711987
 -0.091382,  0.085425, -0.726562
 -0.091382, -0.085425, -0.726562
  0.073804, -0.085425, -0.726562
  0.073804,  0.085425, -0.726562
  0.088379,  0.085425, -0.711987
  0.088379, -0.085425, -0.711987
  0.088379, -0.085425, -0.538013
  0.088379,  0.085425, -0.538013
 -0.091382, -0.085425, -0.523438
 -0.091382,  0.085425, -0.523438
  0.073804,  0.085425, -0.523438
  0.073804, -0.085425, -0.523438
  0.209333,  0.100000,  0.501239
  0.317106,  0.100000,  0.597733
 -0.077933,  0.100000, -0.224174
  0.084016,  0.100000, -0.184655
  0.250316,  0.100000,  0.419070
  0.261289,  0.100000,  0.350420
  0.396462,  0.100000,  0.474399
  0.255036,  0.100000,  0.281321
  0.420920,  0.100000,  0.323444
  0.204806,  0.100000,  0.174671
  0.325446,  0.100000,  0.104756
  0.133533,  0.100000,  0.560925
  0.189896,  0.100000,  0.680954
  0.188640,  0.100000,  0.154815
 -0.124509,  0.100000,  0.558872
 -0.007800,  0.100000,  0.584486
 -0.002104,  0.100000,  0.711428
  0.248276,  0.100000,  0.256783
  0.229439,  0.100000,  0.215186
  0.385046,  0.100000,  0.182471
  0.406392,  0.100000,  0.232199
  0.017532,  0.100000,  0.584972
  0.110136,  0.100000,  0.570587
  0.165855,  0.100000,  0.689244
 -0.049358,  0.100000, -0.127772
  0.093729,  0.100000, -0.160951
  0.124956,  0.100000, -0.111658
 -0.395457,  0.100000,  0.430054
 -0.420283,  0.100000,  0.271432
 -0.272546,  0.100000,  0.271432
 -0.262318,  0.100000,  0.363484
 -0.088549,  0.100000, -0.348686
  0.059923,  0.100000, -0.348686
  0.065338,  0.100000, -0.264604
 -0.315459,  0.100000,  0.574323
 -0.235125,  0.100000,  0.451338
 -0.147632,  0.100000,  0.547554
 -0.182096,  0.100000,  0.674025
  0.072622,  0.100000,  0.035994
  0.005754,  0.100000, -0.039255
  0.209333, -0.100000,  0.501239
  0.317106, -0.100000,  0.597733
 -0.077933, -0.100000, -0.224174
  0.084016, -0.100000, -0.184655
  0.261289, -0.100000,  0.350420
  0.250316, -0.100000,  0.419070
  0.396462, -0.100000,  0.474399
  0.255036, -0.100000,  0.281321
  0.420920, -0.100000,  0.323444
  0.188640, -0.100000,  0.154815
  0.204806, -0.100000,  0.174671
  0.325446, -0.100000,  0.104756
  0.133533, -0.100000,  0.560925
  0.189896, -0.100000,  0.680954
 -0.007800, -0.100000,  0.584486
 -0.124509, -0.100000,  0.558872
 -0.002104, -0.100000,  0.711428
  0.229439, -0.100000,  0.215186
  0.248276, -0.100000,  0.256783
  0.406392, -0.100000,  0.232199
  0.385046, -0.100000,  0.182471
  0.110136, -0.100000,  0.570587
  0.017532, -0.100000,  0.584972
  0.165855, -0.100000,  0.689244
 -0.049358, -0.100000, -0.127772
  0.124956, -0.100000, -0.111658
  0.093729, -0.100000, -0.160951
 -0.315459, -0.100000,  0.574323
 -0.235125, -0.100000,  0.451338
 -0.182096, -0.100000,  0.674025
 -0.147632, -0.100000,  0.547554
 -0.420283, -0.100000,  0.271432
 -0.395457, -0.100000,  0.430054
 -0.262318, -0.100000,  0.363484
 -0.272546, -0.100000,  0.271432
 -0.088549, -0.100000, -0.348686
  0.065338, -0.100000, -0.264604
  0.059923, -0.100000, -0.348686
  0.005754, -0.100000, -0.039255
  0.072622, -0.100000,  0.035994
 -0.398773,  0.087357,  0.459940
 -0.322419,  0.087357,  0.587301
 -0.322419, -0.087357,  0.587301
 -0.398773, -0.087357,  0.459940
 -0.433104,  0.087357,  0.271280
 -0.407228,  0.087357,  0.436606
 -0.407228, -0.087357,  0.436606
 -0.433104, -0.087357,  0.271280
 -0.422416,  0.087357,  0.258789
 -0.422416, -0.087357,  0.258789
 -0.273873, -0.087357,  0.258789
 -0.273873,  0.087357,  0.258789
 -0.250175,  0.087357,  0.358284
 -0.259834,  0.087357,  0.271354
 -0.259834, -0.087357,  0.271354
 -0.250175, -0.087357,  0.358284
 -0.225211,  0.087357,  0.441138
 -0.244760,  0.087357,  0.382836
 -0.244760, -0.087357,  0.382836
 -0.225211, -0.087357,  0.441138
 -0.142324,  0.087357,  0.534848
 -0.212412,  0.087357,  0.462222
 -0.212412, -0.087357,  0.462222
 -0.142324, -0.087357,  0.534848
 -0.007954,  0.087357,  0.571509
 -0.121196,  0.087357,  0.546655
 -0.121196, -0.087357,  0.546655
 -0.007954, -0.087357,  0.571509
  0.105061,  0.087357,  0.558581
  0.016887,  0.087357,  0.572278
  0.016887, -0.087357,  0.572278
  0.105061, -0.087357,  0.558581
  0.182981,  0.087357,  0.511126
  0.127932,  0.087357,  0.549421
  0.127932, -0.087357,  0.549421
  0.182981, -0.087357,  0.511126
  0.230038,  0.087357,  0.438282
  0.199528,  0.087357,  0.492870
  0.199528, -0.087357,  0.492870
  0.230038, -0.087357,  0.438282
  0.248493,  0.087357,  0.350375
  0.238201,  0.087357,  0.414762
  0.238201, -0.087357,  0.414762
  0.248493, -0.087357,  0.350375
  0.242542,  0.087357,  0.283263
  0.248669,  0.087357,  0.325380
  0.248669, -0.087357,  0.325380
  0.242542, -0.087357,  0.283263
  0.216641,  0.087357,  0.217572
  0.235507,  0.087357,  0.259235
  0.235507, -0.087357,  0.259235
  0.216641, -0.087357,  0.217572
  0.193797,  0.087357,  0.180995
  0.204152,  0.087357,  0.195714
  0.204152, -0.087357,  0.195714
  0.193797, -0.087357,  0.180995
  0.177633,  0.087357,  0.161665
  0.177633, -0.087357,  0.161665
  0.085550, -0.087357,  0.068559
  0.085550,  0.087357,  0.068559
 -0.007471,  0.087357, -0.035105
  0.068262,  0.087357,  0.050120
  0.068262, -0.087357,  0.050120
 -0.007471, -0.087357, -0.035105
 -0.062522,  0.087357, -0.125284
 -0.022195,  0.087357, -0.055502
 -0.022195, -0.087357, -0.055502
 -0.062522, -0.087357, -0.125284
 -0.090666,  0.087357, -0.222969
 -0.071932,  0.087357, -0.148491
 -0.071932, -0.087357, -0.148491
 -0.090666, -0.087357, -0.222969
 -0.101220,  0.087357, -0.348713
 -0.094580,  0.087357, -0.247845
 -0.094580, -0.087357, -0.247845
 -0.101220, -0.087357, -0.348713
 -0.089408,  0.087357, -0.361328
 -0.089408, -0.087357, -0.361328
  0.059135, -0.087357, -0.361328
  0.059135,  0.087357, -0.361328
  0.077923,  0.087357, -0.265912
  0.072590,  0.087357, -0.348712
  0.072590, -0.087357, -0.348712
  0.077923, -0.087357, -0.265912
  0.096341,  0.087357, -0.187506
  0.082004,  0.087357, -0.241083
  0.082004, -0.087357, -0.241083
  0.096341, -0.087357, -0.187506
  0.137155,  0.087357, -0.116027
  0.106375,  0.087357, -0.164613
  0.106375, -0.087357, -0.164613
  0.137155, -0.087357, -0.116027
  0.152642,  0.087357, -0.096193
  0.152642, -0.087357, -0.096193
  0.319770, -0.087357,  0.079226
  0.319770,  0.087357,  0.079226
  0.384649,  0.087357,  0.158122
  0.336420,  0.087357,  0.098226
  0.336420, -0.087357,  0.098226
  0.384649, -0.087357,  0.158122
  0.419451,  0.087357,  0.230570
  0.397565,  0.087357,  0.179586
  0.397565, -0.087357,  0.179586
  0.419451, -0.087357,  0.230570
  0.433636,  0.087357,  0.323375
  0.425862,  0.087357,  0.254750
  0.425862, -0.087357,  0.254750
  0.433636, -0.087357,  0.323375
  0.408438,  0.087357,  0.479147
  0.432748,  0.087357,  0.348367
  0.432748, -0.087357,  0.348367
  0.408438, -0.087357,  0.479147
  0.326542,  0.087357,  0.606311
  0.398922,  0.087357,  0.501965
  0.398922, -0.087357,  0.501965
  0.326542, -0.087357,  0.606311
  0.195237,  0.087357,  0.692506
  0.308547,  0.087357,  0.623290
  0.308547, -0.087357,  0.623290
  0.195237, -0.087357,  0.692506
  0.023717,  0.087357,  0.724583
  0.171962,  0.087357,  0.701077
  0.171962, -0.087357,  0.701077
  0.023717, -0.087357,  0.724583
 -0.162103,  0.087357,  0.696611
 -0.001228,  0.087357,  0.724410
 -0.001228, -0.087357,  0.724410
 -0.162103, -0.087357,  0.696611
 -0.305470,  0.087357,  0.605263
 -0.185008,  0.087357,  0.687339
 -0.185008, -0.087357,  0.687339
 -0.305470, -0.087357,  0.605263

FACES
0,0,0,	 -0.000000,  1.000000,  0.000000,	3,	0,74,3
0,0,0,	 -1.000000,  0.000000,  0.000000,	3,	0,82,1
0,0,0,	 -0.000000,  0.000000,  1.000000,	3,	0,95,4
0,0,0,	 -0.000000,  1.000000,  0.000000,	3,	1,74,0
0,0,0,	 -1.000000,  0.000000,  0.000000,	3,	1,84,5
0,0,0,	 -0.000000,  0.000000, -1.000000,	3,	1,89,2
0,0,0,	 -0.000000,  1.000000,  0.000000,	3,	2,76,1
0,0,0,	 -0.000000,  0.000000, -1.000000,	3,	2,89,6
0,0,0,	  1.000000,  0.000000,  0.000000,	3,	2,90,3
0,0,0,	 -0.000000,  1.000000,  0.000000,	3,	3,76,2
0,0,0,	  1.000000,  0.000000,  0.000000,	3,	3,92,7
0,0,0,	 -0.000000,  0.000000,  1.000000,	3,	3,95,0
0,0,0,	 -0.000000, -1.000000,  0.000000,	3,	4,78,5
0,0,0,	 -1.000000,  0.000000,  0.000000,	3,	4,82,0
0,0,0,	 -0.000000,  0.000000,  1.000000,	3,	4,97,7
0,0,0,	 -0.000000, -1.000000,  0.000000,	3,	5,78,6
0,0,0,	 -1.000000,  0.000000,  0.000000,	3,	5,84,4
0,0,0,	 -0.000000,  0.000000, -1.000000,	3,	5,87,1
0,0,0,	 -0.000000, -1.000000,  0.000000,	3,	6,80,7
0,0,0,	 -0.000000,  0.000000, -1.000000,	3,	6,87,5
0,0,0,	  1.000000,  0.000000,  0.000000,	3,	6,90,2
0,0,0,	 -0.000000, -1.000000,  0.000000,	3,	7,80,4
0,0,0,	  1.000000,  0.000000,  0.000000,	3,	7,92,6
0,0,0,	 -0.000000,  0.000000,  1.000000,	3,	7,97,3
0,0,0,	 -0.000000,  1.000000,  0.000000,	3,	8,135,40
0,0,0,	 -0.857679,  0.000002,  0.514186,	3,	8,179,9
0,0,0,	 -0.711129, -0.209858,  0.671010,	3,	8,306,179
0,0,0,	 -0.000000,  1.000000,  0.000000,	3,	9,132,8
0,0,0,	 -0.987973, -0.000001,  0.154628,	3,	9,182,10
0,0,0,	 -0.000000,  1.000000,  0.000000,	3,	10,125,9
0,0,0,	 -0.987973,  0.000000,  0.154629,	3,	10,185,43
0,0,0,	 -0.000000,  0.000000, -1.000000,	3,	10,186,11
0,0,0,	 -0.000000,  1.000000,  0.000000,	3,	11,126,10
0,0,0,	 -0.000000,  0.000000, -1.000000,	3,	11,188,44
0,0,0,	  0.993884, -0.000000, -0.110432,	3,	11,190,12
0,0,0,	 -0.000000,  1.000000,  0.000000,	3,	12,127,11
0,0,0,	  0.948119, -0.000001, -0.317915,	3,	12,194,13
0,0,0,	 -0.000000,  1.000000,  0.000000,	3,	13,133,12
0,0,0,	  0.719568,  0.000001, -0.694422,	3,	13,199,14
0,0,0,	 -0.000000,  1.000000,  0.000000,	3,	14,134,13
0,0,0,	  0.214367, -0.000000, -0.976753,	3,	14,203,15
0,0,0,	 -0.000000,  1.000000,  0.000000,	3,	15,112,14
0,0,0,	 -0.153499, -0.000002, -0.988149,	3,	15,207,16
0,0,0,	 -0.000000,  1.000000,  0.000000,	3,	16,109,120
0,0,0,	 -0.000000,  1.000000,  0.000000,	3,	16,119,15
0,0,0,	 -0.571065,  0.000003, -0.820905,	3,	16,211,17
0,0,0,	 -0.000000,  1.000000,  0.000000,	3,	17,109,16
0,0,0,	 -0.872909,  0.000000, -0.487884,	3,	17,215,18
0,0,0,	 -0.000000,  1.000000,  0.000000,	3,	18,98,17
0,0,0,	 -0.987466, -0.000001, -0.157833,	3,	18,219,19
0,0,0,	 -0.000000,  1.000000,  0.000000,	3,	19,102,18
0,0,0,	 -0.989586, -0.000001,  0.143940,	3,	19,223,20
0,0,0,	 -0.000000,  1.000000,  0.000000,	3,	20,105,19
0,0,0,	 -0.910954, -0.000000,  0.412508,	3,	20,227,21
0,0,0,	 -0.000000,  1.000000,  0.000000,	3,	21,116,20
0,0,0,	 -0.817905, -0.000000,  0.575354,	3,	21,231,22
0,0,0,	 -0.000000,  1.000000,  0.000000,	3,	22,107,21
0,0,0,	 -0.711003,  0.000000,  0.703189,	3,	22,234,23
0,0,0,	 -0.000000,  1.000000,  0.000000,	3,	23,111,22
0,0,0,	 -0.747506, -0.000000,  0.664255,	3,	23,238,24
0,0,0,	 -0.000000,  1.000000,  0.000000,	3,	24,136,23
0,0,0,	 -0.865821,  0.000000,  0.500354,	3,	24,242,25
0,0,0,	 -0.000000,  1.000000,  0.000000,	3,	25,122,24
0,0,0,	 -0.969790, -0.000000,  0.243942,	3,	25,247,26
0,0,0,	 -0.000000,  1.000000,  0.000000,	3,	26,100,25
0,0,0,	 -0.997840, -0.000000,  0.065686,	3,	26,250,27
0,0,0,	 -0.000000,  1.000000,  0.000000,	3,	27,129,26
0,0,0,	 -0.997840,  0.000000,  0.065686,	3,	27,250,60
0,0,0,	 -0.000000,  0.000000, -1.000000,	3,	27,257,28
0,0,0,	 -0.000000,  1.000000,  0.000000,	3,	28,129,27
0,0,0,	 -0.000000,  0.000000, -1.000000,	3,	28,257,61
0,0,0,	  0.997932,  0.000000, -0.064274,	3,	28,259,29
0,0,0,	 -0.000000,  1.000000,  0.000000,	3,	29,131,28
0,0,0,	  0.966009, -0.000000, -0.258509,	3,	29,263,30
0,0,0,	 -0.000000,  1.000000,  0.000000,	3,	30,101,29
0,0,0,	  0.844753, -0.000000, -0.535157,	3,	30,267,31
0,0,0,	 -0.000000,  1.000000,  0.000000,	3,	31,124,30
0,0,0,	  0.724008,  0.000001, -0.689792,	3,	31,273,32
0,0,0,	 -0.000000,  1.000000,  0.000000,	3,	32,108,31
0,0,0,	  0.778884,  0.000002, -0.627169,	3,	32,274,33
0,0,0,	 -0.000000,  1.000000,  0.000000,	3,	33,108,32
0,0,0,	  0.918910,  0.000002, -0.394466,	3,	33,278,34
0,0,0,	 -0.000000,  1.000000,  0.000000,	3,	34,118,33
0,0,0,	  0.993645,  0.000001, -0.112561,	3,	34,282,35
0,0,0,	 -0.000000,  1.000000,  0.000000,	3,	35,106,34
0,0,0,	  0.983159, -0.000001,  0.182752,	3,	35,286,36
0,0,0,	 -0.000000,  1.000000,  0.000000,	3,	36,104,35
0,0,0,	  0.821672,  0.000000,  0.569960,	3,	36,290,37
0,0,0,	 -0.000000,  1.000000,  0.000000,	3,	37,99,36
0,0,0,	  0.521294, -0.000001,  0.853377,	3,	37,294,38
0,0,0,	 -0.000000,  1.000000,  0.000000,	3,	38,110,37
0,0,0,	  0.156606,  0.000001,  0.987661,	3,	38,298,39
0,0,0,	 -0.000000,  1.000000,  0.000000,	3,	39,121,38
0,0,0,	 -0.170275,  0.000001,  0.985397,	3,	39,302,40
0,0,0,	 -0.000000,  1.000000,  0.000000,	3,	40,114,39
0,0,0,	 -0.563071,  0.000000,  0.826409,	3,	40,306,8
0,0,0,	 -0.000000, -1.000000,  0.000000,	3,	41,165,42
0,0,0,	 -0.563071,  0.000001,  0.826409,	3,	41,308,73
0,0,0,	 -0.000000, -1.000000,  0.000000,	3,	42,170,43
0,0,0,	 -0.857679, -0.000002,  0.514186,	3,	42,180,41
0,0,0,	 -0.923443,  0.187816,  0.334631,	3,	42,184,181
0,0,0,	 -0.000000, -1.000000,  0.000000,	3,	43,169,44
0,0,0,	 -0.987973, -0.000001,  0.154628,	3,	43,184,42
0,0,0,	 -0.000000,  0.000000, -1.000000,	3,	43,186,10
0,0,0,	 -0.000000, -1.000000,  0.000000,	3,	44,172,45
0,0,0,	 -0.000000,  0.000000, -1.000000,	3,	44,187,43
0,0,0,	  0.993884,  0.000000, -0.110432,	3,	44,192,11
0,0,0,	 -0.000000, -1.000000,  0.000000,	3,	45,166,46
0,0,0,	  0.993884,  0.000001, -0.110432,	3,	45,193,44
0,0,0,	  0.971063, -0.105641, -0.214188,	3,	45,196,193
0,0,0,	 -0.000000, -1.000000,  0.000000,	3,	46,168,47
0,0,0,	  0.948119, -0.000001, -0.317915,	3,	46,196,45
0,0,0,	  0.834826, -0.215069, -0.506766,	3,	46,200,197
0,0,0,	 -0.000000, -1.000000,  0.000000,	3,	47,153,48
0,0,0,	  0.719568, -0.000001, -0.694422,	3,	47,201,46
0,0,0,	  0.468614, -0.277966, -0.838532,	3,	47,204,201
0,0,0,	 -0.000000, -1.000000,  0.000000,	3,	48,160,49
0,0,0,	  0.214367, -0.000000, -0.976753,	3,	48,205,47
0,0,0,	  0.030452, -0.180982, -0.983015,	3,	48,208,205
0,0,0,	 -0.000000, -1.000000,  0.000000,	3,	49,150,50
0,0,0,	 -0.153499, -0.000001, -0.988149,	3,	49,209,48
0,0,0,	 -0.362747, -0.219427, -0.905686,	3,	49,212,209
0,0,0,	 -0.000000, -1.000000,  0.000000,	3,	50,138,51
0,0,0,	 -0.571065, -0.000001, -0.820905,	3,	50,213,49
0,0,0,	 -0.722909, -0.219261, -0.655230,	3,	50,216,213
0,0,0,	 -0.000000, -1.000000,  0.000000,	3,	51,143,52
0,0,0,	 -0.872909,  0.000001, -0.487884,	3,	51,217,50
0,0,0,	 -0.930621, -0.172077, -0.323008,	3,	51,220,217
0,0,0,	 -0.000000, -1.000000,  0.000000,	3,	52,145,53
0,0,0,	 -0.987466,  0.000000, -0.157833,	3,	52,221,51
0,0,0,	 -0.988783, -0.149200, -0.006949,	3,	52,224,221
0,0,0,	 -0.000000, -1.000000,  0.000000,	3,	53,155,54
0,0,0,	 -0.989586,  0.000001,  0.143940,	3,	53,225,52
0,0,0,	 -0.950453, -0.138570,  0.278277,	3,	53,228,225
0,0,0,	 -0.000000, -1.000000,  0.000000,	3,	54,148,55
0,0,0,	 -0.910954,  0.000001,  0.412508,	3,	54,229,53
0,0,0,	 -0.864463, -0.093368,  0.493950,	3,	54,232,229
0,0,0,	 -0.000000, -1.000000,  0.000000,	3,	55,147,56
0,0,0,	 -0.817905,  0.000001,  0.575354,	3,	55,233,54
0,0,0,	 -0.764472, -0.083033,  0.639287,	3,	55,235,233
0,0,0,	 -0.000000, -1.000000,  0.000000,	3,	56,177,57
0,0,0,	 -0.711003, -0.000000,  0.703189,	3,	56,236,55
0,0,0,	 -0.729255,  0.026675,  0.683722,	3,	56,240,236
0,0,0,	 -0.000000, -1.000000,  0.000000,	3,	57,162,58
0,0,0,	 -0.747506,  0.000000,  0.664255,	3,	57,240,56
0,0,0,	 -0.806705,  0.100559,  0.582335,	3,	57,244,241
0,0,0,	 -0.000000, -1.000000,  0.000000,	3,	58,140,59
0,0,0,	 -0.865821,  0.000000,  0.500354,	3,	58,244,57
0,0,0,	 -0.917974,  0.137039,  0.372216,	3,	58,248,245
0,0,0,	 -0.000000, -1.000000,  0.000000,	3,	59,173,60
0,0,0,	 -0.969790, -0.000000,  0.243942,	3,	59,249,58
0,0,0,	 -0.983848,  0.089860,  0.154819,	3,	59,252,249
0,0,0,	 -0.000000, -1.000000,  0.000000,	3,	60,173,61
0,0,0,	 -0.997840,  0.000000,  0.065686,	3,	60,253,59
0,0,0,	 -0.000000,  0.000000, -1.000000,	3,	60,255,27
0,0,0,	 -0.000000, -1.000000,  0.000000,	3,	61,174,62
0,0,0,	 -0.000000,  0.000000, -1.000000,	3,	61,255,60
0,0,0,	  0.997932,  0.000000, -0.064274,	3,	61,259,28
0,0,0,	 -0.000000, -1.000000,  0.000000,	3,	62,141,63
0,0,0,	  0.997932, -0.000000, -0.064274,	3,	62,261,61
0,0,0,	  0.982017, -0.097948, -0.161399,	3,	62,264,261
0,0,0,	 -0.000000, -1.000000,  0.000000,	3,	63,163,64
0,0,0,	  0.966009,  0.000001, -0.258509,	3,	63,265,62
0,0,0,	  0.905616, -0.149333, -0.396937,	3,	63,268,265
0,0,0,	 -0.000000, -1.000000,  0.000000,	3,	64,149,65
0,0,0,	  0.844753,  0.000000, -0.535157,	3,	64,269,63
0,0,0,	  0.784416, -0.097627, -0.612503,	3,	64,271,269
0,0,0,	 -0.000000, -1.000000,  0.000000,	3,	65,149,66
0,0,0,	  0.724008, -0.000001, -0.689792,	3,	65,272,64
0,0,0,	  0.751447,  0.041596, -0.658481,	3,	65,276,272
0,0,0,	 -0.000000, -1.000000,  0.000000,	3,	66,157,67
0,0,0,	  0.778884, -0.000000, -0.627169,	3,	66,276,65
0,0,0,	  0.849042,  0.134556, -0.510904,	3,	66,280,277
0,0,0,	 -0.000000, -1.000000,  0.000000,	3,	67,146,68
0,0,0,	  0.918910, -0.000000, -0.394466,	3,	67,280,66
0,0,0,	  0.956494,  0.144295, -0.253570,	3,	67,284,281
0,0,0,	 -0.000000, -1.000000,  0.000000,	3,	68,144,69
0,0,0,	  0.993645,  0.000001, -0.112561,	3,	68,284,67
0,0,0,	  0.988638,  0.146162,  0.035104,	3,	68,288,285
0,0,0,	 -0.000000, -1.000000,  0.000000,	3,	69,139,70
0,0,0,	  0.983159, -0.000001,  0.182752,	3,	69,288,68
0,0,0,	  0.903291,  0.205299,  0.376721,	3,	69,292,289
0,0,0,	 -0.000000, -1.000000,  0.000000,	3,	70,151,71
0,0,0,	  0.821672,  0.000000,  0.569960,	3,	70,292,69
0,0,0,	  0.672093,  0.202224,  0.712317,	3,	70,296,293
0,0,0,	 -0.000000, -1.000000,  0.000000,	3,	71,161,72
0,0,0,	  0.521294,  0.000002,  0.853377,	3,	71,296,70
0,0,0,	  0.339192,  0.190746,  0.921176,	3,	71,300,297
0,0,0,	 -0.000000, -1.000000,  0.000000,	3,	72,154,73
0,0,0,	  0.156606,  0.000001,  0.987661,	3,	72,300,71
0,0,0,	 -0.006839,  0.161304,  0.986881,	3,	72,304,301
0,0,0,	 -0.000000, -1.000000,  0.000000,	3,	73,167,41
0,0,0,	 -0.170275,  0.000001,  0.985397,	3,	73,304,72
0,0,0,	 -0.367044,  0.207275,  0.906816,	3,	73,308,305
0,0,0,	 -0.000000,  1.000000,  0.000000,	3,	74,1,75
0,0,0,	 -0.000000,  1.000000,  0.000000,	3,	75,1,76
0,0,0,	 -0.000000,  1.000000,  0.000000,	3,	75,76,74
0,0,0,	 -0.000000,  1.000000,  0.000000,	3,	76,3,77
0,0,0,	 -0.000000,  1.000000,  0.000000,	3,	77,3,74
0,0,0,	 -0.000000,  1.000000,  0.000000,	3,	77,74,76
0,0,0,	 -0.000000, -1.000000,  0.000000,	3,	78,4,79
0,0,0,	 -0.000000, -1.000000,  0.000000,	3,	79,4,80
0,0,0,	 -0.000000, -1.000000,  0.000000,	3,	79,80,78
0,0,0,	 -0.000000, -1.000000,  0.000000,	3,	80,6,81
0,0,0,	 -0.000000, -1.000000,  0.000000,	3,	81,6,78
0,0,0,	 -0.000000, -1.000000,  0.000000,	3,	81,78,80
0,0,0,	 -1.000000,  0.000000,  0.000000,	3,	82,4,83
0,0,0,	 -1.000000,  0.000000,  0.000000,	3,	83,4,84
0,0,0,	 -1.000000,  0.000000,  0.000000,	3,	83,84,82
0,0,0,	 -1.000000,  0.000000,  0.000000,	3,	84,1,85
0,0,0,	 -1.000000,  0.000000,  0.000000,	3,	85,1,82
0,0,0,	 -1.000000,  0.000000,  0.000000,	3,	85,82,84
0,0,0,	 -0.000000,  0.000000, -1.000000,	3,	86,1,87
0,0,0,	 -0.000000,  0.000000, -1.000000,	3,	86,89,1
0,0,0,	 -0.000000,  0.000000, -1.000000,	3,	87,6,88
0,0,0,	 -0.000000,  0.000000, -1.000000,	3,	87,89,86
0,0,0,	 -0.000000,  0.000000, -1.000000,	3,	88,6,89
0,0,0,	 -0.000000,  0.000000, -1.000000,	3,	88,89,87
0,0,0,	  1.000000,  0.000000,  0.000000,	3,	90,6,91
0,0,0,	  1.000000,  0.000000,  0.000000,	3,	91,6,92
0,0,0,	  1.000000,  0.000000,  0.000000,	3,	91,92,90
0,0,0,	  1.000000,  0.000000,  0.000000,	3,	92,3,93
0,0,0,	  1.000000,  0.000000,  0.000000,	3,	93,3,90
0,0,0,	  1.000000,  0.000000,  0.000000,	3,	93,90,92
0,0,0,	 -0.000000,  0.000000,  1.000000,	3,	94,4,95
0,0,0,	 -0.000000,  0.000000,  1.000000,	3,	94,97,4
0,0,0,	 -0.000000,  0.000000,  1.000000,	3,	95,3,96
0,0,0,	 -0.000000,  0.000000,  1.000000,	3,	95,97,94
0,0,0,	 -0.000000,  0.000000,  1.000000,	3,	96,3,97
0,0,0,	 -0.000000,  0.000000,  1.000000,	3,	96,97,95
0,0,0,	 -0.000000,  1.000000,  0.000000,	3,	98,18,102
0,0,0,	 -0.000000,  1.000000,  0.000000,	3,	98,110,109
0,0,0,	 -0.000000,  1.000000,  0.000000,	3,	99,37,110
0,0,0,	 -0.000000,  1.000000,  0.000000,	3,	99,98,104
0,0,0,	 -0.000000,  1.000000,  0.000000,	3,	100,26,129
0,0,0,	 -0.000000,  1.000000,  0.000000,	3,	100,101,122
0,0,0,	 -0.000000,  1.000000,  0.000000,	3,	101,30,123
0,0,0,	 -0.000000,  1.000000,  0.000000,	3,	101,100,131
0,0,0,	 -0.000000,  1.000000,  0.000000,	3,	102,19,103
0,0,0,	 -0.000000,  1.000000,  0.000000,	3,	102,104,98
0,0,0,	 -0.000000,  1.000000,  0.000000,	3,	103,19,105
0,0,0,	 -0.000000,  1.000000,  0.000000,	3,	103,104,102
0,0,0,	 -0.000000,  1.000000,  0.000000,	3,	104,36,99
0,0,0,	 -0.000000,  1.000000,  0.000000,	3,	104,103,106
0,0,0,	 -0.000000,  1.000000,  0.000000,	3,	105,20,115
0,0,0,	 -0.000000,  1.000000,  0.000000,	3,	105,106,103
0,0,0,	 -0.000000,  1.000000,  0.000000,	3,	106,35,104
0,0,0,	 -0.000000,  1.000000,  0.000000,	3,	106,105,118
0,0,0,	 -0.000000,  1.000000,  0.000000,	3,	107,22,111
0,0,0,	 -0.000000,  1.000000,  0.000000,	3,	107,108,116
0,0,0,	 -0.000000,  1.000000,  0.000000,	3,	108,33,117
0,0,0,	 -0.000000,  1.000000,  0.000000,	3,	108,136,124
0,0,0,	 -0.000000,  1.000000,  0.000000,	3,	109,17,98
0,0,0,	 -0.000000,  1.000000,  0.000000,	3,	109,121,120
0,0,0,	 -0.000000,  1.000000,  0.000000,	3,	110,38,121
0,0,0,	 -0.000000,  1.000000,  0.000000,	3,	110,98,99
0,0,0,	 -0.000000,  1.000000,  0.000000,	3,	111,23,136
0,0,0,	 -0.000000,  1.000000,  0.000000,	3,	111,108,107
0,0,0,	 -0.000000,  1.000000,  0.000000,	3,	112,15,113
0,0,0,	 -0.000000,  1.000000,  0.000000,	3,	112,135,134
0,0,0,	 -0.000000,  1.000000,  0.000000,	3,	113,135,112
0,0,0,	 -0.000000,  1.000000,  0.000000,	3,	114,40,135
0,0,0,	 -0.000000,  1.000000,  0.000000,	3,	114,119,121
0,0,0,	 -0.000000,  1.000000,  0.000000,	3,	115,20,116
0,0,0,	 -0.000000,  1.000000,  0.000000,	3,	115,118,105
0,0,0,	 -0.000000,  1.000000,  0.000000,	3,	116,21,107
0,0,0,	 -0.000000,  1.000000,  0.000000,	3,	116,117,115
0,0,0,	 -0.000000,  1.000000,  0.000000,	3,	117,33,118
0,0,0,	 -0.000000,  1.000000,  0.000000,	3,	117,116,108
0,0,0,	 -0.000000,  1.000000,  0.000000,	3,	118,34,106
0,0,0,	 -0.000000,  1.000000,  0.000000,	3,	118,115,117
0,0,0,	 -0.000000,  1.000000,  0.000000,	3,	119,16,120
0,0,0,	 -0.000000,  1.000000,  0.000000,	3,	119,113,15
0,0,0,	 -0.000000,  1.000000,  0.000000,	3,	119,114,113
0,0,0,	 -0.000000,  1.000000,  0.000000,	3,	120,121,119
0,0,0,	 -0.000000,  1.000000,  0.000000,	3,	121,39,114
0,0,0,	 -0.000000,  1.000000,  0.000000,	3,	121,109,110
0,0,0,	 -0.000000,  1.000000,  0.000000,	3,	122,25,100
0,0,0,	 -0.000000,  1.000000,  0.000000,	3,	122,123,137
0,0,0,	 -0.000000,  1.000000,  0.000000,	3,	123,30,124
0,0,0,	 -0.000000,  1.000000,  0.000000,	3,	123,122,101
0,0,0,	 -0.000000,  1.000000,  0.000000,	3,	124,31,108
0,0,0,	 -0.000000,  1.000000,  0.000000,	3,	124,137,123
0,0,0,	 -0.000000,  1.000000,  0.000000,	3,	125,10,126
0,0,0,	 -0.000000,  1.000000,  0.000000,	3,	125,133,132
0,0,0,	 -0.000000,  1.000000,  0.000000,	3,	126,11,127
0,0,0,	 -0.000000,  1.000000,  0.000000,	3,	126,128,125
0,0,0,	 -0.000000,  1.000000,  0.000000,	3,	127,12,128
0,0,0,	 -0.000000,  1.000000,  0.000000,	3,	127,128,126
0,0,0,	 -0.000000,  1.000000,  0.000000,	3,	128,12,133
0,0,0,	 -0.000000,  1.000000,  0.000000,	3,	129,28,130
0,0,0,	 -0.000000,  1.000000,  0.000000,	3,	129,131,100
0,0,0,	 -0.000000,  1.000000,  0.000000,	3,	130,28,131
0,0,0,	 -0.000000,  1.000000,  0.000000,	3,	130,131,129
0,0,0,	 -0.000000,  1.000000,  0.000000,	3,	131,29,101
0,0,0,	 -0.000000,  1.000000,  0.000000,	3,	132,9,125
0,0,0,	 -0.000000,  1.000000,  0.000000,	3,	132,134,135
0,0,0,	 -0.000000,  1.000000,  0.000000,	3,	133,13,134
0,0,0,	 -0.000000,  1.000000,  0.000000,	3,	133,125,128
0,0,0,	 -0.000000,  1.000000,  0.000000,	3,	134,14,112
0,0,0,	 -0.000000,  1.000000,  0.000000,	3,	134,132,133
0,0,0,	 -0.000000,  1.000000,  0.000000,	3,	135,8,132
0,0,0,	 -0.000000,  1.000000,  0.000000,	3,	135,113,114
0,0,0,	 -0.000000,  1.000000,  0.000000,	3,	136,24,137
0,0,0,	 -0.000000,  1.000000,  0.000000,	3,	136,108,111
0,0,0,	 -0.000000,  1.000000,  0.000000,	3,	137,24,122
0,0,0,	 -0.000000,  1.000000,  0.000000,	3,	137,124,136
0,0,0,	 -0.000000, -1.000000,  0.000000,	3,	138,50,150
0,0,0,	 -0.000000, -1.000000,  0.000000,	3,	138,144,143
0,0,0,	 -0.000000, -1.000000,  0.000000,	3,	139,69,144
0,0,0,	 -0.000000, -1.000000,  0.000000,	3,	139,138,151
0,0,0,	 -0.000000, -1.000000,  0.000000,	3,	140,58,162
0,0,0,	 -0.000000, -1.000000,  0.000000,	3,	140,174,173
0,0,0,	 -0.000000, -1.000000,  0.000000,	3,	141,62,174
0,0,0,	 -0.000000, -1.000000,  0.000000,	3,	141,162,164
0,0,0,	 -0.000000, -1.000000,  0.000000,	3,	142,52,143
0,0,0,	 -0.000000, -1.000000,  0.000000,	3,	142,146,145
0,0,0,	 -0.000000, -1.000000,  0.000000,	3,	143,51,138
0,0,0,	 -0.000000, -1.000000,  0.000000,	3,	143,144,142
0,0,0,	 -0.000000, -1.000000,  0.000000,	3,	144,68,146
0,0,0,	 -0.000000, -1.000000,  0.000000,	3,	144,138,139
0,0,0,	 -0.000000, -1.000000,  0.000000,	3,	145,52,142
0,0,0,	 -0.000000, -1.000000,  0.000000,	3,	145,157,156
0,0,0,	 -0.000000, -1.000000,  0.000000,	3,	146,67,157
0,0,0,	 -0.000000, -1.000000,  0.000000,	3,	146,142,144
0,0,0,	 -0.000000, -1.000000,  0.000000,	3,	147,55,148
0,0,0,	 -0.000000, -1.000000,  0.000000,	3,	147,149,177
0,0,0,	 -0.000000, -1.000000,  0.000000,	3,	148,54,155
0,0,0,	 -0.000000, -1.000000,  0.000000,	3,	148,149,147
0,0,0,	 -0.000000, -1.000000,  0.000000,	3,	149,64,163
0,0,0,	 -0.000000, -1.000000,  0.000000,	3,	149,155,158
0,0,0,	 -0.000000, -1.000000,  0.000000,	3,	150,49,159
0,0,0,	 -0.000000, -1.000000,  0.000000,	3,	150,151,138
0,0,0,	 -0.000000, -1.000000,  0.000000,	3,	151,70,139
0,0,0,	 -0.000000, -1.000000,  0.000000,	3,	151,150,161
0,0,0,	 -0.000000, -1.000000,  0.000000,	3,	152,48,153
0,0,0,	 -0.000000, -1.000000,  0.000000,	3,	152,154,160
0,0,0,	 -0.000000, -1.000000,  0.000000,	3,	153,167,152
0,0,0,	 -0.000000, -1.000000,  0.000000,	3,	154,72,161
0,0,0,	 -0.000000, -1.000000,  0.000000,	3,	154,152,167
0,0,0,	 -0.000000, -1.000000,  0.000000,	3,	155,53,156
0,0,0,	 -0.000000, -1.000000,  0.000000,	3,	155,149,148
0,0,0,	 -0.000000, -1.000000,  0.000000,	3,	156,53,145
0,0,0,	 -0.000000, -1.000000,  0.000000,	3,	156,158,155
0,0,0,	 -0.000000, -1.000000,  0.000000,	3,	157,66,158
0,0,0,	 -0.000000, -1.000000,  0.000000,	3,	157,145,146
0,0,0,	 -0.000000, -1.000000,  0.000000,	3,	158,66,149
0,0,0,	 -0.000000, -1.000000,  0.000000,	3,	158,156,157
0,0,0,	 -0.000000, -1.000000,  0.000000,	3,	159,49,160
0,0,0,	 -0.000000, -1.000000,  0.000000,	3,	159,161,150
0,0,0,	 -0.000000, -1.000000,  0.000000,	3,	160,48,152
0,0,0,	 -0.000000, -1.000000,  0.000000,	3,	160,161,159
0,0,0,	 -0.000000, -1.000000,  0.000000,	3,	161,71,151
0,0,0,	 -0.000000, -1.000000,  0.000000,	3,	161,160,154
0,0,0,	 -0.000000, -1.000000,  0.000000,	3,	162,57,176
0,0,0,	 -0.000000, -1.000000,  0.000000,	3,	162,141,140
0,0,0,	 -0.000000, -1.000000,  0.000000,	3,	163,63,164
0,0,0,	 -0.000000, -1.000000,  0.000000,	3,	163,177,149
0,0,0,	 -0.000000, -1.000000,  0.000000,	3,	164,63,141
0,0,0,	 -0.000000, -1.000000,  0.000000,	3,	164,176,163
0,0,0,	 -0.000000, -1.000000,  0.000000,	3,	165,41,167
0,0,0,	 -0.000000, -1.000000,  0.000000,	3,	165,166,170
0,0,0,	 -0.000000, -1.000000,  0.000000,	3,	166,165,168
0,0,0,	 -0.000000, -1.000000,  0.000000,	3,	167,73,154
0,0,0,	 -0.000000, -1.000000,  0.000000,	3,	167,168,165
0,0,0,	 -0.000000, -1.000000,  0.000000,	3,	168,46,166
0,0,0,	 -0.000000, -1.000000,  0.000000,	3,	168,153,47
0,0,0,	 -0.000000, -1.000000,  0.000000,	3,	168,167,153
0,0,0,	 -0.000000, -1.000000,  0.000000,	3,	169,43,170
0,0,0,	 -0.000000, -1.000000,  0.000000,	3,	170,42,165
0,0,0,	 -0.000000, -1.000000,  0.000000,	3,	170,171,169
0,0,0,	 -0.000000, -1.000000,  0.000000,	3,	171,45,172
0,0,0,	 -0.000000, -1.000000,  0.000000,	3,	171,166,45
0,0,0,	 -0.000000, -1.000000,  0.000000,	3,	171,170,166
0,0,0,	 -0.000000, -1.000000,  0.000000,	3,	172,44,169
0,0,0,	 -0.000000, -1.000000,  0.000000,	3,	172,169,171
0,0,0,	 -0.000000, -1.000000,  0.000000,	3,	173,59,140
0,0,0,	 -0.000000, -1.000000,  0.000000,	3,	174,61,175
0,0,0,	 -0.000000, -1.000000,  0.000000,	3,	174,140,141
0,0,0,	 -0.000000, -1.000000,  0.000000,	3,	175,61,173
0,0,0,	 -0.000000, -1.000000,  0.000000,	3,	175,173,174
0,0,0,	 -0.000000, -1.000000,  0.000000,	3,	176,57,177
0,0,0,	 -0.000000, -1.000000,  0.000000,	3,	176,164,162
0,0,0,	 -0.000000, -1.000000,  0.000000,	3,	177,56,147
0,0,0,	 -0.000000, -1.000000,  0.000000,	3,	177,163,176
0,0,0,	 -0.857679, -0.000001,  0.514186,	3,	178,9,179
0,0,0,	 -0.923443, -0.187817,  0.334631,	3,	178,183,9
0,0,0,	 -0.857679,  0.000000,  0.514186,	3,	179,180,178
0,0,0,	 -0.727325,  0.000000,  0.686293,	3,	179,306,180
0,0,0,	 -0.857679,  0.000000,  0.514186,	3,	180,42,181
0,0,0,	 -0.711129,  0.209857,  0.671010,	3,	180,309,41
0,0,0,	 -0.857679,  0.000000,  0.514186,	3,	181,178,180
0,0,0,	 -0.940174,  0.000000,  0.340694,	3,	181,184,178
0,0,0,	 -0.987973,  0.000001,  0.154628,	3,	182,9,183
0,0,0,	 -0.940174,  0.000000,  0.340694,	3,	183,178,184
0,0,0,	 -0.987973,  0.000000,  0.154628,	3,	183,184,182
0,0,0,	 -0.987973,  0.000001,  0.154628,	3,	184,43,185
0,0,0,	 -0.987973,  0.000000,  0.154629,	3,	185,10,182
0,0,0,	 -0.987973,  0.000000,  0.154628,	3,	185,182,184
0,0,0,	 -0.000000,  0.000000, -1.000000,	3,	186,43,187
0,0,0,	 -0.000000,  0.000000, -1.000000,	3,	187,44,188
0,0,0,	 -0.000000,  0.000000, -1.000000,	3,	187,188,186
0,0,0,	 -0.000000,  0.000000, -1.000000,	3,	188,11,189
0,0,0,	 -0.000000,  0.000000, -1.000000,	3,	189,11,186
0,0,0,	 -0.000000,  0.000000, -1.000000,	3,	189,186,188
0,0,0,	  0.993884,  0.000001, -0.110431,	3,	190,11,191
0,0,0,	  0.971063,  0.105642, -0.214188,	3,	190,195,12
0,0,0,	  0.993884,  0.000000, -0.110432,	3,	191,11,192
0,0,0,	  0.993884,  0.000000, -0.110431,	3,	191,192,190
0,0,0,	  0.993884, -0.000001, -0.110431,	3,	192,44,193
0,0,0,	  0.993884,  0.000000, -0.110431,	3,	193,190,192
0,0,0,	  0.976528,  0.000000, -0.215393,	3,	193,196,190
0,0,0,	  0.948119,  0.000001, -0.317915,	3,	194,12,195
0,0,0,	  0.834826,  0.215070, -0.506765,	3,	194,199,13
0,0,0,	  0.976528,  0.000000, -0.215393,	3,	195,190,196
0,0,0,	  0.948119,  0.000000, -0.317915,	3,	195,196,194
0,0,0,	  0.948119,  0.000001, -0.317915,	3,	196,46,197
0,0,0,	  0.948119,  0.000000, -0.317915,	3,	197,194,196
0,0,0,	  0.854830,  0.000000, -0.518909,	3,	197,199,194
0,0,0,	  0.719568,  0.000001, -0.694422,	3,	198,14,199
0,0,0,	  0.468614,  0.277967, -0.838532,	3,	198,203,14
0,0,0,	  0.854830,  0.000000, -0.518909,	3,	199,197,200
0,0,0,	  0.719568,  0.000000, -0.694422,	3,	199,201,198
0,0,0,	  0.719568, -0.000001, -0.694422,	3,	200,46,201
0,0,0,	  0.719568,  0.000000, -0.694422,	3,	200,201,199
0,0,0,	  0.487839,  0.000000, -0.872934,	3,	201,203,198
0,0,0,	  0.214367,  0.000000, -0.976753,	3,	202,15,203
0,0,0,	  0.030452,  0.180983, -0.983015,	3,	202,207,15
0,0,0,	  0.487839,  0.000000, -0.872934,	3,	203,201,204
0,0,0,	  0.214367,  0.000000, -0.976753,	3,	203,205,202
0,0,0,	  0.214367,  0.000000, -0.976753,	3,	204,47,205
0,0,0,	  0.214367,  0.000000, -0.976753,	3,	204,205,203
0,0,0,	  0.030964,  0.000000, -0.999521,	3,	205,207,202
0,0,0,	 -0.153499,  0.000002, -0.988149,	3,	206,16,207
0,0,0,	 -0.362747,  0.219428, -0.905685,	3,	206,211,16
0,0,0,	  0.030964,  0.000000, -0.999521,	3,	207,205,208
0,0,0,	 -0.153499,  0.000000, -0.988149,	3,	207,209,206
0,0,0,	 -0.153499,  0.000002, -0.988149,	3,	208,48,209
0,0,0,	 -0.153499,  0.000000, -0.988149,	3,	208,209,207
0,0,0,	 -0.371808,  0.000000, -0.928310,	3,	209,211,206
0,0,0,	 -0.571064,  0.000000, -0.820905,	3,	210,17,211
0,0,0,	 -0.722909,  0.219262, -0.655230,	3,	210,215,17
0,0,0,	 -0.371808,  0.000000, -0.928310,	3,	211,209,212
0,0,0,	 -0.571064, -0.000000, -0.820905,	3,	211,213,210
0,0,0,	 -0.571064, -0.000003, -0.820906,	3,	212,49,213
0,0,0,	 -0.571064,  0.000000, -0.820905,	3,	212,213,211
0,0,0,	 -0.740939,  0.000000, -0.671572,	3,	213,215,210
0,0,0,	 -0.872909, -0.000002, -0.487884,	3,	214,18,215
0,0,0,	 -0.930621,  0.172077, -0.323008,	3,	214,219,18
0,0,0,	 -0.740939,  0.000000, -0.671572,	3,	215,213,216
0,0,0,	 -0.872909,  0.000000, -0.487884,	3,	215,217,214
0,0,0,	 -0.872909, -0.000001, -0.487884,	3,	216,50,217
0,0,0,	 -0.872909,  0.000000, -0.487884,	3,	216,217,215
0,0,0,	 -0.944713,  0.000000, -0.327899,	3,	217,219,214
0,0,0,	 -0.987466,  0.000000, -0.157833,	3,	218,19,219
0,0,0,	 -0.988783,  0.149201, -0.006949,	3,	218,223,19
0,0,0,	 -0.944713,  0.000000, -0.327899,	3,	219,217,220
0,0,0,	 -0.987466, -0.000000, -0.157833,	3,	219,221,218
0,0,0,	 -0.987466,  0.000001, -0.157833,	3,	220,51,221
0,0,0,	 -0.987466,  0.000000, -0.157833,	3,	220,221,219
0,0,0,	 -0.999975,  0.000000, -0.007027,	3,	221,223,218
0,0,0,	 -0.989586, -0.000001,  0.143940,	3,	222,20,223
0,0,0,	 -0.950452,  0.138571,  0.278277,	3,	222,227,20
0,0,0,	 -0.999975,  0.000000, -0.007027,	3,	223,221,224
0,0,0,	 -0.989587,  0.000000,  0.143940,	3,	223,225,222
0,0,0,	 -0.989586,  0.000001,  0.143940,	3,	224,52,225
0,0,0,	 -0.989587,  0.000000,  0.143940,	3,	224,225,223
0,0,0,	 -0.959711,  0.000000,  0.280988,	3,	225,227,222
0,0,0,	 -0.910954, -0.000001,  0.412507,	3,	226,21,227
0,0,0,	 -0.864463,  0.093368,  0.493950,	3,	226,231,21
0,0,0,	 -0.959711,  0.000000,  0.280988,	3,	227,225,228
0,0,0,	 -0.910954,  0.000000,  0.412507,	3,	227,229,226
0,0,0,	 -0.910954,  0.000000,  0.412507,	3,	228,53,229
0,0,0,	 -0.910954,  0.000000,  0.412507,	3,	228,229,227
0,0,0,	 -0.868256,  0.000000,  0.496117,	3,	229,231,226
0,0,0,	 -0.817905, -0.000001,  0.575353,	3,	230,22,231
0,0,0,	 -0.764472,  0.083034,  0.639287,	3,	230,234,22
0,0,0,	 -0.868256,  0.000000,  0.496117,	3,	231,229,232
0,0,0,	 -0.817905,  0.000000,  0.575353,	3,	231,233,230
0,0,0,	 -0.817905, -0.000000,  0.575353,	3,	232,54,233
0,0,0,	 -0.817905,  0.000000,  0.575353,	3,	232,233,231
0,0,0,	 -0.767121,  0.000000,  0.641503,	3,	233,234,230
0,0,0,	 -0.767121,  0.000000,  0.641503,	3,	234,233,235
0,0,0,	 -0.711003, -0.000000,  0.703189,	3,	235,55,236
0,0,0,	 -0.711003,  0.000000,  0.703189,	3,	235,236,234
0,0,0,	 -0.729514,  0.000000,  0.683966,	3,	236,240,237
0,0,0,	 -0.711003,  0.000000,  0.703189,	3,	237,23,234
0,0,0,	 -0.711003,  0.000000,  0.703189,	3,	237,234,236
0,0,0,	 -0.729255, -0.026675,  0.683722,	3,	237,239,23
0,0,0,	 -0.747506,  0.000000,  0.664255,	3,	238,23,239
0,0,0,	 -0.806705, -0.100560,  0.582335,	3,	238,243,24
0,0,0,	 -0.729514,  0.000000,  0.683966,	3,	239,237,240
0,0,0,	 -0.747506,  0.000000,  0.664255,	3,	239,240,238
0,0,0,	 -0.747506,  0.000000,  0.664255,	3,	240,57,241
0,0,0,	 -0.747506,  0.000000,  0.664255,	3,	241,238,240
0,0,0,	 -0.810815,  0.000000,  0.585302,	3,	241,244,238
0,0,0,	 -0.865821, -0.000000,  0.500354,	3,	242,24,243
0,0,0,	 -0.917973, -0.137040,  0.372216,	3,	242,247,25
0,0,0,	 -0.810815,  0.000000,  0.585302,	3,	243,238,244
0,0,0,	 -0.865821,  0.000000,  0.500354,	3,	243,244,242
0,0,0,	 -0.865821, -0.000000,  0.500354,	3,	244,58,245
0,0,0,	 -0.865821,  0.000000,  0.500354,	3,	245,242,244
0,0,0,	 -0.926716,  0.000000,  0.375761,	3,	245,247,242
0,0,0,	 -0.969790,  0.000000,  0.243942,	3,	246,26,247
0,0,0,	 -0.983848, -0.089860,  0.154819,	3,	246,251,26
0,0,0,	 -0.926716,  0.000000,  0.375761,	3,	247,245,248
0,0,0,	 -0.969790, -0.000000,  0.243942,	3,	247,249,246
0,0,0,	 -0.969790,  0.000000,  0.243942,	3,	248,58,249
0,0,0,	 -0.969790,  0.000000,  0.243942,	3,	248,249,247
0,0,0,	 -0.987844,  0.000000,  0.155448,	3,	249,251,246
0,0,0,	 -0.997840,  0.000000,  0.065685,	3,	250,26,251
0,0,0,	 -0.987844,  0.000000,  0.155448,	3,	251,249,252
0,0,0,	 -0.997840, -0.000000,  0.065685,	3,	251,253,250
0,0,0,	 -0.997840, -0.000000,  0.065685,	3,	252,59,253
0,0,0,	 -0.997840,  0.000000,  0.065685,	3,	252,253,251
0,0,0,	 -0.997840,  0.000000,  0.065686,	3,	253,60,250
0,0,0,	 -0.000000,  0.000000, -1.000000,	3,	254,27,255
0,0,0,	 -0.000000,  0.000000, -1.000000,	3,	254,257,27
0,0,0,	 -0.000000,  0.000000, -1.000000,	3,	255,61,256
0,0,0,	 -0.000000,  0.000000, -1.000000,	3,	255,257,254
0,0,0,	 -0.000000,  0.000000, -1.000000,	3,	256,61,257
0,0,0,	 -0.000000,  0.000000, -1.000000,	3,	256,257,255
0,0,0,	  0.997932,  0.000000, -0.064274,	3,	258,29,259
0,0,0,	  0.982017,  0.097948, -0.161399,	3,	258,263,29
0,0,0,	  0.997932,  0.000000, -0.064274,	3,	259,61,260
0,0,0,	  0.997932,  0.000000, -0.064274,	3,	259,261,258
0,0,0,	  0.997932, -0.000000, -0.064274,	3,	260,61,261
0,0,0,	  0.997932,  0.000000, -0.064274,	3,	260,261,259
0,0,0,	  0.986762,  0.000000, -0.162179,	3,	261,263,258
0,0,0,	  0.966009, -0.000001, -0.258509,	3,	262,30,263
0,0,0,	  0.905616,  0.149334, -0.396937,	3,	262,267,30
0,0,0,	  0.986762,  0.000000, -0.162179,	3,	263,261,264
0,0,0,	  0.966009, -0.000000, -0.258509,	3,	263,265,262
0,0,0,	  0.966009, -0.000000, -0.258509,	3,	264,62,265
0,0,0,	  0.966009,  0.000000, -0.258509,	3,	264,265,263
0,0,0,	  0.915886,  0.000000, -0.401438,	3,	265,267,262
0,0,0,	  0.844752, -0.000000, -0.535157,	3,	266,31,267
0,0,0,	  0.784416,  0.097628, -0.612503,	3,	266,270,31
0,0,0,	  0.915886,  0.000000, -0.401438,	3,	267,265,268
0,0,0,	  0.844753, -0.000000, -0.535157,	3,	267,269,266
0,0,0,	  0.844752,  0.000000, -0.535157,	3,	268,63,269
0,0,0,	  0.844753,  0.000000, -0.535157,	3,	268,269,267
0,0,0,	  0.788181,  0.000000, -0.615443,	3,	269,270,266
0,0,0,	  0.788181,  0.000000, -0.615443,	3,	270,269,271
0,0,0,	  0.724008,  0.000001, -0.689792,	3,	270,273,31
0,0,0,	  0.724008, -0.000001, -0.689792,	3,	271,64,272
0,0,0,	  0.724008,  0.000000, -0.689792,	3,	271,272,270
0,0,0,	  0.752098,  0.000000, -0.659051,	3,	272,276,273
0,0,0,	  0.724008,  0.000000, -0.689792,	3,	273,270,272
0,0,0,	  0.751447, -0.041596, -0.658481,	3,	273,275,32
0,0,0,	  0.778884,  0.000000, -0.627169,	3,	274,32,275
0,0,0,	  0.849042, -0.134556, -0.510904,	3,	274,279,33
0,0,0,	  0.752098,  0.000000, -0.659051,	3,	275,273,276
0,0,0,	  0.778884,  0.000000, -0.627169,	3,	275,276,274
0,0,0,	  0.778883, -0.000002, -0.627169,	3,	276,66,277
0,0,0,	  0.778884,  0.000000, -0.627169,	3,	277,274,276
0,0,0,	  0.856834,  0.000000, -0.515593,	3,	277,280,274
0,0,0,	  0.918910,  0.000000, -0.394467,	3,	278,33,279
0,0,0,	  0.956494, -0.144296, -0.253570,	3,	278,283,34
0,0,0,	  0.856834,  0.000000, -0.515593,	3,	279,274,280
0,0,0,	  0.918910,  0.000000, -0.394467,	3,	279,280,278
0,0,0,	  0.918910, -0.000002, -0.394467,	3,	280,67,281
0,0,0,	  0.918910,  0.000000, -0.394467,	3,	281,278,280
0,0,0,	  0.966610,  0.000000, -0.256252,	3,	281,284,278
0,0,0,	  0.993645, -0.000001, -0.112562,	3,	282,34,283
0,0,0,	  0.988638, -0.146163,  0.035104,	3,	282,287,35
0,0,0,	  0.966610,  0.000000, -0.256252,	3,	283,278,284
0,0,0,	  0.993645,  0.000000, -0.112562,	3,	283,284,282
0,0,0,	  0.993645, -0.000001, -0.112562,	3,	284,68,285
0,0,0,	  0.993645,  0.000000, -0.112562,	3,	285,282,284
0,0,0,	  0.999370,  0.000000,  0.035485,	3,	285,288,282
0,0,0,	  0.983159,  0.000001,  0.182752,	3,	286,35,287
0,0,0,	  0.903291, -0.205300,  0.376720,	3,	286,291,36
0,0,0,	  0.999370,  0.000000,  0.035485,	3,	287,282,288
0,0,0,	  0.983159,  0.000000,  0.182752,	3,	287,288,286
0,0,0,	  0.983159,  0.000001,  0.182752,	3,	288,69,289
0,0,0,	  0.983159,  0.000000,  0.182752,	3,	289,286,288
0,0,0,	  0.922950,  0.000000,  0.384920,	3,	289,292,286
0,0,0,	  0.821672, -0.000001,  0.569960,	3,	290,36,291
0,0,0,	  0.672093, -0.202225,  0.712317,	3,	290,295,37
0,0,0,	  0.922950,  0.000000,  0.384920,	3,	291,286,292
0,0,0,	  0.821672,  0.000000,  0.569960,	3,	291,292,290
0,0,0,	  0.821672, -0.000001,  0.569960,	3,	292,70,293
0,0,0,	  0.821672,  0.000000,  0.569960,	3,	293,290,292
0,0,0,	  0.686272,  0.000000,  0.727345,	3,	293,296,290
0,0,0,	  0.521294, -0.000002,  0.853377,	3,	294,37,295
0,0,0,	  0.339192, -0.190747,  0.921176,	3,	294,299,38
0,0,0,	  0.686272,  0.000000,  0.727345,	3,	295,290,296
0,0,0,	  0.521294,  0.000000,  0.853377,	3,	295,296,294
0,0,0,	  0.521294,  0.000001,  0.853377,	3,	296,71,297
0,0,0,	  0.521294,  0.000000,  0.853377,	3,	297,294,296
0,0,0,	  0.345536,  0.000000,  0.938406,	3,	297,300,294
0,0,0,	  0.156606, -0.000002,  0.987661,	3,	298,38,299
0,0,0,	 -0.006839, -0.161305,  0.986881,	3,	298,303,39
0,0,0,	  0.345536,  0.000000,  0.938406,	3,	299,294,300
0,0,0,	  0.156606,  0.000000,  0.987661,	3,	299,300,298
0,0,0,	  0.156606, -0.000002,  0.987661,	3,	300,72,301
0,0,0,	  0.156606,  0.000000,  0.987661,	3,	301,298,300
0,0,0,	 -0.006929,  0.000000,  0.999976,	3,	301,304,298
0,0,0,	 -0.170275, -0.000001,  0.985397,	3,	302,39,303
0,0,0,	 -0.367044, -0.207276,  0.906816,	3,	302,307,40
0,0,0,	 -0.006929,  0.000000,  0.999976,	3,	303,298,304
0,0,0,	 -0.170275,  0.000000,  0.985397,	3,	303,304,302
0,0,0,	 -0.170275, -0.000001,  0.985397,	3,	304,73,305
0,0,0,	 -0.170275,  0.000000,  0.985397,	3,	305,302,304
0,0,0,	 -0.375192,  0.000000,  0.926947,	3,	305,308,302
0,0,0,	 -0.563071, -0.000002,  0.826409,	3,	306,40,307
0,0,0,	 -0.375192,  0.000000,  0.926947,	3,	307,302,308
0,0,0,	 -0.563071,  0.000000,  0.826409,	3,	307,308,306
0,0,0,	 -0.563071, -0.000000,  0.826409,	3,	308,41,309
0,0,0,	 -0.727325,  0.000000,  0.686293,	3,	309,180,306
0,0,0,	 -0.563071,  0.000000,  0.826409,	3,	309,306,308

TEXTURES
questionmark-material	1.0 1.0    0.000000 0.000000 0.000000 0.000000 0.000000 0.000000
questionmark-material	1.0 1.0    0.000000 0.000000 0.000000 0.000000 0.000000 0.000000
questionmark-material	1.0 1.0    0.000000 0.000000 0.000000 0.000000 0.000000 0.000000
questionmark-material	1.0 1.0    0.000000 0.000000 0.000000 0.000000 0.000000 0.000000
questionmark-material	1.0 1.0    0.000000 0.000000 0.000000 0.000000 0.000000 0.000000
questionmark-material	1.0 1.0    0.000000 0.000000 0.000000 0.000000 0.000000 0.000000
questionmark-material	1.0 1.0    0.000000 0.000000 0.000000 0.000000 0.000000 0.000000
questionmark-material	1.0 1.0    0.000000 0.000000 0.000000 0.000000 0.000000 0.000000
questionmark-material	1.0 1.0    0.000000 0.000000 0.000000 0.000000 0.000000 0.000000
questionmark-material	1.0 1.0    0.000000 0.000000 0.000000 0.000000 0.000000 0.000000
questionmark-material	1.0 1.0    0.000000 0.000000 0.000000 0.000000 0.000000 0.000000
questionmark-material	1.0 1.0    0.000000 0.000000 0.000000 0.000000 0.000000 0.000000
questionmark-material	1.0 1.0    0.000000 0.000000 0.000000 0.000000 0.000000 0.000000
questionmark-material	1.0 1.0    0.000000 0.000000 0.000000 0.000000 0.000000 0.000000
questionmark-material	1.0 1.0    0.000000 0.000000 0.000000 0.000000 0.000000 0.000000
questionmark-material	1.0 1.0    0.000000 0.000000 0.000000 0.000000 0.000000 0.000000
questionmark-material	1.0 1.0    0.000000 0.000000 0.000000 0.000000 0.000000 0.000000
questionmark-material	1.0 1.0    0.000000 0.000000 0.000000 0.000000 0.000000 0.000000
questionmark-material	1.0 1.0    0.000000 0.000000 0.000000 0.000000 0.000000 0.000000
questionmark-material	1.0 1.0    0.000000 0.000000 0.000000 0.000000 0.000000 0.000000
questionmark-material	1.0 1.0    0.000000 0.000000 0.000000 0.000000 0.000000 0.000000
questionmark-material	1.0 1.0    0.000000 0.000000 0.000000 0.000000 0.000000 0.000000
questionmark-material	1.0 1.0    0.000000 0.000000 0.000000 0.000000 0.000000 0.000000
questionmark-material	1.0 1.0    0.000000 0.000000 0.000000 0.000000 0.000000 0.000000
questionmark-material	1.0 1.0    0.000000 0.000000 0.000000 0.000000 0.000000 0.000000
questionmark-material	1.0 1.0    0.000000 0.000000 0.000000 0.000000 0.000000 0.000000
questionmark-material	1.0 1.0    0.000000 0.000000 0.000000 0.000000 0.000000 0.000000
questionmark-material	1.0 1.0    0.000000 0.000000 0.000000 0.000000 0.000000 0.000000
questionmark-material	1.0 1.0    0.000000 0.000000 0.000000 0.000000 0.000000 0.000000
questionmark-material	1.0 1.0    0.000000 0.000000 0.000000 0.000000 0.000000 0.000000
questionmark-material	1.0 1.0    0.000000 0.000000 0.000000 0.000000 0.000000 0.000000
questionmark-material	1.0 1.0    0.000000 0.000000 0.000000 0.000000 0.000000 0.000000
questionmark-material	1.0 1.0    0.000000 0.000000 0.000000 0.000000 0.000000 0.000000
questionmark-material	1.0 1.0    0.000000 0.000000 0.000000 0.000000 0.000000 0.000000
questionmark-material	1.0 1.0    0.000000 0.000000 0.000000 0.000000 0.000000 0.000000
questionmark-material	1.0 1.0    0.000000 0.000000 0.000000 0.000000 0.000000 0.000000
questionmark-material	1.0 1.0    0.000000 0.000000 0.000000 0.000000 0.000000 0.000000
questionmark-material	1.0 1.0    0.000000 0.000000 0.000000 0.000000 0.000000 0.000000
questionmark-material	1.0 1.0    0.000000 0.000000 0.000000 0.000000 0.000000 0.000000
questionmark-material	1.0 1.0    0.000000 0.000000 0.000000 0.000000 0.000000 0.000000
questionmark-material	1.0 1.0    0.000000 0.000000 0.000000 0.000000 0.000000 0.000000
questionmark-material	1.0 1.0    0.000000 0.000000 0.000000 0.000000 0.000000 0.000000
questionmark-material	1.0 1.0    0.000000 0.000000 0.000000 0.000000 0.000000 0.000000
questionmark-material	1.0 1.0    0.000000 0.000000 0.000000 0.000000 0.000000 0.000000
questionmark-material	1.0 1.0    0.000000 0.000000 0.000000 0.000000 0.000000 0.000000
questionmark-material	1.0 1.0    0.000000 0.000000 0.000000 0.000000 0.000000 0.000000
questionmark-material	1.0 1.0    0.000000 0.000000 0.000000 0.000000 0.000000 0.000000
questionmark-material	1.0 1.0    0.000000 0.000000 0.000000 0.000000 0.000000 0.000000
questionmark-material	1.0 1.0    0.000000 0.000000 0.000000 0.000000 0.000000 0.000000
questionmark-material	1.0 1.0    0.000000 0.000000 0.000000 0.000000 0.000000 0.000000
questionmark-material	1.0 1.0    0.000000 0.000000 0.000000 0.000000 0.000000 0.000000
questionmark-material	1.0 1.0    0.000000 0.000000 0.000000 0.000000 0.000000 0.000000
questionmark-material	1.0 1.0    0.000000 0.000000 0.000000 0.000000 0.000000 0.000000
questionmark-material	1.0 1.0    0.000000 0.000000 0.000000 0.000000 0.000000 0.000000
questionmark-material	1.0 1.0    0.000000 0.000000 0.000000 0.000000 0.000000 0.000000
questionmark-material	1.0 1.0    0.000000 0.000000 0.000000 0.000000 0.000000 0.000000
questionmark-material	1.0 1.0    0.000000 0.000000 0.000000 0.000000 0.000000 0.000000
questionmark-material	1.0 1.0    0.000000 0.000000 0.000000 0.000000 0.000000 0.000000
questionmark-material	1.0 1.0    0.000000 0.000000 0.000000 0.000000 0.000000 0.000000
questionmark-material	1.0 1.0    0.000000 0.000000 0.000000 0.000000 0.000000 0.000000
questionmark-material	1.0 1.0    0.000000 0.000000 0.000000 0.000000 0.000000 0.000000
questionmark-material	1.0 1.0    0.000000 0.000000 0.000000 0.000000 0.000000 0.000000
questionmark-material	1.0 1.0    0.000000 0.000000 0.000000 0.000000 0.000000 0.000000
questionmark-material	1.0 1.0    0.000000 0.000000 0.000000 0.000000 0.000000 0.000000
questionmark-material	1.0 1.0    0.000000 0.000000 0.000000 0.000000 0.000000 0.000000
questionmark-material	1.0 1.0    0.000000 0.000000 0.000000 0.000000 0.000000 0.000000
questionmark-material	1.0 1.0    0.000000 0.000000 0.000000 0.000000 0.000000 0.000000
questionmark-material	1.0 1.0    0.000000 0.000000 0.000000 0.000000 0.000000 0.000000
questionmark-material	1.0 1.0    0.000000 0.000000 0.000000 0.000000 0.000000 0.000000
questionmark-material	1.0 1.0    0.000000 0.000000 0.000000 0.000000 0.000000 0.000000
questionmark-material	1.0 1.0    0.000000 0.000000 0.000000 0.000000 0.000000 0.000000
questionmark-material	1.0 1.0    0.000000 0.000000 0.000000 0.000000 0.000000 0.000000
questionmark-material	1.0 1.0    0.000000 0.000000 0.000000 0.000000 0.000000 0.000000
questionmark-material	1.0 1.0    0.000000 0.000000 0.000000 0.000000 0.000000 0.000000
questionmark-material	1.0 1.0    0.000000 0.000000 0.000000 0.000000 0.000000 0.000000
questionmark-material	1.0 1.0    0.000000 0.000000 0.000000 0.000000 0.000000 0.000000
questionmark-material	1.0 1.0    0.000000 0.000000 0.000000 0.000000 0.000000 0.000000
questionmark-material	1.0 1.0    0.000000 0.000000 0.000000 0.000000 0.000000 0.000000
questionmark-material	1.0 1.0    0.000000 0.000000 0.000000 0.000000 0.000000 0.000000
questionmark-material	1.0 1.0    0.000000 0.000000 0.000000 0.000000 0.000000 0.000000
questionmark-material	1.0 1.0    0.000000 0.000000 0.000000 0.000000 0.000000 0.000000
questionmark-material	1.0 1.0    0.000000 0.000000 0.000000 0.000000 0.000000 0.000000
questionmark-material	1.0 1.0    0.000000 0.000000 0.000000 0.000000 0.000000 0.000000
questionmark-material	1.0 1.0    0.000000 0.000000 0.000000 0.000000 0.000000 0.000000
questionmark-material	1.0 1.0    0.000000 0.000000 0.000000 0.000000 0.000000 0.000000
questionmark-material	1.0 1.0    0.000000 0.000000 0.000000 0.000000 0.000000 0.000000
questionmark-material	1.0 1.0    0.000000 0.000000 0.000000 0.000000 0.000000 0.000000
questionmark-material	1.0 1.0    0.000000 0.000000 0.000000 0.000000 0.000000 0.000000
questionmark-material	1.0 1.0    0.000000 0.000000 0.000000 0.000000 0.000000 0.000000
questionmark-material	1.0 1.0    0.000000 0.000000 0.000000 0.000000 0.000000 0.000000
questionmark-material	1.0 1.0    0.000000 0.000000 0.000000 0.000000 0.000000 0.000000
questionmark-material	1.0 1.0    0.000000 0.000000 0.000000 0.000000 0.000000 0.000000
questionmark-material	1.0 1.0    0.000000 0.000000 0.000000 0.000000 0.000000 0.000000
questionmark-material	1.0 1.0    0.000000 0.000000 0.000000 0.000000 0.000000 0.000000
questionmark-material	1.0 1.0    0.000000 0.000000 0.000000 0.000000 0.000000 0.000000
questionmark-material	1.0 1.0    0.000000 0.000000 0.000000 0.000000 0.000000 0.000000
questionmark-material	1.0 1.0    0.000000 0.000000 0.000000 0.000000 0.000000 0.000000
questionmark-material	1.0 1.0    0.000000 0.000000 0.000000 0.000000 0.000000 0.000000
questionmark-material	1.0 1.0    0.000000 0.000000 0.000000 0.000000 0.000000 0.000000
questionmark-material	1.0 1.0    0.000000 0.000000 0.000000 0.000000 0.000000 0.000000
questionmark-material	1.0 1.0    0.000000 0.000000 0.000000 0.000000 0.000000 0.000000
questionmark-material	1.0 1.0    0.000000 0.000000 0.000000 0.000000 0.000000 0.000000
questionmark-material	1.0 1.0    0.000000 0.000000 0.000000 0.000000 0.000000 0.000000
questionmark-material	1.0 1.0    0.000000 0.000000 0.000000 0.000000 0.000000 0.000000
questionmark-material	1.0 1.0    0.000000 0.000000 0.000000 0.000000 0.000000 0.000000
questionmark-material	1.0 1.0    0.000000 0.000000 0.000000 0.000000 0.000000 0.000000
questionmark-material	1.0 1.0    0.000000 0.000000 0.000000 0.000000 0.000000 0.000000
questionmark-material	1.0 1.0    0.000000 0.000000 0.000000 0.000000 0.000000 0.000000
questionmark-material	1.0 1.0    0.000000 0.000000 0.000000 0.000000 0.000000 0.000000
questionmark-material	1.0 1.0    0.000000 0.000000 0.000000 0.000000 0.000000 0.000000
questionmark-material	1.0 1.0    0.000000 0.000000 0.000000 0.000000 0.000000 0.000000
questionmark-material	1.0 1.0    0.000000 0.000000 0.000000 0.000000 0.000000 0.000000
questionmark-material	1.0 1.0    0.000000 0.000000 0.000000 0.000000 0.000000 0.000000
questionmark-material	1.0 1.0    0.000000 0.000000 0.000000 0.000000 0.000000 0.000000
questionmark-material	1.0 1.0    0.000000 0.000000 0.000000 0.000000 0.000000 0.000000
questionmark-material	1.0 1.0    0.000000 0.000000 0.000000 0.000000 0.000000 0.000000
questionmark-material	1.0 1.0    0.000000 0.000000 0.000000 0.000000 0.000000 0.000000
questionmark-material	1.0 1.0    0.000000 0.000000 0.000000 0.000000 0.000000 0.000000
questionmark-material	1.0 1.0    0.000000 0.000000 0.000000 0.000000 0.000000 0.000000
questionmark-material	1.0 1.0    0.000000 0.000000 0.000000 0.000000 0.000000 0.000000
questionmark-material	1.0 1.0    0.000000 0.000000 0.000000 0.000000 0.000000 0.000000
questionmark-material	1.0 1.0    0.000000 0.000000 0.000000 0.000000 0.000000 0.000000
questionmark-material	1.0 1.0    0.000000 0.000000 0.000000 0.000000 0.000000 0.000000
questionmark-material	1.0 1.0    0.000000 0.000000 0.000000 0.000000 0.000000 0.000000
questionmark-material	1.0 1.0    0.000000 0.000000 0.000000 0.000000 0.000000 0.000000
questionmark-material	1.0 1.0    0.000000 0.000000 0.000000 0.000000 0.000000 0.000000
questionmark-material	1.0 1.0    0.000000 0.000000 0.000000 0.000000 0.000000 0.000000
questionmark-material	1.0 1.0    0.000000 0.000000 0.000000 0.000000 0.000000 0.000000
questionmark-material	1.0 1.0    0.000000 0.000000 0.000000 0.000000 0.000000 0.000000
questionmark-material	1.0 1.0    0.000000 0.000000 0.000000 0.000000 0.000000 0.000000
questionmark-material	1.0 1.0    0.000000 0.000000 0.000000 0.000000 0.000000 0.000000
questionmark-material	1.0 1.0    0.000000 0.000000 0.000000 0.000000 0.000000 0.000000
questionmark-material	1.0 1.0    0.000000 0.000000 0.000000 0.000000 0.000000 0.000000
questionmark-material	1.0 1.0    0.000000 0.000000 0.000000 0.000000 0.000000 0.000000
questionmark-material	1.0 1.0    0.000000 0.000000 0.000000 0.000000 0.000000 0.000000
questionmark-material	1.0 1.0    0.000000 0.000000 0.000000 0.000000 0.000000 0.000000
questionmark-material	1.0 1.0    0.000000 0.000000 0.000000 0.000000 0.000000 0.000000
questionmark-material	1.0 1.0    0.000000 0.000000 0.000000 0.000000 0.000000 0.000000
questionmark-material	1.0 1.0    0.000000 0.000000 0.000000 0.000000 0.000000 0.000000
questionmark-material	1.0 1.0    0.000000 0.000000 0.000000 0.000000 0.000000 0.000000
questionmark-material	1.0 1.0    0.000000 0.000000 0.000000 0.000000 0.000000 0.000000
questionmark-material	1.0 1.0    0.000000 0.000000 0.000000 0.000000 0.000000 0.000000
questionmark-material	1.0 1.0    0.000000 0.000000 0.000000 0.000000 0.000000 0.000000
questionmark-material	1.0 1.0    0.000000 0.000000 0.000000 0.000000 0.000000 0.000000
questionmark-material	1.0 1.0    0.000000 0.000000 0.000000 0.000000 0.000000 0.000000
questionmark-material	1.0 1.0    0.000000 0.000000 0.000000 0.000000 0.000000 0.000000
questionmark-material	1.0 1.0    0.000000 0.000000 0.000000 0.000000 0.000000 0.000000
questionmark-material	1.0 1.0    0.000000 0.000000 0.000000 0.000000 0.000000 0.000000
questionmark-material	1.0 1.0    0.000000 0.000000 0.000000 0.000000 0.000000 0.000000
questionmark-material	1.0 1.0    0.000000 0.000000 0.000000 0.000000 0.000000 0.000000
questionmark-material	1.0 1.0    0.000000 0.000000 0.000000 0.000000 0.000000 0.000000
questionmark-material	1.0 1.0    0.000000 0.000000 0.000000 0.000000 0.000000 0.000000
questionmark-material	1.0 1.0    0.000000 0.000000 0.000000 0.000000 0.000000 0.000000
questionmark-material	1.0 1.0    0.000000 0.000000 0.000000 0.000000 0.000000 0.000000
questionmark-material	1.0 1.0    0.000000 0.000000 0.000000 0.000000 0.000000 0.000000
questionmark-material	1.0 1.0    0.000000 0.000000 0.000000 0.000000 0.000000 0.000000
questionmark-material	1.0 1.0    0.000000 0.000000 0.000000 0.000000 0.000000 0.000000
questionmark-material	1.0 1.0    0.000000 0.000000 0.000000 0.000000 0.000000 0.000000
questionmark-material	1.0 1.0    0.000000 0.000000 0.000000 0.000000 0.000000 0.000000
questionmark-material	1.0 1.0    0.000000 0.000000 0.000000 0.000000 0.000000 0.000000
questionmark-material	1.0 1.0    0.000000 0.000000 0.000000 0.000000 0.000000 0.000000
questionmark-material	1.0 1.0    0.000000 0.000000 0.000000 0.000000 0.000000 0.000000
questionmark-material	1.0 1.0    0.000000 0.000000 0.000000 0.000000 0.000000 0.000000
questionmark-material	1.0 1.0    0.000000 0.000000 0.000000 0.000000 0.000000 0.000000
questionmark-material	1.0 1.0    0.000000 0.000000 0.000000 0.000000 0.000000 0.000000
questionmark-material	1.0 1.0    0.000000 0.000000 0.000000 0.000000 0.000000 0.000000
questionmark-material	1.0 1.0    0.000000 0.000000 0.000000 0.000000 0.000000 0.000000
questionmark-material	1.0 1.0    0.000000 0.000000 0.000000 0.000000 0.000000 0.000000
questionmark-material	1.0 1.0    0.000000 0.000000 0.000000 0.000000 0.000000 0.000000
questionmark-material	1.0 1.0    0.000000 0.000000 0.000000 0.000000 0.000000 0.000000
questionmark-material	1.0 1.0    0.000000 0.000000 0.000000 0.000000 0.000000 0.000000
questionmark-material	1.0 1.0    0.000000 0.000000 0.000000 0.000000 0.000000 0.000000
questionmark-material	1.0 1.0    0.000000 0.000000 0.000000 0.000000 0.000000 0.000000
questionmark-material	1.0 1.0    0.000000 0.000000 0.000000 0.000000 0.000000 0.000000
questionmark-material	1.0 1.0    0.000000 0.000000 0.000000 0.000000 0.000000 0.000000
questionmark-material	1.0 1.0    0.000000 0.000000 0.000000 0.000000 0.000000 0.000000
questionmark-material	1.0 1.0    0.000000 0.000000 0.000000 0.000000 0.000000 0.000000
questionmark-material	1.0 1.0    0.000000 0.000000 0.000000 0.000000 0.000000 0.000000
questionmark-material	1.0 1.0    0.000000 0.000000 0.000000 0.000000 0.000000 0.000000
questionmark-material	1.0 1.0    0.000000 0.000000 0.000000 0.000000 0.000000 0.000000
questionmark-material	1.0 1.0    0.000000 0.000000 0.000000 0.000000 0.000000 0.000000
questionmark-material	1.0 1.0    0.000000 0.000000 0.000000 0.000000 0.000000 0.000000
questionmark-material	1.0 1.0    0.000000 0.000000 0.000000 0.000000 0.000000 0.000000
questionmark-material	1.0 1.0    0.000000 0.000000 0.000000 0.000000 0.000000 0.000000
questionmark-material	1.0 1.0    0.000000 0.000000 0.000000 0.000000 0.000000 0.000000
questionmark-material	1.0 1.0    0.000000 0.000000 0.000000 0.000000 0.000000 0.000000
questionmark-material	1.0 1.0    0.000000 0.000000 0.000000 0.000000 0.000000 0.000000
questionmark-material	1.0 1.0    0.000000 0.000000 0.000000 0.000000 0.000000 0.000000
questionmark-material	1.0 1.0    0.000000 0.000000 0.000000 0.000000 0.000000 0.000000
questionmark-material	1.0 1.0    0.000000 0.000000 0.000000 0.000000 0.000000 0.000000
questionmark-material	1.0 1.0    0.000000 0.000000 0.000000 0.000000 0.000000 0.000000
questionmark-material	1.0 1.0    0.000000 0.000000 0.000000 0.000000 0.000000 0.000000
questionmark-material	1.0 1.0    0.000000 0.000000 0.000000 0.000000 0.000000 0.000000
questionmark-material	1.0 1.0    0.000000 0.000000 0.000000 0.000000 0.000000 0.000000
questionmark-material	1.0 1.0    0.000000 0.000000 0.000000 0.000000 0.000000 0.000000
questionmark-material	1.0 1.0    0.000000 0.000000 0.000000 0.000000 0.000000 0.000000
questionmark-material	1.0 1.0    0.000000 0.000000 0.000000 0.000000 0.000000 0.000000
questionmark-material	1.0 1.0    0.000000 0.000000 0.000000 0.000000 0.000000 0.000000
questionmark-material	1.0 1.0    0.000000 0.000000 0.000000 0.000000 0.000000 0.000000
questionmark-material	1.0 1.0    0.000000 0.000000 0.000000 0.000000 0.000000 0.000000
questionmark-material	1.0 1.0    0.000000 0.000000 0.000000 0.000000 0.000000 0.000000
questionmark-material	1.0 1.0    0.000000 0.000000 0.000000 0.000000 0.000000 0.000000
questionmark-material	1.0 1.0    0.000000 0.000000 0.000000 0.000000 0.000000 0.000000
questionmark-material	1.0 1.0    0.000000 0.000000 0.000000 0.000000 0.000000 0.000000
questionmark-material	1.0 1.0    0.000000 0.000000 0.000000 0.000000 0.000000 0.000000
questionmark-material	1.0 1.0    0.000000 0.000000 0.000000 0.000000 0.000000 0.000000
questionmark-material	1.0 1.0    0.000000 0.000000 0.000000 0.000000 0.000000 0.000000
questionmark-material	1.0 1.0    0.000000 0.000000 0.000000 0.000000 0.000000 0.000000
questionmark-material	1.0 1.0    0.000000 0.000000 0.000000 0.000000 0.000000 0.000000
questionmark-material	1.0 1.0    0.000000 0.000000 0.000000 0.000000 0.000000 0.000000
questionmark-material	1.0 1.0    0.000000 0.000000 0.000000 0.000000 0.000000 0.000000
questionmark-material	1.0 1.0    0.000000 0.000000 0.000000 0.000000 0.000000 0.000000
questionmark-material	1.0 1.0    0.000000 0.000000 0.000000 0.000000 0.000000 0.000000
questionmark-material	1.0 1.0    0.000000 0.000000 0.000000 0.000000 0.000000 0.000000
questionmark-material	1.0 1.0    0.000000 0.000000 0.000000 0.000000 0.000000 0.000000
questionmark-material	1.0 1.0    0.000000 0.000000 0.000000 0.000000 0.000000 0.000000
questionmark-material	1.0 1.0    0.000000 0.000000 0.000000 0.000000 0.000000 0.000000
questionmark-material	1.0 1.0    0.000000 0.000000 0.000000 0.000000 0.000000 0.000000
questionmark-material	1.0 1.0    0.000000 0.000000 0.000000 0.000000 0.000000 0.000000
questionmark-material	1.0 1.0    0.000000 0.000000 0.000000 0.000000 0.000000 0.000000
questionmark-material	1.0 1.0    0.000000 0.000000 0.000000 0.000000 0.000000 0.000000
questionmark-material	1.0 1.0    0.000000 0.000000 0.000000 0.000000 0.000000 0.000000
questionmark-material	1.0 1.0    0.000000 0.000000 0.000000 0.000000 0.000000 0.000000
questionmark-material	1.0 1.0    0.000000 0.000000 0.000000 0.000000 0.000000 0.000000
questionmark-material	1.0 1.0    0.000000 0.000000 0.000000 0.000000 0.000000 0.000000
questionmark-material	1.0 1.0    0.000000 0.000000 0.000000 0.000000 0.000000 0.000000
questionmark-material	1.0 1.0    0.000000 0.000000 0.000000 0.000000 0.000000 0.000000
questionmark-material	1.0 1.0    0.000000 0.000000 0.000000 0.000000 0.000000 0.000000
questionmark-material	1.0 1.0    0.000000 0.000000 0.000000 0.000000 0.000000 0.000000
questionmark-material	1.0 1.0    0.000000 0.000000 0.000000 0.000000 0.000000 0.000000
questionmark-material	1.0 1.0    0.000000 0.000000 0.000000 0.000000 0.000000 0.000000
questionmark-material	1.0 1.0    0.000000 0.000000 0.000000 0.000000 0.000000 0.000000
questionmark-material	1.0 1.0    0.000000 0.000000 0.000000 0.000000 0.000000 0.000000
questionmark-material	1.0 1.0    0.000000 0.000000 0.000000 0.000000 0.000000 0.000000
questionmark-material	1.0 1.0    0.000000 0.000000 0.000000 0.000000 0.000000 0.000000
questionmark-material	1.0 1.0    0.000000 0.000000 0.000000 0.000000 0.000000 0.000000
questionmark-material	1.0 1.0    0.000000 0.000000 0.000000 0.000000 0.000000 0.000000
questionmark-material	1.0 1.0    0.000000 0.000000 0.000000 0.000000 0.000000 0.000000
questionmark-material	1.0 1.0    0.000000 0.000000 0.000000 0.000000 0.000000 0.000000
questionmark-material	1.0 1.0    0.000000 0.000000 0.000000 0.000000 0.000000 0.000000
questionmark-material	1.0 1.0    0.000000 0.000000 0.000000 0.000000 0.000000 0.000000
questionmark-material	1.0 1.0    0.000000 0.000000 0.000000 0.000000 0.000000 0.000000
questionmark-material	1.0 1.0    0.000000 0.000000 0.000000 0.000000 0.000000 0.000000
questionmark-material	1.0 1.0    0.000000 0.000000 0.000000 0.000000 0.000000 0.000000
questionmark-material	1.0 1.0    0.000000 0.000000 0.000000 0.000000 0.000000 0.000000
questionmark-material	1.0 1.0    0.000000 0.000000 0.000000 0.000000 0.000000 0.000000
questionmark-material	1.0 1.0    0.000000 0.000000 0.000000 0.000000 0.000000 0.000000
questionmark-material	1.0 1.0    0.000000 0.000000 0.000000 0.000000 0.000000 0.000000
questionmark-material	1.0 1.0    0.000000 0.000000 0.000000 0.000000 0.000000 0.000000
questionmark-material	1.0 1.0    0.000000 0.000000 0.000000 0.000000 0.000000 0.000000
questionmark-material	1.0 1.0    0.000000 0.000000 0.000000 0.000000 0.000000 0.000000
questionmark-material	1.0 1.0    0.000000 0.000000 0.000000 0.000000 0.000000 0.000000
questionmark-material	1.0 1.0    0.000000 0.000000 0.000000 0.000000 0.000000 0.000000
questionmark-material	1.0 1.0    0.000000 0.000000 0.000000 0.000000 0.000000 0.000000
questionmark-material	1.0 1.0    0.000000 0.000000 0.000000 0.000000 0.000000 0.000000
questionmark-material	1.0 1.0    0.000000 0.000000 0.000000 0.000000 0.000000 0.000000
questionmark-material	1.0 1.0    0.000000 0.000000 0.000000 0.000000 0.000000 0.000000
questionmark-material	1.0 1.0    0.000000 0.000000 0.000000 0.000000 0.000000 0.000000
questionmark-material	1.0 1.0    0.000000 0.000000 0.000000 0.000000 0.000000 0.000000
questionmark-material	1.0 1.0    0.000000 0.000000 0.000000 0.000000 0.000000 0.000000
questionmark-material	1.0 1.0    0.000000 0.000000 0.000000 0.000000 0.000000 0.000000
questionmark-material	1.0 1.0    0.000000 0.000000 0.000000 0.000000 0.000000 0.000000
questionmark-material	1.0 1.0    0.000000 0.000000 0.000000 0.000000 0.000000 0.000000
questionmark-material	1.0 1.0    0.000000 0.000000 0.000000 0.000000 0.000000 0.000000
questionmark-material	1.0 1.0    0.000000 0.000000 0.000000 0.000000 0.000000 0.000000
questionmark-material	1.0 1.0    0.000000 0.000000 0.000000 0.000000 0.000000 0.000000
questionmark-material	1.0 1.0    0.000000 0.000000 0.000000 0.000000 0.000000 0.000000
questionmark-material	1.0 1.0    0.000000 0.000000 0.000000 0.000000 0.000000 0.000000
questionmark-material	1.0 1.0    0.000000 0.000000 0.000000 0.000000 0.000000 0.000000
questionmark-material	1.0 1.0    0.000000 0.000000 0.000000 0.000000 0.000000 0.000000
questionmark-material	1.0 1.0    0.000000 0.000000 0.000000 0.000000 0.000000 0.000000
questionmark-material	1.0 1.0    0.000000 0.000000 0.000000 0.000000 0.000000 0.000000
questionmark-material	1.0 1.0    0.000000 0.000000 0.000000 0.000000 0.000000 0.000000
questionmark-material	1.0 1.0    0.000000 0.000000 0.000000 0.000000 0.000000 0.000000
questionmark-material	1.0 1.0    0.000000 0.000000 0.000000 0.000000 0.000000 0.000000
questionmark-material	1.0 1.0    0.000000 0.000000 0.000000 0.000000 0.000000 0.000000
questionmark-material	1.0 1.0    0.000000 0.000000 0.000000 0.000000 0.000000 0.000000
questionmark-material	1.0 1.0    0.000000 0.000000 0.000000 0.000000 0.000000 0.000000
questionmark-material	1.0 1.0    0.000000 0.000000 0.000000 0.000000 0.000000 0.000000
questionmark-material	1.0 1.0    0.000000 0.000000 0.000000 0.000000 0.000000 0.000000
questionmark-material	1.0 1.0    0.000000 0.000000 0.000000 0.000000 0.000000 0.000000
questionmark-material	1.0 1.0    0.000000 0.000000 0.000000 0.000000 0.000000 0.000000
questionmark-material	1.0 1.0    0.000000 0.000000 0.000000 0.000000 0.000000 0.000000
questionmark-material	1.0 1.0    0.000000 0.000000 0.000000 0.000000 0.000000 0.000000
questionmark-material	1.0 1.0    0.000000 0.000000 0.000000 0.000000 0.000000 0.000000
questionmark-material	1.0 1.0    0.000000 0.000000 0.000000 0.000000 0.000000 0.000000
questionmark-material	1.0 1.0    0.000000 0.000000 0.000000 0.000000 0.000000 0.000000
questionmark-material	1.0 1.0    0.000000 0.000000 0.000000 0.000000 0.000000 0.000000
questionmark-material	1.0 1.0    0.000000 0.000000 0.000000 0.000000 0.000000 0.000000
questionmark-material	1.0 1.0    0.000000 0.000000 0.000000 0.000000 0.000000 0.000000
questionmark-material	1.0 1.0    0.000000 0.000000 0.000000 0.000000 0.000000 0.000000
questionmark-material	1.0 1.0    0.000000 0.000000 0.000000 0.000000 0.000000 0.000000
questionmark-material	1.0 1.0    0.000000 0.000000 0.000000 0.000000 0.000000 0.000000
questionmark-material	1.0 1.0    0.000000 0.000000 0.000000 0.000000 0.000000 0.000000
questionmark-material	1.0 1.0    0.000000 0.000000 0.000000 0.000000 0.000000 0.000000
questionmark-material	1.0 1.0    0.000000 0.000000 0.000000 0.000000 0.000000 0.000000
questionmark-material	1.0 1.0    0.000000 0.000000 0.000000 0.000000 0.000000 0.000000
questionmark-material	1.0 1.0    0.000000 0.000000 0.000000 0.000000 0.000000 0.000000
questionmark-material	1.0 1.0    0.000000 0.000000 0.000000 0.000000 0.000000 0.000000
questionmark-material	1.0 1.0    0.000000 0.000000 0.000000 0.000000 0.000000 0.000000
questionmark-material	1.0 1.0    0.000000 0.000000 0.000000 0.000000 0.000000 0.000000
questionmark-material	1.0 1.0    0.000000 0.000000 0.000000 0.000000 0.000000 0.000000
questionmark-material	1.0 1.0    0.000000 0.000000 0.000000 0.000000 0.000000 0.000000
questionmark-material	1.0 1.0    0.000000 0.000000 0.000000 0.000000 0.000000 0.000000
questionmark-material	1.0 1.0    0.000000 0.000000 0.000000 0.000000 0.000000 0.000000
questionmark-material	1.0 1.0    0.000000 0.000000 0.000000 0.000000 0.000000 0.000000
questionmark-material	1.0 1.0    0.000000 0.000000 0.000000 0.000000 0.000000 0.000000
questionmark-material	1.0 1.0    0.000000 0.000000 0.000000 0.000000 0.000000 0.000000
questionmark-material	1.0 1.0    0.000000 0.000000 0.000000 0.000000 0.000000 0.000000
questionmark-material	1.0 1.0    0.000000 0.000000 0.000000 0.000000 0.000000 0.000000
questionmark-material	1.0 1.0    0.000000 0.000000 0.000000 0.000000 0.000000 0.000000
questionmark-material	1.0 1.0    0.000000 0.000000 0.000000 0.000000 0.000000 0.000000
questionmark-material	1.0 1.0    0.000000 0.000000 0.000000 0.000000 0.000000 0.000000
questionmark-material	1.0 1.0    0.000000 0.000000 0.000000 0.000000 0.000000 0.000000
questionmark-material	1.0 1.0    0.000000 0.000000 0.000000 0.000000 0.000000 0.000000
questionmark-material	1.0 1.0    0.000000 0.000000 0.000000 0.000000 0.000000 0.000000
questionmark-material	1.0 1.0    0.000000 0.000000 0.000000 0.000000 0.000000 0.000000
questionmark-material	1.0 1.0    0.000000 0.000000 0.000000 0.000000 0.000000 0.000000
questionmark-material	1.0 1.0    0.000000 0.000000 0.000000 0.000000 0.000000 0.000000
questionmark-material	1.0 1.0    0.000000 0.000000 0.000000 0.000000 0.000000 0.000000
questionmark-material	1.0 1.0    0.000000 0.000000 0.000000 0.000000 0.000000 0.000000
questionmark-material	1.0 1.0    0.000000 0.000000 0.000000 0.000000 0.000000 0.000000
questionmark-material	1.0 1.0    0.000000 0.000000 0.000000 0.000000 0.000000 0.000000
questionmark-material	1.0 1.0    0.000000 0.000000 0.000000 0.000000 0.000000 0.000000
questionmark-material	1.0 1.0    0.000000 0.000000 0.000000 0.000000 0.000000 0.000000
questionmark-material	1.0 1.0    0.000000 0.000000 0.000000 0.000000 0.000000 0.000000
questionmark-material	1.0 1.0    0.000000 0.000000 0.000000 0.000000 0.000000 0.000000
questionmark-material	1.0 1.0    0.000000 0.000000 0.000000 0.000000 0.000000 0.000000
questionmark-material	1.0 1.0    0.000000 0.000000 0.000000 0.000000 0.000000 0.000000
questionmark-material	1.0 1.0    0.000000 0.000000 0.000000 0.000000 0.000000 0.000000
questionmark-material	1.0 1.0    0.000000 0.000000 0.000000 0.000000 0.000000 0.000000
questionmark-material	1.0 1.0    0.000000 0.000000 0.000000 0.000000 0.000000 0.000000
questionmark-material	1.0 1.0    0.000000 0.000000 0.000000 0.000000 0.000000 0.000000
questionmark-material	1.0 1.0    0.000000 0.000000 0.000000 0.000000 0.000000 0.000000
questionmark-material	1.0 1.0    0.000000 0.000000 0.000000 0.000000 0.000000 0.000000
questionmark-material	1.0 1.0    0.000000 0.000000 0.000000 0.000000 0.000000 0.000000
questionmark-material	1.0 1.0    0.000000 0.000000 0.000000 0.000000 0.000000 0.000000
questionmark-material	1.0 1.0    0.000000 0.000000 0.000000 0.000000 0.000000 0.000000
questionmark-material	1.0 1.0    0.000000 0.000000 0.000000 0.000000 0.000000 0.000000
questionmark-material	1.0 1.0    0.000000 0.000000 0.000000 0.000000 0.000000 0.000000
questionmark-material	1.0 1.0    0.000000 0.000000 0.000000 0.000000 0.000000 0.000000
questionmark-material	1.0 1.0    0.000000 0.000000 0.000000 0.000000 0.000000 0.000000
questionmark-material	1.0 1.0    0.000000 0.000000 0.000000 0.000000 0.000000 0.000000
questionmark-material	1.0 1.0    0.000000 0.000000 0.000000 0.000000 0.000000 0.000000
questionmark-material	1.0 1.0    0.000000 0.000000 0.000000 0.000000 0.000000 0.000000
questionmark-material	1.0 1.0    0.000000 0.000000 0.000000 0.000000 0.000000 0.000000
questionmark-material	1.0 1.0    0.000000 0.000000 0.000000 0.000000 0.000000 0.000000
questionmark-material	1.0 1.0    0.000000 0.000000 0.000000 0.000000 0.000000 0.000000
questionmark-material	1.0 1.0    0.000000 0.000000 0.000000 0.000000 0.000000 0.000000
questionmark-material	1.0 1.0    0.000000 0.000000 0.000000 0.000000 0.000000 0.000000
questionmark-material	1.0 1.0    0.000000 0.000000 0.000000 0.000000 0.000000 0.000000
questionmark-material	1.0 1.0    0.000000 0.000000 0.000000 0.000000 0.000000 0.000000
questionmark-material	1.0 1.0    0.000000 0.000000 0.000000 0.000000 0.000000 0.000000
questionmark-material	1.0 1.0    0.000000 0.000000 0.000000 0.000000 0.000000 0.000000
questionmark-material	1.0 1.0    0.000000 0.000000 0.000000 0.000000 0.000000 0.000000
questionmark-material	1.0 1.0    0.000000 0.000000 0.000000 0.000000 0.000000 0.000000
questionmark-material	1.0 1.0    0.000000 0.000000 0.000000 0.000000 0.000000 0.000000
questionmark-material	1.0 1.0    0.000000 0.000000 0.000000 0.000000 0.000000 0.000000
questionmark-material	1.0 1.0    0.000000 0.000000 0.000000 0.000000 0.000000 0.000000
questionmark-material	1.0 1.0    0.000000 0.000000 0.000000 0.000000 0.000000 0.000000
questionmark-material	1.0 1.0    0.000000 0.000000 0.000000 0.000000 0.000000 0.000000
questionmark-material	1.0 1.0    0.000000 0.000000 0.000000 0.000000 0.000000 0.000000
questionmark-material	1.0 1.0    0.000000 0.000000 0.000000 0.000000 0.000000 0.000000
questionmark-material	1.0 1.0    0.000000 0.000000 0.000000 0.000000 0.000000 0.000000
questionmark-material	1.0 1.0    0.000000 0.000000 0.000000 0.000000 0.000000 0.000000
questionmark-material	1.0 1.0    0.000000 0.000000 0.000000 0.000000 0.000000 0.000000
questionmark-material	1.0 1.0    0.000000 0.000000 0.000000 0.000000 0.000000 0.000000
questionmark-material	1.0 1.0    0.000000 0.000000 0.000000 0.000000 0.000000 0.000000
questionmark-material	1.0 1.0    0.000000 0.000000 0.000000 0.000000 0.000000 0.000000
questionmark-material	1.0 1.0    0.000000 0.000000 0.000000 0.000000 0.000000 0.000000
questionmark-material	1.0 1.0    0.000000 0.000000 0.000000 0.000000 0.000000 0.000000
questionmark-material	1.0 1.0    0.000000 0.000000 0.000000 0.000000 0.000000 0.000000
questionmark-material	1.0 1.0    0.000000 0.000000 0.000000 0.000000 0.000000 0.000000
questionmark-material	1.0 1.0    0.000000 0.000000 0.000000 0.000000 0.000000 0.000000
questionmark-material	1.0 1.0    0.000000 0.000000 0.000000 0.000000 0.000000 0.000000
questionmark-material	1.0 1.0    0.000000 0.000000 0.000000 0.000000 0.000000 0.000000
questionmark-material	1.0 1.0    0.000000 0.000000 0.000000 0.000000 0.000000 0.000000
questionmark-material	1.0 1.0    0.000000 0.000000 0.000000 0.000000 0.000000 0.000000
questionmark-material	1.0 1.0    0.000000 0.000000 0.000000 0.000000 0.000000 0.000000
questionmark-material	1.0 1.0    0.000000 0.000000 0.000000 0.000000 0.000000 0.000000
questionmark-material	1.0 1.0    0.000000 0.000000 0.000000 0.000000 0.000000 0.000000
questionmark-material	1.0 1.0    0.000000 0.000000 0.000000 0.000000 0.000000 0.000000
questionmark-material	1.0 1.0    0.000000 0.000000 0.000000 0.000000 0.000000 0.000000
questionmark-material	1.0 1.0    0.000000 0.000000 0.000000 0.000000 0.000000 0.000000
questionmark-material	1.0 1.0    0.000000 0.000000 0.000000 0.000000 0.000000 0.000000
questionmark-material	1.0 1.0    0.000000 0.000000 0.000000 0.000000 0.000000 0.000000
questionmark-material	1.0 1.0    0.000000 0.000000 0.000000 0.000000 0.000000 0.000000
questionmark-material	1.0 1.0    0.000000 0.000000 0.000000 0.000000 0.000000 0.000000
questionmark-material	1.0 1.0    0.000000 0.000000 0.000000 0.000000 0.000000 0.000000
questionmark-material	1.0 1.0    0.000000 0.000000 0.000000 0.000000 0.000000 0.000000
questionmark-material	1.0 1.0    0.000000 0.000000 0.000000 0.000000 0.000000 0.000000
questionmark-material	1.0 1.0    0.000000 0.000000 0.000000 0.000000 0.000000 0.000000
questionmark-material	1.0 1.0    0.000000 0.000000 0.000000 0.000000 0.000000 0.000000
questionmark-material	1.0 1.0    0.000000 0.000000 0.000000 0.000000 0.000000 0.000000
questionmark-material	1.0 1.0    0.000000 0.000000 0.000000 0.000000 0.000000 0.000000
questionmark-material	1.0 1.0    0.000000 0.000000 0.000000 0.000000 0.000000 0.000000
questionmark-material	1.0 1.0    0.000000 0.000000 0.000000 0.000000 0.000000 0.000000
questionmark-material	1.0 1.0    0.000000 0.000000 0.000000 0.000000 0.000000 0.000000
questionmark-material	1.0 1.0    0.000000 0.000000 0.000000 0.000000 0.000000 0.000000
questionmark-material	1.0 1.0    0.000000 0.000000 0.000000 0.000000 0.000000 0.000000
questionmark-material	1.0 1.0    0.000000 0.000000 0.000000 0.000000 0.000000 0.000000
questionmark-material	1.0 1.0    0.000000 0.000000 0.000000 0.000000 0.000000 0.000000
questionmark-material	1.0 1.0    0.000000 0.000000 0.000000 0.000000 0.000000 0.000000
questionmark-material	1.0 1.0    0.000000 0.000000 0.000000 0.000000 0.000000 0.000000
questionmark-material	1.0 1.0    0.000000 0.000000 0.000000 0.000000 0.000000 0.000000
questionmark-material	1.0 1.0    0.000000 0.000000 0.000000 0.000000 0.000000 0.000000
questionmark-material	1.0 1.0    0.000000 0.000000 0.000000 0.000000 0.000000 0.000000
questionmark-material	1.0 1.0    0.000000 0.000000 0.000000 0.000000 0.000000 0.000000
questionmark-material	1.0 1.0    0.000000 0.000000 0.000000 0.000000 0.000000 0.000000
questionmark-material	1.0 1.0    0.000000 0.000000 0.000000 0.000000 0.000000 0.000000
questionmark-material	1.0 1.0    0.000000 0.000000 0.000000 0.000000 0.000000 0.000000
questionmark-material	1.0 1.0    0.000000 0.000000 0.000000 0.000000 0.000000 0.000000
questionmark-material	1.0 1.0    0.000000 0.000000 0.000000 0.000000 0.000000 0.000000
questionmark-material	1.0 1.0    0.000000 0.000000 0.000000 0.000000 0.000000 0.000000
questionmark-material	1.0 1.0    0.000000 0.000000 0.000000 0.000000 0.000000 0.000000
questionmark-material	1.0 1.0    0.000000 0.000000 0.000000 0.000000 0.000000 0.000000
questionmark-material	1.0 1.0    0.000000 0.000000 0.000000 0.000000 0.000000 0.000000
questionmark-material	1.0 1.0    0.000000 0.000000 0.000000 0.000000 0.000000 0.000000
questionmark-material	1.0 1.0    0.000000 0.000000 0.000000 0.000000 0.000000 0.000000
questionmark-material	1.0 1.0    0.000000 0.000000 0.000000 0.000000 0.000000 0.000000
questionmark-material	1.0 1.0    0.000000 0.000000 0.000000 0.000000 0.000000 0.000000
questionmark-material	1.0 1.0    0.000000 0.000000 0.000000 0.000000 0.000000 0.000000
questionmark-material	1.0 1.0    0.000000 0.000000 0.000000 0.000000 0.000000 0.000000
questionmark-material	1.0 1.0    0.000000 0.000000 0.000000 0.000000 0.000000 0.000000
questionmark-material	1.0 1.0    0.000000 0.000000 0.000000 0.000000 0.000000 0.000000
questionmark-material	1.0 1.0    0.000000 0.000000 0.000000 0.000000 0.000000 0.000000
questionmark-material	1.0 1.0    0.000000 0.000000 0.000000 0.000000 0.000000 0.000000
questionmark-material	1.0 1.0    0.000000 0.000000 0.000000 0.000000 0.000000 0.000000
questionmark-material	1.0 1.0    0.000000 0.000000 0.000000 0.000000 0.000000 0.000000
questionmark-material	1.0 1.0    0.000000 0.000000 0.000000 0.000000 0.000000 0.000000
questionmark-material	1.0 1.0    0.000000 0.000000 0.000000 0.000000 0.000000 0.000000
questionmark-material	1.0 1.0    0.000000 0.000000 0.000000 0.000000 0.000000 0.000000
questionmark-material	1.0 1.0    0.000000 0.000000 0.000000 0.000000 0.000000 0.000000
questionmark-material	1.0 1.0    0.000000 0.000000 0.000000 0.000000 0.000000 0.000000
questionmark-material	1.0 1.0    0.000000 0.000000 0.000000 0.000000 0.000000 0.000000
questionmark-material	1.0 1.0    0.000000 0.000000 0.000000 0.000000 0.000000 0.000000
questionmark-material	1.0 1.0    0.000000 0.000000 0.000000 0.000000 0.000000 0.000000
questionmark-material	1.0 1.0    0.000000 0.000000 0.000000 0.000000 0.000000 0.000000
questionmark-material	1.0 1.0    0.000000 0.000000 0.000000 0.000000 0.000000 0.000000
questionmark-material	1.0 1.0    0.000000 0.000000 0.000000 0.000000 0.000000 0.000000
questionmark-material	1.0 1.0    0.000000 0.000000 0.000000 0.000000 0.000000 0.000000
questionmark-material	1.0 1.0    0.000000 0.000000 0.000000 0.000000 0.000000 0.000000
questionmark-material	1.0 1.0    0.000000 0.000000 0.000000 0.000000 0.000000 0.000000
questionmark-material	1.0 1.0    0.000000 0.000000 0.000000 0.000000 0.000000 0.000000
questionmark-material	1.0 1.0    0.000000 0.000000 0.000000 0.000000 0.000000 0.000000
questionmark-material	1.0 1.0    0.000000 0.000000 0.000000 0.000000 0.000000 0.000000
questionmark-material	1.0 1.0    0.000000 0.000000 0.000000 0.000000 0.000000 0.000000
questionmark-material	1.0 1.0    0.000000 0.000000 0.000000 0.000000 0.000000 0.000000
questionmark-material	1.0 1.0    0.000000 0.000000 0.000000 0.000000 0.000000 0.000000
questionmark-material	1.0 1.0    0.000000 0.000000 0.000000 0.000000 0.000000 0.000000
questionmark-material	1.0 1.0    0.000000 0.000000 0.000000 0.000000 0.000000 0.000000
questionmark-material	1.0 1.0    0.000000 0.000000 0.000000 0.000000 0.000000 0.000000
questionmark-material	1.0 1.0    0.000000 0.000000 0.000000 0.000000 0.000000 0.000000
questionmark-material	1.0 1.0    0.000000 0.000000 0.000000 0.000000 0.000000 0.000000
questionmark-material	1.0 1.0    0.000000 0.000000 0.000000 0.000000 0.000000 0.000000
questionmark-material	1.0 1.0    0.000000 0.000000 0.000000 0.000000 0.000000 0.000000
questionmark-material	1.0 1.0    0.000000 0.000000 0.000000 0.000000 0.000000 0.000000
questionmark-material	1.0 1.0    0.000000 0.000000 0.000000 0.000000 0.000000 0.000000
questionmark-material	1.0 1.0    0.000000 0.000000 0.000000 0.000000 0.000000 0.000000
questionmark-material	1.0 1.0    0.000000 0.000000 0.000000 0.000000 0.000000 0.000000
questionmark-material	1.0 1.0    0.000000 0.000000 0.000000 0.000000 0.000000 0.000000
questionmark-material	1.0 1.0    0.000000 0.000000 0.000000 0.000000 0.000000 0.000000
questionmark-material	1.0 1.0    0.000000 0.000000 0.000000 0.000000 0.000000 0.000000
questionmark-material	1.0 1.0    0.000000 0.000000 0.000000 0.000000 0.000000 0.000000
questionmark-material	1.0 1.0    0.000000 0.000000 0.000000 0.000000 0.000000 0.000000
questionmark-material	1.0 1.0    0.000000 0.000000 0.000000 0.000000 0.000000 0.000000
questionmark-material	1.0 1.0    0.000000 0.000000 0.000000 0.000000 0.000000 0.000000
questionmark-material	1.0 1.0    0.000000 0.000000 0.000000 0.000000 0.000000 0.000000
questionmark-material	1.0 1.0    0.000000 0.000000 0.000000 0.000000 0.000000 0.000000
questionmark-material	1.0 1.0    0.000000 0.000000 0.000000 0.000000 0.000000 0.000000
questionmark-material	1.0 1.0    0.000000 0.000000 0.000000 0.000000 0.000000 0.000000
questionmark-material	1.0 1.0    0.000000 0.000000 0.000000 0.000000 0.000000 0.000000
questionmark-material	1.0 1.0    0.000000 0.000000 0.000000 0.000000 0.000000 0.000000
questionmark-material	1.0 1.0    0.000000 0.000000 0.000000 0.000000 0.000000 0.000000
questionmark-material	1.0 1.0    0.000000 0.000000 0.000000 0.000000 0.000000 0.000000
questionmark-material	1.0 1.0    0.000000 0.000000 0.000000 0.000000 0.000000 0.000000
questionmark-material	1.0 1.0    0.000000 0.000000 0.000000 0.000000 0.000000 0.000000
questionmark-material	1.0 1.0    0.000000 0.000000 0.000000 0.000000 0.000000 0.000000
questionmark-material	1.0 1.0    0.000000 0.000000 0.000000 0.000000 0.000000 0.000000
questionmark-material	1.0 1.0    0.000000 0.000000 0.000000 0.000000 0.000000 0.000000
questionmark-material	1.0 1.0    0.000000 0.000000 0.000000 0.000000 0.000000 0.000000
questionmark-material	1.0 1.0    0.000000 0.000000 0.000000 0.000000 0.000000 0.000000
questionmark-material	1.0 1.0    0.000000 0.000000 0.000000 0.000000 0.000000 0.000000
questionmark-material	1.0 1.0    0.000000 0.000000 0.000000 0.000000 0.000000 0.000000
questionmark-material	1.0 1.0    0.000000 0.000000 0.000000 0.000000 0.000000 0.000000
questionmark-material	1.0 1.0    0.000000 0.000000 0.000000 0.000000 0.000000 0.000000
questionmark-material	1.0 1.0    0.000000 0.000000 0.000000 0.000000 0.000000 0.000000
questionmark-material	1.0 1.0    0.000000 0.000000 0.000000 0.000000 0.000000 0.000000
questionmark-material	1.0 1.0    0.000000 0.000000 0.000000 0.000000 0.000000 0.000000
questionmark-material	1.0 1.0    0.000000 0.000000 0.000000 0.000000 0.000000 0.000000
questionmark-material	1.0 1.0    0.000000 0.000000 0.000000 0.000000 0.000000 0.000000
questionmark-material	1.0 1.0    0.000000 0.000000 0.000000 0.000000 0.000000 0.000000
questionmark-material	1.0 1.0    0.000000 0.000000 0.000000 0.000000 0.000000 0.000000
questionmark-material	1.0 1.0    0.000000 0.000000 0.000000 0.000000 0.000000 0.000000
questionmark-material	1.0 1.0    0.000000 0.000000 0.000000 0.000000 0.000000 0.000000
questionmark-material	1.0 1.0    0.000000 0.000000 0.000000 0.000000 0.000000 0.000000
questionmark-material	1.0 1.0    0.000000 0.000000 0.000000 0.000000 0.000000 0.000000
questionmark-material	1.0 1.0    0.000000 0.000000 0.000000 0.000000 0.000000 0.000000
questionmark-material	1.0 1.0    0.000000 0.000000 0.000000 0.000000 0.000000 0.000000
questionmark-material	1.0 1.0    0.000000 0.000000 0.000000 0.000000 0.000000 0.000000
questionmark-material	1.0 1.0    0.000000 0.000000 0.000000 0.000000 0.000000 0.000000
questionmark-material	1.0 1.0    0.000000 0.000000 0.000000 0.000000 0.000000 0.000000
questionmark-material	1.0 1.0    0.000000 0.000000 0.000000 0.000000 0.000000 0.000000
questionmark-material	1.0 1.0    0.000000 0.000000 0.000000 0.000000 0.000000 0.000000
questionmark-material	1.0 1.0    0.000000 0.000000 0.000000 0.000000 0.000000 0.000000
questionmark-material	1.0 1.0    0.000000 0.000000 0.000000 0.000000 0.000000 0.000000
questionmark-material	1.0 1.0    0.000000 0.000000 0.000000 0.000000 0.000000 0.000000
questionmark-material	1.0 1.0    0.000000 0.000000 0.000000 0.000000 0.000000 0.000000
questionmark-material	1.0 1.0    0.000000 0.000000 0.000000 0.000000 0.000000 0.000000
questionmark-material	1.0 1.0    0.000000 0.000000 0.000000 0.000000 0.000000 0.000000
questionmark-material	1.0 1.0    0.000000 0.000000 0.000000 0.000000 0.000000 0.000000
questionmark-material	1.0 1.0    0.000000 0.000000 0.000000 0.000000 0.000000 0.000000
questionmark-material	1.0 1.0    0.000000 0.000000 0.000000 0.000000 0.000000 0.000000
questionmark-material	1.0 1.0    0.000000 0.000000 0.000000 0.000000 0.000000 0.000000
questionmark-material	1.0 1.0    0.000000 0.000000 0.000000 0.000000 0.000000 0.000000
questionmark-material	1.0 1.0    0.000000 0.000000 0.000000 0.000000 0.000000 0.000000
questionmark-material	1.0 1.0    0.000000 0.000000 0.000000 0.000000 0.000000 0.000000
questionmark-material	1.0 1.0    0.000000 0.000000 0.000000 0.000000 0.000000 0.000000
questionmark-material	1.0 1.0    0.000000 0.000000 0.000000 0.000000 0.000000 0.000000
questionmark-material	1.0 1.0    0.000000 0.000000 0.000000 0.000000 0.000000 0.000000
questionmark-material	1.0 1.0    0.000000 0.000000 0.000000 0.000000 0.000000 0.000000
questionmark-material	1.0 1.0    0.000000 0.000000 0.000000 0.000000 0.000000 0.000000
questionmark-material	1.0 1.0    0.000000 0.000000 0.000000 0.000000 0.000000 0.000000
questionmark-material	1.0 1.0    0.000000 0.000000 0.000000 0.000000 0.000000 0.000000
questionmark-material	1.0 1.0    0.000000 0.000000 0.000000 0.000000 0.000000 0.000000
questionmark-material	1.0 1.0    0.000000 0.000000 0.000000 0.000000 0.000000 0.000000
questionmark-material	1.0 1.0    0.000000 0.000000 0.000000 0.000000 0.000000 0.000000
questionmark-material	1.0 1.0    0.000000 0.000000 0.000000 0.000000 0.000000 0.000000
questionmark-material	1.0 1.0    0.000000 0.000000 0.000000 0.000000 0.000000 0.000000
questionmark-material	1.0 1.0    0.000000 0.000000 0.000000 0.000000 0.000000 0.000000
questionmark-material	1.0 1.0    0.000000 0.000000 0.000000 0.000000 0.000000 0.000000
questionmark-material	1.0 1.0    0.000000 0.000000 0.000000 0.000000 0.000000 0.000000
questionmark-material	1.0 1.0    0.000000 0.000000 0.000000 0.000000 0.000000 0.000000
questionmark-material	1.0 1.0    0.000000 0.000000 0.000000 0.000000 0.000000 0.000000
questionmark-material	1.0 1.0    0.000000 0.000000 0.000000 0.000000 0.000000 0.000000
questionmark-material	1.0 1.0    0.000000 0.000000 0.000000 0.000000 0.000000 0.000000
questionmark-material	1.0 1.0    0.000000 0.000000 0.000000 0.000000 0.000000 0.000000
questionmark-material	1.0 1.0    0.000000 0.000000 0.000000 0.000000 0.000000 0.000000
questionmark-material	1.0 1.0    0.000000 0.000000 0.000000 0.000000 0.000000 0.000000
questionmark-material	1.0 1.0    0.000000 0.000000 0.000000 0.000000 0.000000 0.000000
questionmark-material	1.0 1.0    0.000000 0.000000 0.000000 0.000000 0.000000 0.000000
questionmark-material	1.0 1.0    0.000000 0.000000 0.000000 0.000000 0.000000 0.000000
questionmark-material	1.0 1.0    0.000000 0.000000 0.000000 0.000000 0.000000 0.000000
questionmark-material	1.0 1.0    0.000000 0.000000 0.000000 0.000000 0.000000 0.000000
questionmark-material	1.0 1.0    0.000000 0.000000 0.000000 0.000000 0.000000 0.000000
questionmark-material	1.0 1.0    0.000000 0.000000 0.000000 0.000000 0.000000 0.000000
questionmark-material	1.0 1.0    0.000000 0.000000 0.000000 0.000000 0.000000 0.000000
questionmark-material	1.0 1.0    0.000000 0.000000 0.000000 0.000000 0.000000 0.000000
questionmark-material	1.0 1.0    0.000000 0.000000 0.000000 0.000000 0.000000 0.000000
questionmark-material	1.0 1.0    0.000000 0.000000 0.000000 0.000000 0.000000 0.000000
questionmark-material	1.0 1.0    0.000000 0.000000 0.000000 0.000000 0.000000 0.000000
questionmark-material	1.0 1.0    0.000000 0.000000 0.000000 0.000000 0.000000 0.000000
questionmark-material	1.0 1.0    0.000000 0.000000 0.000000 0.000000 0.000000 0.000000
questionmark-material	1.0 1.0    0.000000 0.000000 0.000000 0.000000 0.000000 0.000000
questionmark-material	1.0 1.0    0.000000 0.000000 0.000000 0.000000 0.000000 0.000000
questionmark-material	1.0 1.0    0.000000 0.000000 0.000000 0.000000 0.000000 0.000000
questionmark-material	1.0 1.0    0.000000 0.000000 0.000000 0.000000 0.000000 0.000000
questionmark-material	1.0 1.0    0.000000 0.000000 0.000000 0.000000 0.000000 0.000000
questionmark-material	1.0 1.0    0.000000 0.000000 0.000000 0.000000 0.000000 0.000000
questionmark-material	1.0 1.0    0.000000 0.000000 0.000000 0.000000 0.000000 0.000000
questionmark-material	1.0 1.0    0.000000 0.000000 0.000000 0.000000 0.000000 0.000000
questionmark-material	1.0 1.0    0.000000 0.000000 0.000000 0.000000 0.000000 0.000000
questionmark-material	1.0 1.0    0.000000 0.000000 0.000000 0.000000 0.000000 0.000000
questionmark-material	1.0 1.0    0.000000 0.000000 0.000000 0.000000 0.000000 0.000000
questionmark-material	1.0 1.0    0.000000 0.000000 0.000000 0.000000 0.000000 0.000000
questionmark-material	1.0 1.0    0.000000 0.000000 0.000000 0.000000 0.000000 0.000000
questionmark-material	1.0 1.0    0.000000 0.000000 0.000000 0.000000 0.000000 0.000000
questionmark-material	1.0 1.0    0.000000 0.000000 0.000000 0.000000 0.000000 0.000000
questionmark-material	1.0 1.0    0.000000 0.000000 0.000000 0.000000 0.000000 0.000000
questionmark-material	1.0 1.0    0.000000 0.000000 0.000000 0.000000 0.000000 0.000000
questionmark-material	1.0 1.0    0.000000 0.000000 0.000000 0.000000 0.000000 0.000000
questionmark-material	1.0 1.0    0.000000 0.000000 0.000000 0.000000 0.000000 0.000000
questionmark-material	1.0 1.0    0.000000 0.000000 0.000000 0.000000 0.000000 0.000000
questionmark-material	1.0 1.0    0.000000 0.000000 0.000000 0.000000 0.000000 0.000000
questionmark-material	1.0 1.0    0.000000 0.000000 0.000000 0.000000 0.000000 0.000000
questionmark-material	1.0 1.0    0.000000 0.000000 0.000000 0.000000 0.000000 0.000000
questionmark-material	1.0 1.0    0.000000 0.000000 0.000000 0.000000 0.000000 0.000000
questionmark-material	1.0 1.0    0.000000 0.000000 0.000000 0.000000 0.000000 0.000000
questionmark-material	1.0 1.0    0.000000 0.000000 0.000000 0.000000 0.000000 0.000000
questionmark-material	1.0 1.0    0.000000 0.000000 0.000000 0.000000 0.000000 0.000000
questionmark-material	1.0 1.0    0.000000 0.000000 0.000000 0.000000 0.000000 0.000000
questionmark-material	1.0 1.0    0.000000 0.000000 0.000000 0.000000 0.000000 0.000000
questionmark-material	1.0 1.0    0.000000 0.000000 0.000000 0.000000 0.000000 0.000000
questionmark-material	1.0 1.0    0.000000 0.000000 0.000000 0.000000 0.000000 0.000000
questionmark-material	1.0 1.0    0.000000 0.000000 0.000000 0.000000 0.000000 0.000000
questionmark-material	1.0 1.0    0.000000 0.000000 0.000000 0.000000 0.000000 0.000000
questionmark-material	1.0 1.0    0.000000 0.000000 0.000000 0.000000 0.000000 0.000000
questionmark-material	1.0 1.0    0.000000 0.000000 0.000000 0.000000 0.000000 0.000000
questionmark-material	1.0 1.0    0.000000 0.000000 0.000000 0.000000 0.000000 0.000000
questionmark-material	1.0 1.0    0.000000 0.000000 0.000000 0.000000 0.000000 0.000000
questionmark-material	1.0 1.0    0.000000 0.000000 0.000000 0.000000 0.000000 0.000000
questionmark-material	1.0 1.0    0.000000 0.000000 0.000000 0.000000 0.000000 0.000000
questionmark-material	1.0 1.0    0.000000 0.000000 0.000000 0.000000 0.000000 0.000000
questionmark-material	1.0 1.0    0.000000 0.000000 0.000000 0.000000 0.000000 0.000000
questionmark-material	1.0 1.0    0.000000 0.000000 0.000000 0.000000 0.000000 0.000000
questionmark-material	1.0 1.0    0.000000 0.000000 0.000000 0.000000 0.000000 0.000000
questionmark-material	1.0 1.0    0.000000 0.000000 0.000000 0.000000 0.000000 0.000000
questionmark-material	1.0 1.0    0.000000 0.000000 0.000000 0.000000 0.000000 0.000000
questionmark-material	1.0 1.0    0.000000 0.000000 0.000000 0.000000 0.000000 0.000000
questionmark-material	1.0 1.0    0.000000 0.000000 0.000000 0.000000 0.000000 0.000000
questionmark-material	1.0 1.0    0.000000 0.000000 0.000000 0.000000 0.000000 0.000000
questionmark-material	1.0 1.0    0.000000 0.000000 0.000000 0.000000 0.000000 0.000000
questionmark-material	1.0 1.0    0.000000 0.000000 0.000000 0.000000 0.000000 0.000000
questionmark-material	1.0 1.0    0.000000 0.000000 0.000000 0.000000 0.000000 0.000000
questionmark-material	1.0 1.0    0.000000 0.000000 0.000000 0.000000 0.000000 0.000000
questionmark-material	1.0 1.0    0.000000 0.000000 0.000000 0.000000 0.000000 0.000000
questionmark-material	1.0 1.0    0.000000 0.000000 0.000000 0.000000 0.000000 0.000000
questionmark-material	1.0 1.0    0.000000 0.000000 0.000000 0.000000 0.000000 0.000000
questionmark-material	1.0 1.0    0.000000 0.000000 0.000000 0.000000 0.000000 0.000000
questionmark-material	1.0 1.0    0.000000 0.000000 0.000000 0.000000 0.000000 0.000000
questionmark-material	1.0 1.0    0.000000 0.000000 0.000000 0.000000 0.000000 0.000000
questionmark-material	1.0 1.0    0.000000 0.000000 0.000000 0.000000 0.000000 0.000000

END
