// output from Obj2DatTex.py Wavefront text file conversion script
// (c) 2005 By Giles Williams
// 
// original file: "shuttle_e.obj"
// 
// model size: 23.148 x 19.654 x 39.410
// 
// textures used: ['oolite_shuttle_diffuse.png']
// 
NVERTS 152
NFACES 292

VERTEX
11.57400, -0.92996, -17.85200
11.57400, 7.66652, -17.85200
11.27650, -1.55918, -17.85200
11.27650, 8.47273, -17.85200
10.97900, 8.77027, -17.85200
10.87370, 1.35151, -17.05550
10.87370, 1.35151, -17.85200
10.87370, 5.35377, -17.05550
10.87370, 5.35377, -17.85200
10.07030, -1.55918, -15.69440
9.77278, -1.85672, -15.69440
8.54989, -0.92996, -17.05550
8.54989, -0.92996, -17.85200
8.54989, 7.66652, -17.05550
8.54989, 7.66652, -17.85200
7.72521, -0.92996, 13.47550
7.42767, -1.55918, 13.47550
7.42767, -0.12371, 13.47550
7.36089, -2.38804, -15.69440
6.83862, -3.41489, -14.95050
6.83862, -3.41489, -15.69440
6.82218, -1.55918, 13.47550
6.52464, -1.85672, 13.47550
6.28814, -2.38804, -14.95050
6.28814, -2.38804, -15.69440
5.68091, 2.45217, -17.05550
5.68091, 2.45217, -19.70500
5.68091, 4.72770, -17.05550
5.68091, 4.72770, -19.70500
5.62033, -9.40706, -15.69440
5.59750, 0.82017, 14.34820
5.11737, 0.90865, 14.11640
5.02525, -9.82691, -15.69440
4.53838, 2.77269, -15.18800
4.53838, 2.77269, -19.70500
4.53838, 4.41026, -15.18800
4.53838, 4.41026, -19.70500
3.97148, 6.57026, -17.05550
3.97148, 6.57026, -19.70500
3.92868, 0.60852, -17.05550
3.92868, 0.60852, -19.70500
3.66088, -9.04882, -14.95050
3.66088, -9.04882, -15.69440
3.31113, -9.29559, -14.95050
3.31113, -9.29559, -15.69440
3.29383, 5.75174, -15.18800
3.29383, 5.75174, -19.70500
3.25946, 1.42705, -15.18800
3.25946, 1.42705, -19.70500
2.68373, 8.47273, 7.19209
2.51302, -9.40706, 11.89900
2.42901, -2.38804, -15.69440
2.42901, -2.37267, -18.39440
2.42901, -1.55918, -15.69440
2.42901, -1.55918, -17.85200
2.42901, -0.92996, -17.05550
2.42901, -0.92996, -17.85200
2.42901, -0.38763, -17.05550
2.42901, -0.38763, -18.39440
2.38619, 8.77027, 7.19209
2.38619, 8.77027, -17.85200
2.00179, -9.82691, 11.91680
1.98015, 0.88667, 17.01590
1.95524, 4.30124, 14.11640
1.88257, 0.82017, 17.75930
1.88257, 4.80585, 14.34820
0.96746, -1.85672, 18.43800
0.96746, -1.55918, 18.66960
0.96746, -1.55918, 19.48180
0.96746, -0.92996, 19.70500
0.96746, -0.12371, 19.40740
0.96746, 6.80732, 13.47550
0.96746, 9.82691, 7.19209
0.96746, 9.82691, -17.85200
0.53211, -1.85672, 18.72710
0.48158, -1.55918, 18.97220
-0.50451, -1.55918, 18.97220
-0.56246, -1.85672, 18.72710
-0.96746, 6.80732, 13.47550
-0.96746, 9.82691, 7.19209
-0.96746, 9.82691, -17.85200
-1.02266, -1.85672, 18.43800
-1.02266, -1.55918, 19.48180
-1.02266, -1.55918, 18.66960
-1.02266, -0.92996, 19.70500
-1.02266, -0.12371, 19.40740
-1.88257, 0.82017, 17.75930
-1.88257, 4.80585, 14.34820
-1.95524, 4.30124, 14.11640
-1.98015, 0.88667, 17.01590
-2.00179, -9.82691, 11.91680
-2.38619, 8.77027, 7.19209
-2.38619, 8.77027, -17.85200
-2.45194, -2.38804, -15.69440
-2.45194, -2.37267, -18.39440
-2.45194, -1.55918, -15.69440
-2.45194, -1.55918, -17.85200
-2.45194, -0.92996, -17.05550
-2.45194, -0.92996, -17.85200
-2.45194, -0.38763, -17.05550
-2.45194, -0.38763, -18.39440
-2.51302, -9.40706, 11.89900
-2.68373, 8.47273, 7.19209
-3.15502, -9.29559, -14.95050
-3.15502, -9.29559, -15.69440
-3.25946, 1.42705, -15.18800
-3.25946, 1.42705, -19.70500
-3.29383, 5.75174, -15.18800
-3.29383, 5.75174, -19.70500
-3.50477, -9.04882, -14.95050
-3.50477, -9.04882, -15.69440
-3.92867, 0.60852, -17.05550
-3.92867, 0.60852, -19.70500
-3.97148, 6.57026, -17.05550
-3.97148, 6.57026, -19.70500
-4.53838, 2.77269, -15.18800
-4.53838, 2.77269, -19.70500
-4.53838, 4.41026, -15.18800
-4.53838, 4.41026, -19.70500
-4.86914, -9.82691, -15.69440
-5.11737, 0.90865, 14.11640
-5.46422, -9.40706, -15.69440
-5.59750, 0.82017, 14.34820
-5.68091, 2.45217, -17.05550
-5.68091, 2.45217, -19.70500
-5.68091, 4.72770, -17.05550
-5.68091, 4.72770, -19.70500
-6.28814, -2.38804, -14.95050
-6.28814, -2.38804, -15.69440
-6.52464, -1.85672, 13.47550
-6.82218, -1.55918, 13.47550
-6.83862, -3.41489, -14.95050
-6.83862, -3.41489, -15.69440
-7.36089, -2.38804, -15.69440
-7.42767, -1.55918, 13.47550
-7.42767, -0.12371, 13.47550
-7.72521, -0.92996, 13.47550
-8.54989, -0.92996, -17.05550
-8.54989, -0.92996, -17.85200
-8.54989, 7.66652, -17.05550
-8.54989, 7.66652, -17.85200
-9.77278, -1.85672, -15.69440
-10.07030, -1.55918, -15.69440
-10.87370, 1.35151, -17.05550
-10.87370, 1.35151, -17.85200
-10.87370, 5.35377, -17.05550
-10.87370, 5.35377, -17.85200
-10.97900, 8.77027, -17.85200
-11.27650, -1.55918, -17.85200
-11.27650, 8.47273, -17.85200
-11.57400, -0.92996, -17.85200
-11.57400, 7.66652, -17.85200

FACES
128,127,127,	-0.00000,-0.00000,-1.00000,	3,	0,12,2
128,127,127,	-0.00000,-0.00000,-1.00000,	3,	1,8,0
128,127,127,	0.91809,0.33878,0.20576,	3,	1,17,3
128,127,127,	-0.00000,-1.00000,0.00000,	3,	2,54,9
128,127,127,	-0.00000,-0.00000,-1.00000,	3,	3,149,140
128,127,127,	-1.00000,0.00000,-0.00000,	3,	5,8,7
128,127,127,	-0.70058,0.71358,-0.00000,	3,	5,11,6
128,127,127,	-0.70542,-0.70879,0.00000,	3,	7,14,13
128,127,127,	-0.00000,-0.00000,-1.00000,	3,	7,27,25
128,127,127,	0.00000,-0.00000,-1.00000,	3,	9,18,10
128,127,127,	-0.00000,-0.00000,-1.00000,	3,	9,53,24
128,127,127,	0.70493,-0.70493,0.07850,	3,	10,22,21
128,127,127,	0.00000,1.00000,0.00000,	3,	11,55,12
128,127,127,	-0.00000,-0.00000,-1.00000,	3,	12,56,54
128,127,127,	-0.00000,-0.00000,-1.00000,	3,	13,37,27
128,127,127,	-0.00000,-1.00000,0.00000,	3,	13,140,139
128,127,127,	0.64544,-0.30521,0.70018,	3,	16,69,15
128,127,127,	0.57215,0.53328,0.62311,	3,	17,70,30
128,127,127,	0.68369,0.63725,0.35565,	3,	17,71,49
128,127,127,	-0.00000,-0.00000,-1.00000,	3,	18,24,20
128,127,127,	-0.88134,-0.47248,0.00000,	3,	19,24,23
128,127,127,	-0.87100,0.49128,-0.00000,	3,	19,41,20
128,127,127,	-0.00000,-0.00000,-1.00000,	3,	19,131,109
128,127,127,	-0.00000,-0.00000,-1.00000,	3,	20,42,29
128,127,127,	0.00000,-1.00000,0.00000,	3,	21,68,16
128,127,127,	-0.00000,-1.00000,0.00000,	3,	24,128,127
128,127,127,	1.00000,0.00000,0.00000,	3,	25,28,26
128,127,127,	-0.00000,-0.00000,-1.00000,	3,	25,39,11
128,127,127,	-0.00000,-0.00000,-1.00000,	3,	26,48,40
128,127,127,	-0.00000,-0.00000,-1.00000,	3,	28,38,36
128,127,127,	0.09251,0.99060,0.10075,	3,	30,64,62
128,127,127,	-0.45587,-0.42491,0.78207,	3,	31,63,30
128,127,127,	0.57528,-0.81538,0.06478,	3,	32,50,29
128,127,127,	-0.00000,-0.00000,-1.00000,	3,	33,115,47
128,127,127,	-1.00000,-0.00000,0.00000,	3,	34,36,33
128,127,127,	-0.73310,-0.68013,-0.00000,	3,	36,46,35
128,127,127,	0.00000,1.00000,0.00000,	3,	37,113,38
128,127,127,	-0.00000,-0.00000,-1.00000,	3,	38,114,108
128,127,127,	-0.00000,-1.00000,0.00000,	3,	40,111,39
128,127,127,	-0.57651,0.81709,-0.00000,	3,	41,43,42
128,127,127,	-0.00000,-0.00000,-1.00000,	3,	42,44,32
128,127,127,	0.00000,-0.00000,-1.00000,	3,	45,117,35
128,127,127,	-0.00000,-1.00000,0.00000,	3,	46,107,45
128,127,127,	0.00000,1.00000,0.00000,	3,	47,105,48
128,127,127,	0.68717,0.68717,0.23577,	3,	49,59,3
128,127,127,	0.59345,-0.45407,0.66456,	3,	50,66,22
128,127,127,	-0.00000,-0.99998,-0.00569,	3,	52,94,51
128,127,127,	1.00000,0.00000,0.00000,	3,	53,54,51
128,127,127,	1.00000,0.00000,0.00000,	3,	54,58,52
128,127,127,	1.00000,-0.00000,0.00000,	3,	55,57,56
128,127,127,	0.00000,1.00000,0.00000,	3,	57,99,58
128,127,127,	0.45789,-0.52721,0.71581,	3,	61,74,50
128,127,127,	-0.00000,-1.00000,0.00000,	3,	61,119,90
128,127,127,	0.99008,0.09506,0.10345,	3,	62,65,63
128,127,127,	0.57216,0.53327,0.62310,	3,	64,70,65
128,127,127,	0.46415,-0.54407,0.69897,	3,	66,74,67
128,127,127,	-0.00000,-1.00000,0.00000,	3,	67,75,68
128,127,127,	0.00000,0.65022,0.75974,	3,	70,85,78
128,127,127,	0.00000,0.90132,0.43315,	3,	71,78,72
128,127,127,	0.59732,0.80200,0.00000,	3,	72,73,60
128,127,127,	-0.00000,-0.63581,0.77184,	3,	74,76,75
128,127,127,	-0.00000,-1.00000,0.00000,	3,	76,82,68
128,127,127,	-0.42993,-0.52269,0.73618,	3,	77,83,76
128,127,127,	-0.66087,0.66087,0.35567,	3,	78,102,91
128,127,127,	-0.59732,0.80200,-0.00000,	3,	79,92,80
128,127,127,	-0.00000,0.34628,0.93813,	3,	84,85,69
128,127,127,	-0.66027,0.24366,0.71041,	3,	84,136,135
128,127,127,	-0.56189,0.55660,0.61194,	3,	85,122,86
128,127,127,	-0.99008,0.09506,0.10345,	3,	87,89,88
128,127,127,	-0.11676,0.98411,0.13379,	3,	89,122,120
128,127,127,	-0.45851,-0.52800,0.71483,	3,	90,101,77
128,127,127,	-0.68722,0.68712,0.23579,	3,	91,149,147
128,127,127,	-1.00000,-0.00000,0.00000,	3,	94,96,93
128,127,127,	0.00000,-0.00000,-1.00000,	3,	95,128,93
128,127,127,	-0.00000,-1.00000,0.00000,	3,	96,142,95
128,127,127,	0.00000,1.00000,0.00000,	3,	97,137,98
128,127,127,	-1.00000,0.00000,-0.00000,	3,	98,100,99
128,127,127,	-0.00000,-0.00000,-1.00000,	3,	98,138,96
128,127,127,	-0.59643,-0.45497,0.66127,	3,	101,129,81
128,127,127,	-0.00000,1.00000,-0.00000,	3,	103,104,43
128,127,127,	0.00000,-0.00000,-1.00000,	3,	104,119,44
128,127,127,	0.72485,0.68891,-0.00000,	3,	105,116,106
128,127,127,	0.00000,-0.00000,-1.00000,	3,	106,112,40
128,127,127,	0.73310,-0.68013,-0.00000,	3,	108,118,117
128,127,127,	0.57651,0.81709,0.00000,	3,	109,110,103
128,127,127,	-0.00000,-0.00000,-1.00000,	3,	110,132,121
128,127,127,	0.00000,-0.00000,-1.00000,	3,	111,137,11
128,127,127,	-0.00000,-0.00000,-1.00000,	3,	113,139,125
128,127,127,	1.00000,0.00000,0.00000,	3,	115,118,116
128,127,127,	-0.00000,-0.00000,-1.00000,	3,	116,124,112
128,127,127,	-0.86481,-0.49350,0.09249,	3,	121,141,101
128,127,127,	-0.57215,0.53328,0.62310,	3,	122,135,87
128,127,127,	-0.00000,-0.00000,-1.00000,	3,	123,143,137
128,127,127,	-1.00000,-0.00000,0.00000,	3,	124,126,123
128,127,127,	-0.73309,0.68013,-0.00000,	3,	125,126,114
128,127,127,	-0.00000,-0.00000,-1.00000,	3,	125,145,123
128,127,127,	0.88134,-0.47248,-0.00000,	3,	128,132,131
128,127,127,	-0.00000,-0.00000,-1.00000,	3,	128,142,133
128,127,127,	-0.55498,-0.55498,0.61967,	3,	129,130,83
128,127,127,	-0.00000,-1.00000,0.00000,	3,	130,134,82
128,127,127,	-0.00000,-0.00000,-1.00000,	3,	133,141,132
128,127,127,	-0.89850,-0.42487,0.11039,	3,	134,148,136
128,127,127,	-0.91809,0.33878,0.20576,	3,	135,151,149
128,127,127,	0.70058,0.71358,-0.00000,	3,	137,144,138
128,127,127,	-0.00000,-0.00000,-1.00000,	3,	138,150,148
128,127,127,	0.70542,-0.70879,-0.00000,	3,	140,146,145
128,127,127,	-0.70495,-0.70490,0.07850,	3,	141,142,130
128,127,127,	0.00000,-0.00000,-1.00000,	3,	146,150,144
128,127,127,	-0.99254,-0.00000,0.12194,	3,	150,151,136
129,127,127,	0.89852,-0.42483,0.11039,	3,	2,15,0
129,127,127,	0.00000,-0.00000,-1.00000,	3,	3,14,1
129,127,127,	-0.00000,-0.00000,-1.00000,	3,	4,147,3
129,127,127,	-1.00000,-0.00000,0.00000,	3,	6,8,5
129,127,127,	0.00000,-0.00000,-1.00000,	3,	6,12,0
129,127,127,	-0.00000,-0.00000,-1.00000,	3,	7,25,5
129,127,127,	-0.70542,-0.70879,-0.00000,	3,	8,14,7
129,127,127,	0.00000,-1.00000,0.00000,	3,	9,16,2
129,127,127,	0.00000,-0.00000,-1.00000,	3,	9,24,18
129,127,127,	-0.00000,-1.00000,0.00000,	3,	9,54,53
129,127,127,	0.70495,-0.70490,0.07850,	3,	10,21,9
129,127,127,	0.00000,-0.00000,-1.00000,	3,	12,54,2
129,127,127,	0.00000,-0.00000,-1.00000,	3,	13,27,7
129,127,127,	-0.00000,-1.00000,0.00000,	3,	14,140,13
129,127,127,	0.91808,0.33881,0.20576,	3,	15,17,1
129,127,127,	0.75336,0.60468,0.25848,	3,	17,49,3
129,127,127,	0.00000,-0.00000,-1.00000,	3,	18,20,10
129,127,127,	0.00000,-0.00000,-1.00000,	3,	19,109,41
129,127,127,	-0.88134,-0.47248,-0.00000,	3,	20,24,19
129,127,127,	-0.00000,-0.00000,-1.00000,	3,	24,53,51
129,127,127,	-0.00000,-1.00000,0.00000,	3,	24,127,23
129,127,127,	0.72485,-0.68891,-0.00000,	3,	26,40,39
129,127,127,	1.00000,0.00000,0.00000,	3,	27,28,25
129,127,127,	-0.00000,-0.00000,-1.00000,	3,	28,36,34
129,127,127,	-0.00000,-0.00000,-1.00000,	3,	29,42,32
129,127,127,	0.87199,-0.47957,0.09820,	3,	29,50,10
129,127,127,	0.57215,0.53328,0.62310,	3,	30,65,17
129,127,127,	0.57214,0.53329,0.62310,	3,	30,70,64
129,127,127,	-0.00000,-1.00000,0.00000,	3,	32,119,61
129,127,127,	-1.00000,0.00000,-0.00000,	3,	33,36,35
129,127,127,	-0.72485,0.68891,-0.00000,	3,	33,47,34
129,127,127,	-0.00000,-0.00000,-1.00000,	3,	33,117,115
129,127,127,	0.00000,-0.00000,-1.00000,	3,	34,48,26
129,127,127,	-0.73310,-0.68013,0.00000,	3,	35,46,45
129,127,127,	0.73309,0.68013,0.00000,	3,	37,38,27
129,127,127,	-0.00000,-0.00000,-1.00000,	3,	37,139,113
129,127,127,	0.00000,-0.00000,-1.00000,	3,	38,108,46
129,127,127,	-0.00000,-0.00000,-1.00000,	3,	39,111,11
129,127,127,	-0.00000,-1.00000,0.00000,	3,	40,112,111
129,127,127,	-0.87100,0.49128,-0.00000,	3,	41,42,20
129,127,127,	0.00000,-0.00000,-1.00000,	3,	41,103,43
129,127,127,	-0.57651,0.81709,-0.00000,	3,	43,44,42
129,127,127,	0.47263,-0.51966,0.71174,	3,	50,74,66
129,127,127,	1.00000,-0.00000,0.00000,	3,	51,54,52
129,127,127,	-0.00000,-0.99998,-0.00569,	3,	51,94,93
129,127,127,	-0.00000,-0.00000,-1.00000,	3,	52,100,94
129,127,127,	-0.00000,1.00000,-0.00000,	3,	55,56,12
129,127,127,	1.00000,0.00000,0.00000,	3,	56,58,54
129,127,127,	-0.00000,1.00000,-0.00000,	3,	59,60,4
129,127,127,	-0.00000,-0.64962,0.76026,	3,	61,90,74
129,127,127,	0.57215,0.53328,0.62310,	3,	62,63,31
129,127,127,	0.98294,0.11958,0.13972,	3,	64,65,62
129,127,127,	0.57603,-0.50210,0.64505,	3,	66,67,22
129,127,127,	0.00000,-1.00000,-0.00000,	3,	67,68,21
129,127,127,	0.65903,-0.25144,0.70884,	3,	68,69,16
129,127,127,	0.65265,0.26236,0.71078,	3,	69,70,17
129,127,127,	0.57214,0.53329,0.62311,	3,	70,71,65
129,127,127,	0.55735,0.74835,0.35963,	3,	71,72,59
129,127,127,	-0.00000,1.00000,0.00000,	3,	72,80,73
129,127,127,	0.00000,-0.00000,-1.00000,	3,	73,92,60
129,127,127,	0.45141,-0.52043,0.72483,	3,	74,75,67
129,127,127,	-0.00000,-0.63581,0.77184,	3,	74,77,76
129,127,127,	-0.00000,-1.00000,0.00000,	3,	75,76,68
129,127,127,	-0.00000,-1.00000,0.00000,	3,	76,83,82
129,127,127,	-0.45042,-0.53204,0.71698,	3,	77,101,81
129,127,127,	-0.00000,0.90132,0.43315,	3,	78,79,72
129,127,127,	-0.68369,0.63725,0.35565,	3,	78,135,102
129,127,127,	-0.57987,-0.50043,0.64291,	3,	81,129,83
129,127,127,	-0.00000,-0.33431,0.94246,	3,	82,84,68
129,127,127,	-0.65587,0.26140,0.70818,	3,	84,135,85
129,127,127,	-0.57749,0.53349,0.61798,	3,	85,87,78
129,127,127,	-0.98294,0.11958,0.13972,	3,	86,89,87
129,127,127,	-0.00000,1.00000,0.00000,	3,	91,147,92
129,127,127,	-1.00000,0.00000,-0.00000,	3,	93,96,95
129,127,127,	-0.00000,-0.00000,-1.00000,	3,	95,142,128
129,127,127,	-1.00000,0.00000,0.00000,	3,	96,100,98
129,127,127,	-1.00000,-0.00000,0.00000,	3,	98,99,97
129,127,127,	-0.00000,1.00000,-0.00000,	3,	99,100,58
129,127,127,	-0.87041,-0.48270,0.09692,	3,	101,141,129
129,127,127,	-0.68717,0.68717,0.23577,	3,	102,149,91
129,127,127,	-0.00000,1.00000,-0.00000,	3,	105,106,48
129,127,127,	-0.00000,-0.00000,-1.00000,	3,	106,116,112
129,127,127,	0.00000,-0.00000,-1.00000,	3,	107,117,45
129,127,127,	0.00000,-0.00000,-1.00000,	3,	110,119,104
129,127,127,	-0.72485,-0.68891,0.00000,	3,	111,124,123
129,127,127,	-0.00000,1.00000,-0.00000,	3,	113,114,38
129,127,127,	0.00000,-0.00000,-1.00000,	3,	114,126,108
129,127,127,	0.72485,0.68891,0.00000,	3,	115,116,105
129,127,127,	-0.00000,-0.00000,-1.00000,	3,	118,126,124
129,127,127,	-0.57540,-0.81555,0.06154,	3,	119,121,101
129,127,127,	0.45587,-0.42491,0.78207,	3,	120,122,88
129,127,127,	-1.00000,0.00000,-0.00000,	3,	123,126,125
129,127,127,	-0.00000,-0.00000,-1.00000,	3,	123,145,143
129,127,127,	0.00000,-0.00000,-1.00000,	3,	127,131,19
129,127,127,	-0.00000,-0.00000,-1.00000,	3,	128,133,132
129,127,127,	-0.00000,-1.00000,0.00000,	3,	130,142,134
129,127,127,	0.86061,0.50926,0.00000,	3,	131,132,109
129,127,127,	-0.00000,-0.00000,-1.00000,	3,	132,141,121
129,127,127,	-0.00000,-0.00000,-1.00000,	3,	133,142,141
129,127,127,	-0.64803,-0.30644,0.69724,	3,	134,136,84
129,127,127,	-0.91808,0.33881,0.20576,	3,	136,151,135
129,127,127,	-0.00000,1.00000,-0.00000,	3,	137,138,98
129,127,127,	0.00000,-0.00000,-1.00000,	3,	138,148,96
129,127,127,	-0.00000,-0.00000,-1.00000,	3,	139,145,125
129,127,127,	1.00000,0.00000,0.00000,	3,	143,146,144
129,127,127,	0.00000,-0.00000,-1.00000,	3,	144,150,138
129,127,127,	-0.00000,-0.00000,-1.00000,	3,	146,151,150
129,127,127,	-0.89852,-0.42483,0.11039,	3,	148,150,136
129,127,127,	0.00000,-0.00000,-1.00000,	3,	149,151,140
130,127,127,	-0.00000,-0.00000,-1.00000,	3,	0,8,6
130,127,127,	0.99254,-0.00000,0.12194,	3,	0,15,1
130,127,127,	-0.00000,-0.00000,-1.00000,	3,	1,14,8
130,127,127,	0.89850,-0.42487,0.11039,	3,	2,16,15
130,127,127,	0.68722,0.68712,0.23579,	3,	3,59,4
130,127,127,	0.00000,-0.00000,-1.00000,	3,	3,140,14
130,127,127,	-0.00000,-0.00000,-1.00000,	3,	5,25,11
130,127,127,	-0.00000,-1.00000,0.00000,	3,	9,21,16
130,127,127,	0.87041,-0.48270,0.09692,	3,	10,50,22
130,127,127,	-0.70058,0.71358,-0.00000,	3,	11,12,6
130,127,127,	-0.00000,-0.00000,-1.00000,	3,	13,139,37
130,127,127,	0.65753,0.24265,0.71329,	3,	15,69,17
130,127,127,	0.00000,-0.00000,-1.00000,	3,	20,29,10
130,127,127,	0.55295,-0.55295,0.62328,	3,	22,67,21
130,127,127,	-0.00000,-0.00000,-1.00000,	3,	23,127,19
130,127,127,	0.72485,-0.68891,-0.00000,	3,	26,39,25
130,127,127,	0.73309,0.68013,-0.00000,	3,	27,38,28
130,127,127,	-0.00000,-0.00000,-1.00000,	3,	28,34,26
130,127,127,	0.11676,0.98411,0.13379,	3,	30,62,31
130,127,127,	0.63457,-0.76974,0.06949,	3,	32,61,50
130,127,127,	-0.00000,-0.00000,-1.00000,	3,	35,117,33
130,127,127,	-0.00000,-0.00000,-1.00000,	3,	38,46,36
130,127,127,	-0.00000,-0.00000,-1.00000,	3,	41,109,103
130,127,127,	-0.00000,1.00000,0.00000,	3,	43,104,44
130,127,127,	0.00000,-0.00000,-1.00000,	3,	44,119,32
130,127,127,	-0.00000,-1.00000,0.00000,	3,	46,108,107
130,127,127,	-0.72485,0.68891,-0.00000,	3,	47,48,34
130,127,127,	-0.00000,-0.00000,-1.00000,	3,	47,115,105
130,127,127,	-0.00000,-0.00000,-1.00000,	3,	48,106,40
130,127,127,	0.66087,0.66087,0.35567,	3,	49,71,59
130,127,127,	1.00000,0.00000,0.00000,	3,	57,58,56
130,127,127,	-0.00000,-0.00000,-1.00000,	3,	58,100,52
130,127,127,	0.59732,0.80200,-0.00000,	3,	59,72,60
130,127,127,	-0.45587,-0.42491,0.78207,	3,	63,65,30
130,127,127,	0.57215,0.53329,0.62310,	3,	65,71,17
130,127,127,	-0.00000,-0.33431,0.94246,	3,	68,84,69
130,127,127,	-0.00000,0.34628,0.93813,	3,	69,85,70
130,127,127,	-0.00000,0.65022,0.75974,	3,	70,78,71
130,127,127,	-0.00000,-0.64962,0.76026,	3,	74,90,77
130,127,127,	-0.00000,1.00000,-0.00000,	3,	79,80,72
130,127,127,	0.00000,-0.00000,-1.00000,	3,	80,92,73
130,127,127,	-0.44415,-0.55033,0.70701,	3,	81,83,77
130,127,127,	-0.66223,-0.25050,0.70619,	3,	82,134,84
130,127,127,	-0.00000,-1.00000,0.00000,	3,	83,130,82
130,127,127,	-0.57253,0.53856,0.61819,	3,	85,135,122
130,127,127,	-0.59610,0.52207,0.61001,	3,	86,87,85
130,127,127,	-0.09251,0.99060,0.10075,	3,	86,122,89
130,127,127,	-0.57215,0.53329,0.62310,	3,	87,135,78
130,127,127,	0.45587,-0.42491,0.78207,	3,	88,122,87
130,127,127,	-0.57215,0.53328,0.62310,	3,	89,120,88
130,127,127,	-0.63465,-0.76999,0.06591,	3,	90,119,101
130,127,127,	-0.59732,0.80200,-0.00000,	3,	91,92,79
130,127,127,	-1.00000,-0.00000,0.00000,	3,	94,100,96
130,127,127,	-0.00000,-1.00000,0.00000,	3,	96,148,142
130,127,127,	0.57651,0.81709,-0.00000,	3,	103,110,104
130,127,127,	-0.00000,-0.00000,-1.00000,	3,	108,126,118
130,127,127,	0.86061,0.50926,-0.00000,	3,	109,132,110
130,127,127,	-0.00000,-0.00000,-1.00000,	3,	110,121,119
130,127,127,	-0.72485,-0.68891,-0.00000,	3,	112,124,111
130,127,127,	-0.73309,0.68013,-0.00000,	3,	113,125,114
130,127,127,	1.00000,0.00000,0.00000,	3,	117,118,115
130,127,127,	0.00000,-0.00000,-1.00000,	3,	118,124,116
130,127,127,	0.00000,-0.00000,-1.00000,	3,	123,137,111
130,127,127,	0.88134,-0.47248,-0.00000,	3,	128,131,127
130,127,127,	-0.70493,-0.70493,0.07850,	3,	129,141,130
130,127,127,	-0.75336,0.60468,0.25848,	3,	135,149,102
130,127,127,	0.70542,-0.70879,-0.00000,	3,	140,145,139
130,127,127,	-0.00000,-0.00000,-1.00000,	3,	140,151,146
130,127,127,	0.70058,0.71358,0.00000,	3,	143,144,137
130,127,127,	1.00000,0.00000,0.00000,	3,	145,146,143
130,127,127,	0.00000,-0.00000,-1.00000,	3,	147,149,3
131,127,127,	-0.55735,0.74835,0.35963,	3,	78,91,79
131,127,127,	0.73310,-0.68013,-0.00000,	3,	108,117,107
131,127,127,	-0.00000,-1.00000,0.00000,	3,	142,148,134

TEXTURES
oolite_shuttle_diffuse.png	1.0 1.0	0.99826 0.52393	0.95098 0.52393	0.99361 0.53367
oolite_shuttle_diffuse.png	1.0 1.0	0.99826 0.39094	0.98731 0.42672	0.99826 0.52393
oolite_shuttle_diffuse.png	1.0 1.0	0.00245 0.04787	0.49763 0.16893	0.00315 0.03443
oolite_shuttle_diffuse.png	1.0 1.0	0.00345 0.19331	0.01071 0.33166	0.03886 0.20790
oolite_shuttle_diffuse.png	1.0 1.0	0.99361 0.37846	0.64100 0.37846	0.68363 0.39094
oolite_shuttle_diffuse.png	1.0 1.0	0.14555 0.96606	0.20690 0.97828	0.20690 0.96606
oolite_shuttle_diffuse.png	1.0 1.0	0.14555 0.96606	0.09556 0.96606	0.14555 0.97828
oolite_shuttle_diffuse.png	1.0 1.0	0.20690 0.96606	0.25738 0.97828	0.25738 0.96606
oolite_shuttle_diffuse.png	1.0 1.0	0.98424 0.42701	0.90547 0.43641	0.90547 0.47056
oolite_shuttle_diffuse.png	1.0 1.0	0.97475 0.53467	0.93239 0.54649	0.97010 0.53827
oolite_shuttle_diffuse.png	1.0 1.0	0.97475 0.53467	0.85528 0.53467	0.91562 0.54649
oolite_shuttle_diffuse.png	1.0 1.0	0.03932 0.21447	0.49832 0.21050	0.49786 0.20392
oolite_shuttle_diffuse.png	1.0 1.0	0.09556 0.96606	0.00163 0.96606	0.09556 0.97828
oolite_shuttle_diffuse.png	1.0 1.0	0.95098 0.52393	0.85528 0.52393	0.85528 0.53367
oolite_shuttle_diffuse.png	1.0 1.0	0.94899 0.39229	0.87954 0.40875	0.90547 0.43641
oolite_shuttle_diffuse.png	1.0 1.0	0.25738 0.96606	0.51968 0.97825	0.51968 0.96603
oolite_shuttle_diffuse.png	1.0 1.0	0.00745 0.66191	0.14766 0.65162	0.00417 0.65162
oolite_shuttle_diffuse.png	1.0 1.0	0.00731 0.63807	0.14463 0.63807	0.03764 0.62089
oolite_shuttle_diffuse.png	1.0 1.0	0.00831 0.53277	0.14867 0.48456	0.11550 0.38432
oolite_shuttle_diffuse.png	1.0 1.0	0.93239 0.54649	0.91657 0.54649	0.92527 0.56238
oolite_shuttle_diffuse.png	1.0 1.0	0.60536 0.98474	0.62349 0.99638	0.62349 0.98474
oolite_shuttle_diffuse.png	1.0 1.0	0.60536 0.98474	0.50408 0.98474	0.60536 0.99638
oolite_shuttle_diffuse.png	1.0 1.0	0.92422 0.56238	0.71038 0.56238	0.76250 0.64954
oolite_shuttle_diffuse.png	1.0 1.0	0.92527 0.56238	0.87633 0.64954	0.90517 0.65508
oolite_shuttle_diffuse.png	1.0 1.0	0.01429 0.66822	0.14558 0.66191	0.00745 0.66191
oolite_shuttle_diffuse.png	1.0 1.0	0.62349 0.99638	0.82042 0.99638	0.82042 0.98474
oolite_shuttle_diffuse.png	1.0 1.0	0.59804 0.91893	0.56289 0.95992	0.59804 0.95992
oolite_shuttle_diffuse.png	1.0 1.0	0.90547 0.47056	0.87889 0.49823	0.94899 0.52133
oolite_shuttle_diffuse.png	1.0 1.0	0.18097 0.92861	0.14339 0.94449	0.15353 0.95748
oolite_shuttle_diffuse.png	1.0 1.0	0.18097 0.89298	0.15420 0.86413	0.16341 0.89777
oolite_shuttle_diffuse.png	1.0 1.0	0.41263 0.88749	0.54797 0.88749	0.53259 0.87400
oolite_shuttle_diffuse.png	1.0 1.0	0.41796 0.87400	0.48046 0.76662	0.40352 0.87765
oolite_shuttle_diffuse.png	1.0 1.0	0.99552 0.82101	0.56371 0.78397	0.99555 0.83277
oolite_shuttle_diffuse.png	1.0 1.0	0.39748 0.92167	0.19074 0.92167	0.36823 0.95244
oolite_shuttle_diffuse.png	1.0 1.0	0.91588 0.91627	0.94502 0.91627	0.91588 0.83557
oolite_shuttle_diffuse.png	1.0 1.0	0.94502 0.91627	0.97765 0.91627	0.94502 0.83557
oolite_shuttle_diffuse.png	1.0 1.0	0.99799 0.91893	0.87379 0.91893	0.99799 0.95992
oolite_shuttle_diffuse.png	1.0 1.0	0.15420 0.86413	0.02982 0.86413	0.04077 0.87677
oolite_shuttle_diffuse.png	1.0 1.0	0.63728 0.95992	0.75980 0.91893	0.63728 0.91893
oolite_shuttle_diffuse.png	1.0 1.0	0.50408 0.98474	0.49732 0.98474	0.50408 0.99638
oolite_shuttle_diffuse.png	1.0 1.0	0.87633 0.64954	0.87081 0.65410	0.89587 0.66157
oolite_shuttle_diffuse.png	1.0 1.0	0.36901 0.85382	0.19074 0.88437	0.39748 0.88437
oolite_shuttle_diffuse.png	1.0 1.0	0.55516 0.91627	0.67223 0.83557	0.55516 0.83557
oolite_shuttle_diffuse.png	1.0 1.0	0.88254 0.83557	0.76648 0.83557	0.88254 0.91627
oolite_shuttle_diffuse.png	1.0 1.0	0.40424 0.74816	0.41081 0.74759	0.26949 0.35445
oolite_shuttle_diffuse.png	1.0 1.0	0.12231 0.83929	0.14689 0.68295	0.04043 0.73052
oolite_shuttle_diffuse.png	1.0 1.0	0.38995 0.79731	0.30740 0.79731	0.38995 0.84296
oolite_shuttle_diffuse.png	1.0 1.0	0.43570 0.78329	0.39921 0.78329	0.43570 0.79731
oolite_shuttle_diffuse.png	1.0 1.0	0.39921 0.78329	0.38995 0.76351	0.38995 0.79731
oolite_shuttle_diffuse.png	1.0 1.0	0.41264 0.77269	0.41264 0.76351	0.39917 0.77269
oolite_shuttle_diffuse.png	1.0 1.0	0.38995 0.74090	0.30740 0.74090	0.38995 0.76351
oolite_shuttle_diffuse.png	1.0 1.0	0.13148 0.84448	0.15449 0.68032	0.12231 0.83929
oolite_shuttle_diffuse.png	1.0 1.0	0.56315 0.77366	0.99552 0.66607	0.56315 0.71097
oolite_shuttle_diffuse.png	1.0 1.0	0.53259 0.87400	0.48997 0.75499	0.48046 0.76662
oolite_shuttle_diffuse.png	1.0 1.0	0.13041 0.61100	0.14766 0.63817	0.13028 0.52886
oolite_shuttle_diffuse.png	1.0 1.0	0.14689 0.68295	0.15449 0.68032	0.14694 0.67705
oolite_shuttle_diffuse.png	1.0 1.0	0.14766 0.67450	0.15530 0.66983	0.14766 0.66191
oolite_shuttle_diffuse.png	1.0 1.0	0.14766 0.63817	0.17893 0.63817	0.17893 0.49532
oolite_shuttle_diffuse.png	1.0 1.0	0.14867 0.48456	0.17897 0.48456	0.14867 0.37540
oolite_shuttle_diffuse.png	1.0 1.0	0.43873 0.74693	0.43873 0.35476	0.41097 0.35483
oolite_shuttle_diffuse.png	1.0 1.0	0.15449 0.68032	0.17082 0.67423	0.15538 0.67423
oolite_shuttle_diffuse.png	1.0 1.0	0.17074 0.66983	0.17893 0.66191	0.14766 0.66191
oolite_shuttle_diffuse.png	1.0 1.0	0.17163 0.68032	0.17976 0.67703	0.17082 0.67423
oolite_shuttle_diffuse.png	1.0 1.0	0.17897 0.48456	0.21216 0.38503	0.20595 0.38298
oolite_shuttle_diffuse.png	1.0 1.0	0.46903 0.74693	0.49785 0.35483	0.46903 0.35476
oolite_shuttle_diffuse.png	1.0 1.0	0.17893 0.65162	0.17893 0.63817	0.14766 0.65162
oolite_shuttle_diffuse.png	1.0 1.0	0.17893 0.65162	0.32259 0.65162	0.31913 0.63807
oolite_shuttle_diffuse.png	1.0 1.0	0.18243 0.63807	0.28889 0.62087	0.20982 0.62094
oolite_shuttle_diffuse.png	1.0 1.0	0.60907 0.53269	0.56549 0.65187	0.61857 0.54433
oolite_shuttle_diffuse.png	1.0 1.0	0.56549 0.65187	0.68545 0.66535	0.68012 0.65187
oolite_shuttle_diffuse.png	1.0 1.0	0.19417 0.84448	0.20330 0.83933	0.17163 0.68032
oolite_shuttle_diffuse.png	1.0 1.0	0.49767 0.74713	0.63884 0.35492	0.63281 0.35435
oolite_shuttle_diffuse.png	1.0 1.0	0.30740 0.79731	0.29815 0.78307	0.26165 0.79731
oolite_shuttle_diffuse.png	1.0 1.0	0.77897 0.53467	0.71899 0.54649	0.77897 0.54649
oolite_shuttle_diffuse.png	1.0 1.0	0.98623 0.32989	0.96047 0.20898	0.95249 0.32812
oolite_shuttle_diffuse.png	1.0 1.0	0.26256 0.98586	0.16707 0.98586	0.26256 0.99833
oolite_shuttle_diffuse.png	1.0 1.0	0.29818 0.77241	0.30740 0.76351	0.28471 0.76351
oolite_shuttle_diffuse.png	1.0 1.0	0.77897 0.52393	0.68363 0.52393	0.77897 0.53367
oolite_shuttle_diffuse.png	1.0 1.0	0.20330 0.83933	0.28564 0.73006	0.17982 0.68294
oolite_shuttle_diffuse.png	1.0 1.0	0.39606 0.98474	0.39606 0.99638	0.49732 0.98474
oolite_shuttle_diffuse.png	1.0 1.0	0.76645 0.65410	0.74117 0.66157	0.87081 0.65410
oolite_shuttle_diffuse.png	1.0 1.0	0.76648 0.83557	0.73400 0.91627	0.76648 0.91627
oolite_shuttle_diffuse.png	1.0 1.0	0.04131 0.94449	0.03049 0.95748	0.15353 0.95748
oolite_shuttle_diffuse.png	1.0 1.0	0.67223 0.91627	0.70479 0.91627	0.70479 0.83557
oolite_shuttle_diffuse.png	1.0 1.0	0.38938 0.98474	0.38938 0.99638	0.39606 0.98474
oolite_shuttle_diffuse.png	1.0 1.0	0.76093 0.64954	0.70928 0.56238	0.73187 0.65508
oolite_shuttle_diffuse.png	1.0 1.0	0.75560 0.49823	0.68551 0.52133	0.94899 0.52133
oolite_shuttle_diffuse.png	1.0 1.0	0.75496 0.40875	0.68551 0.39229	0.72903 0.43641
oolite_shuttle_diffuse.png	1.0 1.0	0.73400 0.83557	0.70479 0.91627	0.73400 0.91627
oolite_shuttle_diffuse.png	1.0 1.0	0.02128 0.92342	0.00305 0.92861	0.03049 0.95748
oolite_shuttle_diffuse.png	1.0 1.0	0.95045 0.35368	0.95971 0.21526	0.51597 0.34601
oolite_shuttle_diffuse.png	1.0 1.0	0.28889 0.62087	0.31913 0.63807	0.24604 0.54709
oolite_shuttle_diffuse.png	1.0 1.0	0.72903 0.47056	0.65026 0.48708	0.68551 0.52133
oolite_shuttle_diffuse.png	1.0 1.0	0.79911 0.95992	0.83444 0.95992	0.79911 0.91893
oolite_shuttle_diffuse.png	1.0 1.0	0.83444 0.91893	0.83444 0.95992	0.87379 0.95992
oolite_shuttle_diffuse.png	1.0 1.0	0.72903 0.43641	0.65026 0.42701	0.72903 0.47056
oolite_shuttle_diffuse.png	1.0 1.0	0.26870 0.99638	0.28688 0.99638	0.28688 0.98474
oolite_shuttle_diffuse.png	1.0 1.0	0.71899 0.54649	0.65985 0.53467	0.70222 0.54649
oolite_shuttle_diffuse.png	1.0 1.0	0.28564 0.73006	0.29111 0.72642	0.17976 0.67703
oolite_shuttle_diffuse.png	1.0 1.0	0.31213 0.66880	0.31906 0.66191	0.18157 0.66191
oolite_shuttle_diffuse.png	1.0 1.0	0.70222 0.54649	0.66451 0.53827	0.70928 0.56238
oolite_shuttle_diffuse.png	1.0 1.0	0.50123 0.19439	0.99520 0.19421	0.50096 0.18334
oolite_shuttle_diffuse.png	1.0 1.0	0.50026 0.16990	0.99604 0.04829	0.99534 0.03486
oolite_shuttle_diffuse.png	1.0 1.0	0.16707 0.98586	0.11638 0.99833	0.16707 0.99833
oolite_shuttle_diffuse.png	1.0 1.0	0.68363 0.52393	0.63634 0.52393	0.64100 0.53367
oolite_shuttle_diffuse.png	1.0 1.0	0.00236 0.99833	0.05370 0.99833	0.05370 0.98586
oolite_shuttle_diffuse.png	1.0 1.0	0.95971 0.21526	0.96047 0.20898	0.50116 0.20416
oolite_shuttle_diffuse.png	1.0 1.0	0.64729 0.42672	0.63634 0.52393	0.64729 0.48864
oolite_shuttle_diffuse.png	1.0 1.0	0.99573 0.18322	0.99604 0.04829	0.50096 0.18334
oolite_shuttle_diffuse.png	1.0 1.0	0.00345 0.19331	0.49679 0.18327	0.00254 0.18327
oolite_shuttle_diffuse.png	1.0 1.0	0.99361 0.37846	0.95098 0.39094	0.99826 0.39094
oolite_shuttle_diffuse.png	1.0 1.0	0.98896 0.37386	0.64565 0.37386	0.99361 0.37846
oolite_shuttle_diffuse.png	1.0 1.0	0.14555 0.97828	0.20690 0.97828	0.14555 0.96606
oolite_shuttle_diffuse.png	1.0 1.0	0.98731 0.48864	0.95098 0.52393	0.99826 0.52393
oolite_shuttle_diffuse.png	1.0 1.0	0.98424 0.42701	0.90547 0.47056	0.98424 0.48708
oolite_shuttle_diffuse.png	1.0 1.0	0.20690 0.97828	0.25738 0.97828	0.20690 0.96606
oolite_shuttle_diffuse.png	1.0 1.0	0.03886 0.20790	0.49736 0.19415	0.00345 0.19331
oolite_shuttle_diffuse.png	1.0 1.0	0.97475 0.53467	0.91562 0.54649	0.93239 0.54649
oolite_shuttle_diffuse.png	1.0 1.0	0.03886 0.20790	0.01071 0.33166	0.04444 0.32989
oolite_shuttle_diffuse.png	1.0 1.0	0.03932 0.21447	0.49786 0.20392	0.03886 0.20790
oolite_shuttle_diffuse.png	1.0 1.0	0.95098 0.52393	0.85528 0.53367	0.99361 0.53367
oolite_shuttle_diffuse.png	1.0 1.0	0.94899 0.39229	0.90547 0.43641	0.98424 0.42701
oolite_shuttle_diffuse.png	1.0 1.0	0.25738 0.97828	0.51968 0.97825	0.25738 0.96606
oolite_shuttle_diffuse.png	1.0 1.0	0.49679 0.18327	0.49763 0.16893	0.00245 0.04787
oolite_shuttle_diffuse.png	1.0 1.0	0.49763 0.16893	0.41785 0.00486	0.00315 0.03443
oolite_shuttle_diffuse.png	1.0 1.0	0.93239 0.54649	0.92527 0.56238	0.97010 0.53827
oolite_shuttle_diffuse.png	1.0 1.0	0.92422 0.56238	0.76250 0.64954	0.87454 0.64954
oolite_shuttle_diffuse.png	1.0 1.0	0.60536 0.99638	0.62349 0.99638	0.60536 0.98474
oolite_shuttle_diffuse.png	1.0 1.0	0.91562 0.54649	0.85528 0.53467	0.85528 0.54649
oolite_shuttle_diffuse.png	1.0 1.0	0.62349 0.99638	0.82042 0.98474	0.62349 0.98474
oolite_shuttle_diffuse.png	1.0 1.0	0.59804 0.95992	0.63728 0.95992	0.63728 0.91893
oolite_shuttle_diffuse.png	1.0 1.0	0.56289 0.91893	0.56289 0.95992	0.59804 0.91893
oolite_shuttle_diffuse.png	1.0 1.0	0.18097 0.89298	0.16341 0.89777	0.16341 0.92342
oolite_shuttle_diffuse.png	1.0 1.0	0.90517 0.65508	0.87633 0.64954	0.89587 0.66157
oolite_shuttle_diffuse.png	1.0 1.0	0.04522 0.35368	0.48003 0.34601	0.03932 0.21447
oolite_shuttle_diffuse.png	1.0 1.0	0.03764 0.62089	0.08052 0.54682	0.00731 0.63807
oolite_shuttle_diffuse.png	1.0 1.0	0.03764 0.62089	0.14463 0.63807	0.11662 0.62089
oolite_shuttle_diffuse.png	1.0 1.0	0.99552 0.82101	0.99552 0.66607	0.56315 0.77366
oolite_shuttle_diffuse.png	1.0 1.0	0.91588 0.83557	0.94502 0.91627	0.94502 0.83557
oolite_shuttle_diffuse.png	1.0 1.0	0.91588 0.83557	0.88254 0.83557	0.91588 0.91627
oolite_shuttle_diffuse.png	1.0 1.0	0.39748 0.92167	0.19074 0.88437	0.19074 0.92167
oolite_shuttle_diffuse.png	1.0 1.0	0.16341 0.92342	0.14339 0.94449	0.18097 0.92861
oolite_shuttle_diffuse.png	1.0 1.0	0.94502 0.83557	0.97765 0.91627	0.97765 0.83557
oolite_shuttle_diffuse.png	1.0 1.0	0.52355 0.91893	0.52355 0.95992	0.56289 0.91893
oolite_shuttle_diffuse.png	1.0 1.0	0.87954 0.40875	0.68551 0.39229	0.75496 0.40875
oolite_shuttle_diffuse.png	1.0 1.0	0.15420 0.86413	0.04077 0.87677	0.14392 0.87677
oolite_shuttle_diffuse.png	1.0 1.0	0.87889 0.49823	0.75560 0.49823	0.94899 0.52133
oolite_shuttle_diffuse.png	1.0 1.0	0.63728 0.95992	0.75980 0.95992	0.75980 0.91893
oolite_shuttle_diffuse.png	1.0 1.0	0.50408 0.98474	0.50408 0.99638	0.60536 0.99638
oolite_shuttle_diffuse.png	1.0 1.0	0.87454 0.64954	0.76797 0.65335	0.86907 0.65335
oolite_shuttle_diffuse.png	1.0 1.0	0.49732 0.98474	0.49732 0.99638	0.50408 0.99638
oolite_shuttle_diffuse.png	1.0 1.0	0.12231 0.83929	0.15449 0.68032	0.14689 0.68295
oolite_shuttle_diffuse.png	1.0 1.0	0.43570 0.79731	0.39921 0.78329	0.38995 0.79731
oolite_shuttle_diffuse.png	1.0 1.0	0.38995 0.84296	0.30740 0.79731	0.30740 0.84296
oolite_shuttle_diffuse.png	1.0 1.0	0.38995 0.79731	0.30740 0.76351	0.30740 0.79731
oolite_shuttle_diffuse.png	1.0 1.0	0.00163 0.96606	0.00163 0.97828	0.09556 0.97828
oolite_shuttle_diffuse.png	1.0 1.0	0.39917 0.77269	0.38995 0.76351	0.39921 0.78329
oolite_shuttle_diffuse.png	1.0 1.0	0.41081 0.74759	0.41097 0.35483	0.27606 0.35387
oolite_shuttle_diffuse.png	1.0 1.0	0.13148 0.84448	0.19417 0.84448	0.15449 0.68032
oolite_shuttle_diffuse.png	1.0 1.0	0.53259 0.87400	0.48046 0.76662	0.41796 0.87400
oolite_shuttle_diffuse.png	1.0 1.0	0.55210 0.88130	0.48997 0.75499	0.53259 0.87400
oolite_shuttle_diffuse.png	1.0 1.0	0.14689 0.68295	0.14694 0.67705	0.04043 0.73052
oolite_shuttle_diffuse.png	1.0 1.0	0.13681 0.67126	0.14558 0.66191	0.01429 0.66822
oolite_shuttle_diffuse.png	1.0 1.0	0.14558 0.66191	0.14766 0.65162	0.00745 0.66191
oolite_shuttle_diffuse.png	1.0 1.0	0.14766 0.65162	0.14463 0.63807	0.00731 0.63807
oolite_shuttle_diffuse.png	1.0 1.0	0.14766 0.63817	0.14766 0.49532	0.13028 0.52886
oolite_shuttle_diffuse.png	1.0 1.0	0.14867 0.48456	0.14867 0.37540	0.12173 0.38231
oolite_shuttle_diffuse.png	1.0 1.0	0.43873 0.74693	0.46903 0.35476	0.43873 0.35476
oolite_shuttle_diffuse.png	1.0 1.0	0.83203 0.35743	0.77951 0.37398	0.85424 0.37398
oolite_shuttle_diffuse.png	1.0 1.0	0.15449 0.68032	0.15538 0.67423	0.14694 0.67705
oolite_shuttle_diffuse.png	1.0 1.0	0.15449 0.68032	0.17163 0.68032	0.17082 0.67423
oolite_shuttle_diffuse.png	1.0 1.0	0.15530 0.66983	0.17074 0.66983	0.14766 0.66191
oolite_shuttle_diffuse.png	1.0 1.0	0.17074 0.66983	0.17893 0.67448	0.17893 0.66191
oolite_shuttle_diffuse.png	1.0 1.0	0.17163 0.68032	0.20330 0.83933	0.17982 0.68294
oolite_shuttle_diffuse.png	1.0 1.0	0.17897 0.48456	0.17897 0.37540	0.14867 0.37540
oolite_shuttle_diffuse.png	1.0 1.0	0.17897 0.48456	0.31922 0.53274	0.21216 0.38503
oolite_shuttle_diffuse.png	1.0 1.0	0.17982 0.68294	0.28564 0.73006	0.17976 0.67703
oolite_shuttle_diffuse.png	1.0 1.0	0.17893 0.66191	0.17893 0.65162	0.14766 0.66191
oolite_shuttle_diffuse.png	1.0 1.0	0.17893 0.65162	0.31913 0.63807	0.18248 0.63807
oolite_shuttle_diffuse.png	1.0 1.0	0.17893 0.63817	0.19561 0.52795	0.17893 0.49532
oolite_shuttle_diffuse.png	1.0 1.0	0.54694 0.65901	0.56549 0.65187	0.60907 0.53269
oolite_shuttle_diffuse.png	1.0 1.0	0.49767 0.74713	0.63281 0.35435	0.49785 0.35483
oolite_shuttle_diffuse.png	1.0 1.0	0.26165 0.79731	0.29815 0.78307	0.26165 0.78308
oolite_shuttle_diffuse.png	1.0 1.0	0.77897 0.53467	0.65985 0.53467	0.71899 0.54649
oolite_shuttle_diffuse.png	1.0 1.0	0.29815 0.78307	0.30740 0.76351	0.29818 0.77241
oolite_shuttle_diffuse.png	1.0 1.0	0.29818 0.77241	0.28471 0.76351	0.28471 0.77241
oolite_shuttle_diffuse.png	1.0 1.0	0.30740 0.74090	0.30740 0.76351	0.38995 0.76351
oolite_shuttle_diffuse.png	1.0 1.0	0.51597 0.34601	0.95971 0.21526	0.50059 0.21072
oolite_shuttle_diffuse.png	1.0 1.0	0.50424 0.74771	0.63884 0.35492	0.49767 0.74713
oolite_shuttle_diffuse.png	1.0 1.0	0.76648 0.83557	0.76648 0.91627	0.88254 0.91627
oolite_shuttle_diffuse.png	1.0 1.0	0.04131 0.94449	0.02128 0.92342	0.03049 0.95748
oolite_shuttle_diffuse.png	1.0 1.0	0.21896 0.85382	0.19074 0.88437	0.36901 0.85382
oolite_shuttle_diffuse.png	1.0 1.0	0.76093 0.64954	0.74117 0.66157	0.76645 0.65410
oolite_shuttle_diffuse.png	1.0 1.0	0.75980 0.91893	0.79911 0.95992	0.79911 0.91893
oolite_shuttle_diffuse.png	1.0 1.0	0.87379 0.91893	0.87379 0.95992	0.99799 0.95992
oolite_shuttle_diffuse.png	1.0 1.0	0.02982 0.86413	0.00305 0.89298	0.04077 0.87677
oolite_shuttle_diffuse.png	1.0 1.0	0.73400 0.83557	0.73400 0.91627	0.76648 0.83557
oolite_shuttle_diffuse.png	1.0 1.0	0.02128 0.89777	0.00305 0.89298	0.00305 0.92861
oolite_shuttle_diffuse.png	1.0 1.0	0.99552 0.66607	0.99553 0.65441	0.56324 0.70076
oolite_shuttle_diffuse.png	1.0 1.0	0.68012 0.65187	0.69449 0.65607	0.61857 0.54433
oolite_shuttle_diffuse.png	1.0 1.0	0.79911 0.91893	0.83444 0.95992	0.83444 0.91893
oolite_shuttle_diffuse.png	1.0 1.0	0.72903 0.47056	0.65026 0.42701	0.65026 0.48708
oolite_shuttle_diffuse.png	1.0 1.0	0.71899 0.54649	0.71038 0.56238	0.92422 0.56238
oolite_shuttle_diffuse.png	1.0 1.0	0.71798 0.54649	0.70222 0.54649	0.70928 0.56238
oolite_shuttle_diffuse.png	1.0 1.0	0.50116 0.20416	0.96047 0.20898	0.50123 0.19439
oolite_shuttle_diffuse.png	1.0 1.0	0.28688 0.98474	0.28688 0.99638	0.38938 0.98474
oolite_shuttle_diffuse.png	1.0 1.0	0.70928 0.56238	0.66451 0.53827	0.73187 0.65508
oolite_shuttle_diffuse.png	1.0 1.0	0.70222 0.54649	0.65985 0.53467	0.66451 0.53827
oolite_shuttle_diffuse.png	1.0 1.0	0.31906 0.66191	0.32259 0.65162	0.17893 0.65162
oolite_shuttle_diffuse.png	1.0 1.0	0.50096 0.18334	0.99604 0.04829	0.50026 0.16990
oolite_shuttle_diffuse.png	1.0 1.0	0.16707 0.98586	0.16707 0.99833	0.26256 0.99833
oolite_shuttle_diffuse.png	1.0 1.0	0.68363 0.52393	0.64100 0.53367	0.77897 0.53367
oolite_shuttle_diffuse.png	1.0 1.0	0.68551 0.39229	0.65026 0.42701	0.72903 0.43641
oolite_shuttle_diffuse.png	1.0 1.0	0.11638 0.98586	0.05370 0.99833	0.11638 0.99833
oolite_shuttle_diffuse.png	1.0 1.0	0.64729 0.48864	0.63634 0.52393	0.68363 0.52393
oolite_shuttle_diffuse.png	1.0 1.0	0.64729 0.42672	0.63634 0.39094	0.63634 0.52393
oolite_shuttle_diffuse.png	1.0 1.0	0.99520 0.19421	0.99573 0.18322	0.50096 0.18334
oolite_shuttle_diffuse.png	1.0 1.0	0.64100 0.37846	0.63634 0.39094	0.68363 0.39094
oolite_shuttle_diffuse.png	1.0 1.0	0.99826 0.52393	0.98731 0.42672	0.98731 0.48864
oolite_shuttle_diffuse.png	1.0 1.0	0.00254 0.18327	0.49679 0.18327	0.00245 0.04787
oolite_shuttle_diffuse.png	1.0 1.0	0.99826 0.39094	0.95098 0.39094	0.98731 0.42672
oolite_shuttle_diffuse.png	1.0 1.0	0.00345 0.19331	0.49736 0.19415	0.49679 0.18327
oolite_shuttle_diffuse.png	1.0 1.0	0.26949 0.35445	0.41081 0.74759	0.27606 0.35387
oolite_shuttle_diffuse.png	1.0 1.0	0.99361 0.37846	0.68363 0.39094	0.95098 0.39094
oolite_shuttle_diffuse.png	1.0 1.0	0.98424 0.48708	0.90547 0.47056	0.94899 0.52133
oolite_shuttle_diffuse.png	1.0 1.0	0.03886 0.20790	0.49786 0.20392	0.49736 0.19415
oolite_shuttle_diffuse.png	1.0 1.0	0.03932 0.21447	0.48003 0.34601	0.49832 0.21050
oolite_shuttle_diffuse.png	1.0 1.0	0.09556 0.96606	0.09556 0.97828	0.14555 0.97828
oolite_shuttle_diffuse.png	1.0 1.0	0.94899 0.39229	0.68551 0.39229	0.87954 0.40875
oolite_shuttle_diffuse.png	1.0 1.0	0.00417 0.65162	0.14766 0.65162	0.00731 0.63807
oolite_shuttle_diffuse.png	1.0 1.0	0.92527 0.56238	0.90517 0.65508	0.97010 0.53827
oolite_shuttle_diffuse.png	1.0 1.0	0.04043 0.73052	0.14694 0.67705	0.03498 0.72683
oolite_shuttle_diffuse.png	1.0 1.0	0.91562 0.54649	0.71899 0.54649	0.92422 0.56238
oolite_shuttle_diffuse.png	1.0 1.0	0.59804 0.95992	0.63728 0.91893	0.59804 0.91893
oolite_shuttle_diffuse.png	1.0 1.0	0.56289 0.91893	0.52355 0.95992	0.56289 0.95992
oolite_shuttle_diffuse.png	1.0 1.0	0.18097 0.89298	0.16341 0.92342	0.18097 0.92861
oolite_shuttle_diffuse.png	1.0 1.0	0.41263 0.88749	0.53259 0.87400	0.41796 0.87400
oolite_shuttle_diffuse.png	1.0 1.0	0.99552 0.82101	0.56315 0.77366	0.56371 0.78397
oolite_shuttle_diffuse.png	1.0 1.0	0.39748 0.88437	0.19074 0.88437	0.39748 0.92167
oolite_shuttle_diffuse.png	1.0 1.0	0.15420 0.86413	0.14392 0.87677	0.16341 0.89777
oolite_shuttle_diffuse.png	1.0 1.0	0.87454 0.64954	0.76250 0.64954	0.76797 0.65335
oolite_shuttle_diffuse.png	1.0 1.0	0.49732 0.98474	0.39606 0.99638	0.49732 0.99638
oolite_shuttle_diffuse.png	1.0 1.0	0.87081 0.65410	0.74117 0.66157	0.89587 0.66157
oolite_shuttle_diffuse.png	1.0 1.0	0.55516 0.91627	0.67223 0.91627	0.67223 0.83557
oolite_shuttle_diffuse.png	1.0 1.0	0.88254 0.83557	0.88254 0.91627	0.91588 0.91627
oolite_shuttle_diffuse.png	1.0 1.0	0.36823 0.95244	0.19074 0.92167	0.21975 0.95244
oolite_shuttle_diffuse.png	1.0 1.0	0.14339 0.94449	0.04131 0.94449	0.15353 0.95748
oolite_shuttle_diffuse.png	1.0 1.0	0.11550 0.38432	0.14867 0.48456	0.12173 0.38231
oolite_shuttle_diffuse.png	1.0 1.0	0.41264 0.76351	0.38995 0.76351	0.39917 0.77269
oolite_shuttle_diffuse.png	1.0 1.0	0.38995 0.76351	0.30740 0.76351	0.38995 0.79731
oolite_shuttle_diffuse.png	1.0 1.0	0.41081 0.74759	0.43873 0.74693	0.41097 0.35483
oolite_shuttle_diffuse.png	1.0 1.0	0.48046 0.76662	0.47902 0.75246	0.40352 0.87765
oolite_shuttle_diffuse.png	1.0 1.0	0.08052 0.54682	0.08183 0.50977	0.00731 0.63807
oolite_shuttle_diffuse.png	1.0 1.0	0.14766 0.66191	0.17893 0.65162	0.14766 0.65162
oolite_shuttle_diffuse.png	1.0 1.0	0.14766 0.65162	0.17893 0.63817	0.14766 0.63817
oolite_shuttle_diffuse.png	1.0 1.0	0.14766 0.63817	0.17893 0.49532	0.14766 0.49532
oolite_shuttle_diffuse.png	1.0 1.0	0.15449 0.68032	0.19417 0.84448	0.17163 0.68032
oolite_shuttle_diffuse.png	1.0 1.0	0.46903 0.74693	0.46903 0.35476	0.43873 0.74693
oolite_shuttle_diffuse.png	1.0 1.0	0.80173 0.35743	0.77951 0.37398	0.83203 0.35743
oolite_shuttle_diffuse.png	1.0 1.0	0.17982 0.68294	0.17976 0.67703	0.17163 0.68032
oolite_shuttle_diffuse.png	1.0 1.0	0.18157 0.66191	0.31906 0.66191	0.17893 0.65162
oolite_shuttle_diffuse.png	1.0 1.0	0.19024 0.67125	0.31213 0.66880	0.18157 0.66191
oolite_shuttle_diffuse.png	1.0 1.0	0.18243 0.63807	0.31913 0.63807	0.28889 0.62087
oolite_shuttle_diffuse.png	1.0 1.0	0.19604 0.61010	0.19561 0.52795	0.17893 0.63817
oolite_shuttle_diffuse.png	1.0 1.0	0.55012 0.66535	0.68545 0.66535	0.56549 0.65187
oolite_shuttle_diffuse.png	1.0 1.0	0.24604 0.54709	0.31913 0.63807	0.24473 0.51004
oolite_shuttle_diffuse.png	1.0 1.0	0.61857 0.54433	0.69449 0.65607	0.62118 0.52957
oolite_shuttle_diffuse.png	1.0 1.0	0.56549 0.65187	0.68012 0.65187	0.61857 0.54433
oolite_shuttle_diffuse.png	1.0 1.0	0.56315 0.71097	0.99552 0.66607	0.56324 0.70076
oolite_shuttle_diffuse.png	1.0 1.0	0.49767 0.74713	0.49785 0.35483	0.46903 0.74693
oolite_shuttle_diffuse.png	1.0 1.0	0.30740 0.79731	0.30740 0.76351	0.29815 0.78307
oolite_shuttle_diffuse.png	1.0 1.0	0.98623 0.32989	0.99520 0.19421	0.96047 0.20898
oolite_shuttle_diffuse.png	1.0 1.0	0.39606 0.98474	0.38938 0.99638	0.39606 0.99638
oolite_shuttle_diffuse.png	1.0 1.0	0.04077 0.87677	0.00305 0.89298	0.02128 0.89777
oolite_shuttle_diffuse.png	1.0 1.0	0.38938 0.98474	0.28688 0.99638	0.38938 0.99638
oolite_shuttle_diffuse.png	1.0 1.0	0.76093 0.64954	0.73187 0.65508	0.74117 0.66157
oolite_shuttle_diffuse.png	1.0 1.0	0.75980 0.95992	0.79911 0.95992	0.75980 0.91893
oolite_shuttle_diffuse.png	1.0 1.0	0.87379 0.91893	0.83444 0.91893	0.87379 0.95992
oolite_shuttle_diffuse.png	1.0 1.0	0.70479 0.83557	0.70479 0.91627	0.73400 0.83557
oolite_shuttle_diffuse.png	1.0 1.0	0.02128 0.89777	0.00305 0.92861	0.02128 0.92342
oolite_shuttle_diffuse.png	1.0 1.0	0.72903 0.47056	0.68551 0.52133	0.75560 0.49823
oolite_shuttle_diffuse.png	1.0 1.0	0.26870 0.99638	0.28688 0.98474	0.26870 0.98474
oolite_shuttle_diffuse.png	1.0 1.0	0.50059 0.21072	0.95971 0.21526	0.50116 0.20416
oolite_shuttle_diffuse.png	1.0 1.0	0.50026 0.16990	0.99534 0.03486	0.58005 0.00566
oolite_shuttle_diffuse.png	1.0 1.0	0.00236 0.99833	0.05370 0.98586	0.00236 0.98586
oolite_shuttle_diffuse.png	1.0 1.0	0.68363 0.39094	0.63634 0.39094	0.64729 0.42672
oolite_shuttle_diffuse.png	1.0 1.0	0.11638 0.98586	0.11638 0.99833	0.16707 0.98586
oolite_shuttle_diffuse.png	1.0 1.0	0.05370 0.98586	0.05370 0.99833	0.11638 0.98586
oolite_shuttle_diffuse.png	1.0 1.0	0.64565 0.37386	0.64100 0.37846	0.99361 0.37846
oolite_shuttle_diffuse.png	1.0 1.0	0.17897 0.48456	0.20595 0.38298	0.17897 0.37540
oolite_shuttle_diffuse.png	1.0 1.0	0.67223 0.91627	0.70479 0.83557	0.67223 0.83557
oolite_shuttle_diffuse.png	1.0 1.0	0.96047 0.20898	0.99520 0.19421	0.50123 0.19439

END
