// output from Obj2DatTex.py Wavefront text file conversion script
// (c) 2005 By Giles Williams
// 
// original file: "python_eng.obj"
// 
// model size: 9.834 x 20.912 x 74.333
// 
// textures used: ['oolite_python_subents.png']
// 
NVERTS 170
NFACES 234

VERTEX
5.10009, -1.86482, -69.11610
5.10009, -1.86482, -73.90210
5.10009, 1.86482, -69.11610
5.10009, 1.86482, -73.90210
4.55599, -0.89179, -73.90210
4.55599, -0.89178, -69.11610
4.55599, 0.89178, -69.11610
4.55599, 0.89179, -73.90210
4.29121, -1.90901, -71.00350
4.29121, -1.90901, -73.90210
4.29121, 1.90901, -71.00350
4.29121, 1.90901, -73.90210
4.12918, -1.61926, -71.00350
4.12918, -1.61926, -73.90210
4.12918, 1.61926, -71.00350
4.12918, 1.61926, -73.90210
3.39431, -0.46050, -69.11610
3.39431, 0.46050, -69.11610
3.39431, 0.46050, -73.90210
3.39430, -0.46050, -73.90210
3.39421, -1.61896, -71.00350
3.39421, -1.61896, -73.90210
3.39421, -1.61896, -74.33300
3.39421, -0.89139, -69.11610
3.39421, -0.89139, -73.90210
3.39421, -0.89139, -74.33300
3.39421, 0.89139, -69.11610
3.39421, 0.89139, -73.90210
3.39421, 0.89139, -74.33300
3.39421, 1.61896, -71.00350
3.39421, 1.61896, -73.90210
3.39421, 1.61896, -74.33300
3.39412, -2.04985, -71.00350
3.39412, -2.04985, -73.90210
3.39412, 2.04985, -73.90210
3.39412, 2.04986, -71.00350
3.14138, -0.46050, -69.14440
3.14138, 0.46050, -69.14440
3.14138, 0.46050, -71.58860
3.14137, -0.46050, -71.58860
2.78051, -0.21342, -70.42470
2.78051, -0.13190, -70.17380
2.78051, 0.00000, -70.57980
2.78051, 0.13190, -70.17380
2.78051, 0.21342, -70.42470
2.77839, -0.46024, -71.58860
2.77839, 0.46024, -69.14440
2.77839, 0.46024, -71.58860
2.77838, -0.46024, -69.14440
2.52155, -0.46024, -69.11610
2.52155, -0.46024, -73.90210
2.52155, 0.46024, -69.11610
2.52155, 0.46024, -73.90210
2.52145, -1.61870, -71.00350
2.52145, -1.61870, -73.90210
2.52145, -1.61870, -74.33300
2.52145, -0.89113, -69.11610
2.52145, -0.89113, -73.90210
2.52145, -0.89113, -74.33300
2.52145, 0.89113, -69.11610
2.52145, 0.89113, -73.90210
2.52145, 0.89113, -74.33300
2.52145, 1.61870, -71.00350
2.52145, 1.61870, -73.90210
2.52145, 1.61870, -74.33300
2.52136, -2.04959, -71.00350
2.52136, -2.04959, -73.90210
2.52136, 2.04959, -71.00350
2.52136, 2.04959, -73.90210
1.69459, -9.90394, -69.11610
1.69459, -9.90394, -73.90210
1.69459, 9.90394, -69.11610
1.69459, 9.90394, -73.90210
1.21960, -10.45580, -69.11610
1.21960, -10.45580, -73.90210
1.21960, 10.45580, -69.11610
1.21960, 10.45580, -73.90210
1.06899, -9.51549, -71.00350
1.06899, -9.51549, -73.90210
1.06899, 9.51549, -71.00350
1.06899, 9.51549, -73.90210
0.88586, -9.72827, -71.00350
0.88586, -9.72827, -73.90210
0.88586, 9.72827, -71.00350
0.88586, 9.72827, -73.90210
-0.63850, -9.72827, -71.00350
-0.63850, -9.72827, -73.90210
-0.63850, 9.72827, -71.00350
-0.63850, 9.72827, -73.90210
-0.81502, -9.52386, -71.00350
-0.81502, -9.52386, -73.90210
-0.81502, 9.52386, -71.00350
-0.81502, 9.52386, -73.90210
-0.97151, -10.45580, -69.11610
-0.97151, -10.45580, -73.90210
-0.97151, 10.45580, -69.11610
-0.97151, 10.45580, -73.90210
-1.44339, -9.90939, -69.11610
-1.44339, -9.90939, -73.90210
-1.44339, 9.90939, -69.11610
-1.44339, 9.90939, -73.90210
-2.26057, -0.46050, -69.11610
-2.26057, -0.46050, -73.90210
-2.26057, 0.46050, -69.11610
-2.26057, 0.46050, -73.90210
-2.26066, -1.61896, -71.00350
-2.26066, -1.61896, -73.90210
-2.26066, -1.61896, -74.33300
-2.26066, -0.89139, -69.11610
-2.26066, -0.89139, -73.90210
-2.26066, -0.89139, -74.33300
-2.26066, 0.89139, -69.11610
-2.26066, 0.89139, -73.90210
-2.26066, 0.89139, -74.33300
-2.26066, 1.61896, -71.00350
-2.26066, 1.61896, -73.90210
-2.26066, 1.61896, -74.33300
-2.26075, -2.04985, -71.00350
-2.26075, -2.04985, -73.90210
-2.26075, 2.04985, -73.90210
-2.26075, 2.04986, -71.00350
-2.51349, 0.46050, -71.58860
-2.51350, -0.46050, -69.14440
-2.51350, -0.46050, -71.58860
-2.51350, 0.46050, -69.14440
-2.51759, -0.21342, -70.42470
-2.51759, -0.13190, -70.17380
-2.51759, 0.00000, -70.57980
-2.51759, 0.13190, -70.17380
-2.51759, 0.21342, -70.42470
-2.87649, -0.46024, -69.14440
-2.87649, -0.46024, -71.58860
-2.87649, 0.46024, -69.14440
-2.87649, 0.46024, -71.58860
-3.13332, -0.46024, -69.11610
-3.13332, -0.46024, -73.90210
-3.13333, 0.46024, -69.11610
-3.13333, 0.46024, -73.90210
-3.13342, -1.61870, -71.00350
-3.13342, -1.61870, -73.90210
-3.13342, -1.61870, -74.33300
-3.13342, -0.89113, -69.11610
-3.13342, -0.89113, -73.90210
-3.13342, -0.89113, -74.33300
-3.13342, 0.89113, -69.11610
-3.13342, 0.89113, -73.90210
-3.13342, 0.89113, -74.33300
-3.13342, 1.61870, -71.00350
-3.13342, 1.61870, -73.90210
-3.13342, 1.61870, -74.33300
-3.13351, 2.04959, -71.00350
-3.13351, 2.04959, -73.90210
-3.13352, -2.04959, -71.00350
-3.13352, -2.04959, -73.90210
-3.76599, -1.61752, -71.00350
-3.76599, -1.61752, -73.90210
-3.76599, 1.61752, -71.00350
-3.76599, 1.61752, -73.90210
-3.92864, -1.91311, -73.90210
-3.92864, -1.91310, -71.00350
-3.92864, 1.91310, -71.00350
-3.92864, 1.91311, -73.90210
-4.19603, -0.88986, -69.11610
-4.19603, -0.88986, -73.90210
-4.19603, 0.88986, -69.11610
-4.19603, 0.88986, -73.90210
-4.73365, -1.86688, -69.11610
-4.73365, -1.86688, -73.90210
-4.73365, 1.86688, -69.11610
-4.73365, 1.86688, -73.90210

FACES
128,127,127,	0.87281,0.48806,0.00000,	3,	0,5,1
128,127,127,	0.92079,-0.39006,0.00000,	3,	0,70,69
128,127,127,	0.87281,0.48806,-0.00000,	3,	1,5,4
128,127,127,	0.00000,0.00000,-1.00000,	3,	1,13,9
128,127,127,	0.92079,-0.39006,0.00000,	3,	1,70,0
128,127,127,	0.92079,0.39006,0.00000,	3,	2,72,3
128,127,127,	0.87281,-0.48806,0.00000,	3,	3,6,2
128,127,127,	0.87281,-0.48806,-0.00000,	3,	3,7,6
128,127,127,	0.00000,0.00000,-1.00000,	3,	3,15,7
128,127,127,	0.00000,0.00000,-1.00000,	3,	3,72,11
128,127,127,	0.00000,0.00000,-1.00000,	3,	4,13,1
128,127,127,	0.00000,0.00000,-1.00000,	3,	4,155,13
128,127,127,	0.00000,0.00000,-1.00000,	3,	4,163,155
128,127,127,	0.00022,1.00000,-0.00000,	3,	5,162,4
128,127,127,	0.00022,-1.00000,-0.00000,	3,	7,164,6
128,127,127,	0.00022,-1.00000,0.00000,	3,	7,165,164
128,127,127,	-0.87280,-0.48808,0.00000,	3,	8,13,12
128,127,127,	-0.92079,0.39006,0.00000,	3,	8,77,9
128,127,127,	0.00000,0.00000,-1.00000,	3,	8,85,77
128,127,127,	0.00000,0.00000,-1.00000,	3,	8,89,85
128,127,127,	0.00000,0.00000,-1.00000,	3,	8,159,89
128,127,127,	-0.87280,-0.48808,0.00000,	3,	9,13,8
128,127,127,	0.00000,0.00000,-1.00000,	3,	9,70,1
128,127,127,	0.00000,0.00000,-1.00000,	3,	9,78,70
128,127,127,	-0.87280,0.48808,0.00000,	3,	10,15,11
128,127,127,	0.00000,0.00000,-1.00000,	3,	10,160,14
128,127,127,	0.00000,0.00000,-1.00000,	3,	11,15,3
128,127,127,	-0.92079,-0.39006,0.00000,	3,	11,79,10
128,127,127,	-0.92079,-0.39006,0.00000,	3,	11,80,79
128,127,127,	-0.00022,-1.00000,0.00000,	3,	12,155,154
128,127,127,	0.00000,0.00000,-1.00000,	3,	12,159,8
128,127,127,	-0.00022,-1.00000,0.00000,	3,	13,155,12
128,127,127,	-0.87280,0.48808,0.00000,	3,	14,15,10
128,127,127,	-0.00022,1.00000,0.00000,	3,	14,157,15
128,127,127,	0.00000,0.00000,-1.00000,	3,	14,160,156
128,127,127,	0.00000,0.00000,-1.00000,	3,	15,157,7
128,127,127,	1.00000,-0.00023,0.00000,	3,	16,24,23
128,127,127,	0.00030,1.00000,-0.00000,	3,	16,50,19
128,127,127,	1.00000,0.00023,0.00000,	3,	17,26,18
128,127,127,	0.00030,-1.00000,0.00000,	3,	18,51,17
128,127,127,	0.00030,-1.00000,0.00000,	3,	18,52,51
128,127,127,	0.00021,-0.70711,-0.70710,	3,	18,61,52
128,127,127,	1.00000,-0.00021,-0.00000,	3,	19,24,16
128,127,127,	1.00000,-0.00021,0.00000,	3,	19,25,24
128,127,127,	0.00021,0.70711,-0.70710,	3,	19,58,25
128,127,127,	1.00000,-0.00021,0.00000,	3,	20,33,32
128,127,127,	1.00000,0.00000,0.00000,	3,	21,24,22
128,127,127,	1.00000,-0.00021,0.00000,	3,	21,33,20
128,127,127,	1.00000,-0.00021,0.00000,	3,	22,33,21
128,127,127,	-0.00021,-0.70711,-0.70710,	3,	22,66,33
128,127,127,	1.00000,0.00000,0.00000,	3,	24,25,22
128,127,127,	0.00000,0.00000,-1.00000,	3,	25,55,22
128,127,127,	0.00000,0.00000,-1.00000,	3,	25,58,55
128,127,127,	1.00000,0.00023,0.00000,	3,	26,27,18
128,127,127,	1.00000,0.00023,0.00000,	3,	27,28,18
128,127,127,	1.00000,0.00000,0.00000,	3,	27,30,28
128,127,127,	0.00021,-0.70711,-0.70710,	3,	28,61,18
128,127,127,	0.00000,0.00000,-1.00000,	3,	28,64,61
128,127,127,	1.00000,0.00021,0.00000,	3,	29,35,30
128,127,127,	1.00000,0.00000,0.00000,	3,	30,31,28
128,127,127,	1.00000,0.00021,0.00000,	3,	30,34,31
128,127,127,	1.00000,0.00021,-0.00000,	3,	30,35,34
128,127,127,	0.00000,0.00000,-1.00000,	3,	31,64,28
128,127,127,	-0.00021,0.70711,-0.70710,	3,	31,68,64
128,127,127,	-0.00030,-1.00000,0.00000,	3,	33,65,32
128,127,127,	-0.00030,-1.00000,0.00000,	3,	33,66,65
128,127,127,	-0.00021,0.70711,-0.70710,	3,	34,68,31
128,127,127,	-0.00030,1.00000,-0.00000,	3,	35,68,34
128,127,127,	1.00000,0.00000,-0.00000,	3,	37,39,36
128,127,127,	1.00000,-0.00001,0.00000,	3,	38,39,37
128,127,127,	0.00000,0.00000,-1.00000,	3,	38,45,39
128,127,127,	0.00000,0.00000,-1.00000,	3,	38,47,45
128,127,127,	0.00000,-0.95106,0.30901,	3,	40,126,41
128,127,127,	0.00000,-0.58789,-0.80894,	3,	40,127,125
128,127,127,	0.00000,0.00000,1.00000,	3,	41,128,43
128,127,127,	0.00000,-0.58789,-0.80894,	3,	42,127,40
128,127,127,	0.00000,0.58789,-0.80894,	3,	42,129,127
128,127,127,	0.00000,0.95106,0.30901,	3,	43,129,44
128,127,127,	0.00000,0.58789,-0.80894,	3,	44,129,42
128,127,127,	-1.00000,0.00001,0.00000,	3,	46,48,47
128,127,127,	-1.00000,0.00000,-0.00000,	3,	47,48,45
128,127,127,	0.00030,1.00000,0.00000,	3,	49,50,16
128,127,127,	-1.00000,0.00023,0.00000,	3,	49,57,50
128,127,127,	0.00021,0.70711,-0.70710,	3,	50,58,19
128,127,127,	-1.00000,-0.00023,0.00000,	3,	52,59,51
128,127,127,	-1.00000,-0.00023,0.00000,	3,	52,60,59
128,127,127,	-1.00000,-0.00023,0.00000,	3,	52,61,60
128,127,127,	-1.00000,0.00021,0.00000,	3,	53,66,54
128,127,127,	-1.00000,0.00021,0.00000,	3,	54,66,55
128,127,127,	-1.00000,0.00000,0.00000,	3,	55,57,54
128,127,127,	-1.00000,0.00000,0.00000,	3,	55,58,57
128,127,127,	-0.00021,-0.70711,-0.70710,	3,	55,66,22
128,127,127,	-1.00000,0.00023,0.00000,	3,	56,57,49
128,127,127,	-1.00000,0.00023,0.00000,	3,	57,58,50
128,127,127,	-1.00000,0.00000,0.00000,	3,	61,63,60
128,127,127,	-1.00000,0.00000,0.00000,	3,	61,64,63
128,127,127,	-1.00000,-0.00021,0.00000,	3,	63,67,62
128,127,127,	-1.00000,-0.00021,0.00000,	3,	63,68,67
128,127,127,	-1.00000,-0.00021,0.00000,	3,	64,68,63
128,127,127,	-1.00000,0.00021,0.00000,	3,	65,66,53
128,127,127,	-0.00031,1.00000,0.00000,	3,	67,68,35
128,127,127,	0.75792,-0.65235,0.00000,	3,	69,74,73
128,127,127,	0.75792,-0.65235,0.00000,	3,	70,74,69
128,127,127,	0.00000,0.00000,-1.00000,	3,	70,82,74
128,127,127,	0.92079,0.39006,0.00000,	3,	71,72,2
128,127,127,	0.75792,0.65235,0.00000,	3,	71,76,72
128,127,127,	0.00000,0.00000,-1.00000,	3,	72,80,11
128,127,127,	0.00000,0.00000,-1.00000,	3,	72,84,80
128,127,127,	0.00000,-1.00000,0.00000,	3,	73,94,93
128,127,127,	0.00000,-1.00000,0.00000,	3,	74,94,73
128,127,127,	0.75792,0.65235,0.00000,	3,	75,76,71
128,127,127,	0.00000,1.00000,0.00000,	3,	75,96,76
128,127,127,	0.00000,0.00000,-1.00000,	3,	76,84,72
128,127,127,	0.00000,0.00000,-1.00000,	3,	76,96,84
128,127,127,	-0.92079,0.39006,0.00000,	3,	77,78,9
128,127,127,	-0.75794,0.65232,0.00000,	3,	77,81,78
128,127,127,	0.00000,0.00000,-1.00000,	3,	77,85,81
128,127,127,	0.00000,0.00000,-1.00000,	3,	78,82,70
128,127,127,	0.00000,0.00000,-1.00000,	3,	79,87,10
128,127,127,	-0.75794,-0.65232,0.00000,	3,	80,83,79
128,127,127,	-0.75794,-0.65232,0.00000,	3,	80,84,83
128,127,127,	-0.75794,0.65232,0.00000,	3,	81,82,78
128,127,127,	0.00000,1.00000,0.00000,	3,	81,85,82
128,127,127,	0.00000,0.00000,-1.00000,	3,	82,94,74
128,127,127,	0.00000,0.00000,-1.00000,	3,	83,87,79
128,127,127,	0.00000,-1.00000,0.00000,	3,	84,87,83
128,127,127,	0.00000,-1.00000,0.00000,	3,	84,88,87
128,127,127,	0.00000,0.00000,-1.00000,	3,	84,96,88
128,127,127,	0.00000,1.00000,0.00000,	3,	85,86,82
128,127,127,	0.75685,0.65359,0.00000,	3,	85,90,86
128,127,127,	0.00000,0.00000,-1.00000,	3,	86,94,82
128,127,127,	0.00000,0.00000,-1.00000,	3,	86,98,94
128,127,127,	0.00000,0.00000,-1.00000,	3,	87,91,10
128,127,127,	0.75685,-0.65359,0.00000,	3,	87,92,91
128,127,127,	0.75685,-0.65359,0.00000,	3,	88,92,87
128,127,127,	0.00000,0.00000,-1.00000,	3,	88,100,92
128,127,127,	0.75685,0.65359,0.00000,	3,	89,90,85
128,127,127,	0.92554,0.37865,0.00000,	3,	89,158,90
128,127,127,	0.92554,0.37865,-0.00000,	3,	89,159,158
128,127,127,	0.00000,0.00000,-1.00000,	3,	90,98,86
128,127,127,	0.00000,0.00000,-1.00000,	3,	90,158,98
128,127,127,	0.00000,0.00000,-1.00000,	3,	91,160,10
128,127,127,	0.92554,-0.37865,-0.00000,	3,	91,161,160
128,127,127,	0.92554,-0.37865,0.00000,	3,	92,161,91
128,127,127,	-0.75684,-0.65360,0.00000,	3,	93,98,97
128,127,127,	-0.75684,-0.65360,0.00000,	3,	94,98,93
128,127,127,	0.00000,1.00000,0.00000,	3,	95,96,75
128,127,127,	-0.75684,0.65360,0.00000,	3,	95,100,96
128,127,127,	0.00000,0.00000,-1.00000,	3,	96,100,88
128,127,127,	-0.92554,-0.37865,0.00000,	3,	97,167,166
128,127,127,	-0.92554,-0.37865,0.00000,	3,	98,167,97
128,127,127,	-0.75684,0.65360,0.00000,	3,	99,100,95
128,127,127,	-0.92554,0.37865,0.00000,	3,	99,169,100
128,127,127,	0.00000,0.00000,-1.00000,	3,	100,161,92
128,127,127,	0.00000,0.00000,-1.00000,	3,	100,169,161
128,127,127,	1.00000,-0.00021,0.00000,	3,	101,109,108
128,127,127,	0.00030,1.00000,0.00000,	3,	101,135,102
128,127,127,	1.00000,-0.00021,0.00000,	3,	102,109,101
128,127,127,	1.00000,-0.00021,0.00000,	3,	102,110,109
128,127,127,	0.00021,0.70711,-0.70710,	3,	102,143,110
128,127,127,	1.00000,0.00021,0.00000,	3,	103,111,104
128,127,127,	0.00030,-1.00000,0.00000,	3,	104,136,103
128,127,127,	0.00030,-1.00000,0.00000,	3,	104,137,136
128,127,127,	0.00021,-0.70711,-0.70710,	3,	104,146,137
128,127,127,	1.00000,-0.00021,0.00000,	3,	105,118,117
128,127,127,	1.00000,0.00000,0.00000,	3,	106,109,107
128,127,127,	1.00000,-0.00021,0.00000,	3,	106,118,105
128,127,127,	1.00000,-0.00021,0.00000,	3,	107,118,106
128,127,127,	-0.00021,-0.70711,-0.70710,	3,	107,153,118
128,127,127,	1.00000,0.00000,0.00000,	3,	109,110,107
128,127,127,	0.00000,0.00000,-1.00000,	3,	110,140,107
128,127,127,	0.00000,0.00000,-1.00000,	3,	110,143,140
128,127,127,	1.00000,0.00021,0.00000,	3,	111,112,104
128,127,127,	1.00000,0.00021,0.00000,	3,	112,113,104
128,127,127,	1.00000,0.00000,0.00000,	3,	112,115,113
128,127,127,	0.00021,-0.70711,-0.70710,	3,	113,146,104
128,127,127,	0.00000,0.00000,-1.00000,	3,	113,149,146
128,127,127,	1.00000,0.00021,0.00000,	3,	114,120,115
128,127,127,	1.00000,0.00000,0.00000,	3,	115,116,113
128,127,127,	1.00000,0.00021,0.00000,	3,	115,119,116
128,127,127,	1.00000,0.00021,-0.00000,	3,	115,120,119
128,127,127,	0.00000,0.00000,-1.00000,	3,	116,149,113
128,127,127,	-0.00021,0.70711,-0.70710,	3,	116,151,149
128,127,127,	-0.00030,-1.00000,0.00000,	3,	118,152,117
128,127,127,	-0.00030,-1.00000,0.00000,	3,	118,153,152
128,127,127,	-0.00021,0.70711,-0.70710,	3,	119,151,116
128,127,127,	-0.00030,1.00000,-0.00000,	3,	120,151,119
128,127,127,	0.00000,0.00000,-1.00000,	3,	121,131,123
128,127,127,	0.00000,0.00000,-1.00000,	3,	121,133,131
128,127,127,	1.00000,0.00000,0.00000,	3,	122,124,123
128,127,127,	1.00000,-0.00001,0.00000,	3,	123,124,121
128,127,127,	0.00000,-0.95106,0.30901,	3,	125,126,40
128,127,127,	0.00000,0.00000,1.00000,	3,	126,128,41
128,127,127,	0.00000,0.95106,0.30901,	3,	128,129,43
128,127,127,	-1.00000,0.00000,0.00000,	3,	130,133,132
128,127,127,	-1.00000,0.00000,0.00000,	3,	131,133,130
128,127,127,	0.00030,1.00000,0.00000,	3,	134,135,101
128,127,127,	-1.00000,0.00023,0.00000,	3,	134,142,135
128,127,127,	0.00021,0.70711,-0.70710,	3,	135,143,102
128,127,127,	-1.00000,-0.00021,0.00000,	3,	137,144,136
128,127,127,	-1.00000,-0.00021,0.00000,	3,	137,145,144
128,127,127,	-1.00000,-0.00021,0.00000,	3,	137,146,145
128,127,127,	-1.00000,0.00023,0.00000,	3,	138,153,139
128,127,127,	-1.00000,0.00023,0.00000,	3,	139,153,140
128,127,127,	-1.00000,0.00000,0.00000,	3,	140,142,139
128,127,127,	-1.00000,0.00000,0.00000,	3,	140,143,142
128,127,127,	-0.00021,-0.70711,-0.70710,	3,	140,153,107
128,127,127,	-1.00000,0.00023,0.00000,	3,	141,142,134
128,127,127,	-1.00000,0.00023,0.00000,	3,	142,143,135
128,127,127,	-1.00000,0.00000,0.00000,	3,	146,148,145
128,127,127,	-1.00000,0.00000,0.00000,	3,	146,149,148
128,127,127,	-1.00000,-0.00021,0.00000,	3,	148,150,147
128,127,127,	-1.00000,-0.00021,0.00000,	3,	148,151,150
128,127,127,	-1.00000,-0.00021,0.00000,	3,	149,151,148
128,127,127,	-0.00031,1.00000,0.00000,	3,	150,151,120
128,127,127,	-1.00000,0.00023,0.00000,	3,	152,153,138
128,127,127,	0.00000,0.00000,-1.00000,	3,	154,159,12
128,127,127,	0.87611,-0.48210,0.00000,	3,	155,159,154
128,127,127,	0.00000,0.00000,-1.00000,	3,	155,167,158
128,127,127,	-0.00022,1.00000,0.00000,	3,	156,157,14
128,127,127,	0.87611,0.48210,0.00000,	3,	156,160,157
128,127,127,	0.00000,0.00000,-1.00000,	3,	157,165,7
128,127,127,	0.00000,0.00000,-1.00000,	3,	157,169,165
128,127,127,	0.87612,-0.48209,0.00000,	3,	158,159,155
128,127,127,	0.00000,0.00000,-1.00000,	3,	158,167,98
128,127,127,	0.87612,0.48209,0.00000,	3,	160,161,157
128,127,127,	0.00000,0.00000,-1.00000,	3,	161,169,157
128,127,127,	0.00022,1.00000,0.00000,	3,	162,163,4
128,127,127,	-0.87612,0.48210,0.00000,	3,	162,166,163
128,127,127,	0.00000,0.00000,-1.00000,	3,	163,167,155
128,127,127,	-0.87612,-0.48210,0.00000,	3,	165,168,164
128,127,127,	-0.87612,-0.48210,0.00000,	3,	165,169,168
128,127,127,	-0.87612,0.48210,0.00000,	3,	166,167,163
128,127,127,	-0.92554,0.37865,0.00000,	3,	168,169,99

TEXTURES
oolite_python_subents.png	1.0 1.0	0.70416 0.85014	0.66981 0.85014	0.70416 0.99853
oolite_python_subents.png	1.0 1.0	0.70416 0.85014	0.97524 0.99853	0.97524 0.85014
oolite_python_subents.png	1.0 1.0	0.70416 0.99853	0.66981 0.85014	0.66981 0.99853
oolite_python_subents.png	1.0 1.0	0.68653 0.04742	0.64472 0.03655	0.65170 0.04937
oolite_python_subents.png	1.0 1.0	0.70416 0.99853	0.97524 0.99853	0.70416 0.85014
oolite_python_subents.png	1.0 1.0	0.70237 0.65076	0.97344 0.50237	0.70237 0.50237
oolite_python_subents.png	1.0 1.0	0.70237 0.50237	0.66801 0.65076	0.70237 0.65076
oolite_python_subents.png	1.0 1.0	0.70237 0.50237	0.66801 0.50237	0.66801 0.65076
oolite_python_subents.png	1.0 1.0	0.42472 0.45544	0.38291 0.46631	0.40129 0.49851
oolite_python_subents.png	1.0 1.0	0.42472 0.45544	0.27808 0.11069	0.38988 0.45348
oolite_python_subents.png	1.0 1.0	0.66311 0.00434	0.64472 0.03655	0.68653 0.04742
oolite_python_subents.png	1.0 1.0	0.66311 0.00434	0.30476 0.03647	0.64472 0.03655
oolite_python_subents.png	1.0 1.0	0.66311 0.00434	0.28624 0.00426	0.30476 0.03647
oolite_python_subents.png	1.0 1.0	0.66981 0.85014	0.39847 0.85014	0.66981 0.99853
oolite_python_subents.png	1.0 1.0	0.66801 0.50237	0.39666 0.65076	0.66801 0.65076
oolite_python_subents.png	1.0 1.0	0.66801 0.50237	0.39666 0.50237	0.39666 0.65076
oolite_python_subents.png	1.0 1.0	0.25989 0.84208	0.24969 0.75220	0.24969 0.84208
oolite_python_subents.png	1.0 1.0	0.25989 0.84208	0.51612 0.84208	0.25989 0.75220
oolite_python_subents.png	1.0 1.0	0.64661 0.05184	0.44016 0.37931	0.51152 0.37053
oolite_python_subents.png	1.0 1.0	0.64661 0.05184	0.43276 0.37075	0.44016 0.37931
oolite_python_subents.png	1.0 1.0	0.64661 0.05184	0.30256 0.05184	0.43276 0.37075
oolite_python_subents.png	1.0 1.0	0.25989 0.75220	0.24969 0.75220	0.25989 0.84208
oolite_python_subents.png	1.0 1.0	0.65170 0.04937	0.53989 0.39217	0.68653 0.04742
oolite_python_subents.png	1.0 1.0	0.65170 0.04937	0.51295 0.37497	0.53989 0.39217
oolite_python_subents.png	1.0 1.0	0.26081 0.65579	0.25060 0.74568	0.26081 0.74568
oolite_python_subents.png	1.0 1.0	0.38479 0.45101	0.04074 0.45101	0.37841 0.46339
oolite_python_subents.png	1.0 1.0	0.38988 0.45348	0.38291 0.46631	0.42472 0.45544
oolite_python_subents.png	1.0 1.0	0.26081 0.74568	0.51703 0.65579	0.26081 0.65579
oolite_python_subents.png	1.0 1.0	0.26081 0.74568	0.51703 0.74568	0.51703 0.65579
oolite_python_subents.png	1.0 1.0	0.24969 0.84208	0.00477 0.75220	0.00477 0.84208
oolite_python_subents.png	1.0 1.0	0.64023 0.03946	0.30256 0.05184	0.64661 0.05184
oolite_python_subents.png	1.0 1.0	0.24969 0.75220	0.00477 0.75220	0.24969 0.84208
oolite_python_subents.png	1.0 1.0	0.25060 0.65579	0.25060 0.74568	0.26081 0.65579
oolite_python_subents.png	1.0 1.0	0.25060 0.65579	0.00568 0.74568	0.25060 0.74568
oolite_python_subents.png	1.0 1.0	0.37841 0.46339	0.04074 0.45101	0.04751 0.46339
oolite_python_subents.png	1.0 1.0	0.38291 0.46631	0.04295 0.46639	0.40129 0.49851
oolite_python_subents.png	1.0 1.0	0.92795 0.44624	0.77151 0.45986	0.92795 0.45986
oolite_python_subents.png	1.0 1.0	0.58739 0.33389	0.74226 0.36071	0.74227 0.33389
oolite_python_subents.png	1.0 1.0	0.92795 0.41712	0.92795 0.40350	0.77151 0.41712
oolite_python_subents.png	1.0 1.0	0.73571 0.29949	0.89058 0.32631	0.89058 0.29949
oolite_python_subents.png	1.0 1.0	0.73571 0.29949	0.73570 0.32631	0.89058 0.32631
oolite_python_subents.png	1.0 1.0	0.73571 0.29949	0.71700 0.32630	0.73570 0.32631
oolite_python_subents.png	1.0 1.0	0.77151 0.44624	0.77151 0.45986	0.92795 0.44624
oolite_python_subents.png	1.0 1.0	0.77151 0.44624	0.75742 0.45986	0.77151 0.45986
oolite_python_subents.png	1.0 1.0	0.74227 0.33389	0.76097 0.36071	0.76098 0.33390
oolite_python_subents.png	1.0 1.0	0.86625 0.48286	0.77151 0.49648	0.86625 0.49648
oolite_python_subents.png	1.0 1.0	0.77151 0.48286	0.77151 0.45986	0.75742 0.48286
oolite_python_subents.png	1.0 1.0	0.77151 0.48286	0.77151 0.49648	0.86625 0.48286
oolite_python_subents.png	1.0 1.0	0.75742 0.48286	0.77151 0.49648	0.77151 0.48286
oolite_python_subents.png	1.0 1.0	0.78259 0.33390	0.80217 0.36071	0.80218 0.33390
oolite_python_subents.png	1.0 1.0	0.77151 0.45986	0.75742 0.45986	0.75742 0.48286
oolite_python_subents.png	1.0 1.0	0.76098 0.33390	0.78258 0.36071	0.78259 0.33390
oolite_python_subents.png	1.0 1.0	0.76098 0.33390	0.76097 0.36071	0.78258 0.36071
oolite_python_subents.png	1.0 1.0	0.92795 0.40350	0.77151 0.40350	0.77151 0.41712
oolite_python_subents.png	1.0 1.0	0.77151 0.40350	0.75742 0.40350	0.77151 0.41712
oolite_python_subents.png	1.0 1.0	0.77151 0.40350	0.77151 0.38050	0.75742 0.40350
oolite_python_subents.png	1.0 1.0	0.71700 0.29949	0.71700 0.32630	0.73571 0.29949
oolite_python_subents.png	1.0 1.0	0.71700 0.29949	0.69538 0.32630	0.71700 0.32630
oolite_python_subents.png	1.0 1.0	0.86625 0.38050	0.86625 0.36688	0.77151 0.38050
oolite_python_subents.png	1.0 1.0	0.77151 0.38050	0.75742 0.38050	0.75742 0.40350
oolite_python_subents.png	1.0 1.0	0.77151 0.38050	0.77151 0.36688	0.75742 0.38050
oolite_python_subents.png	1.0 1.0	0.77151 0.38050	0.86625 0.36688	0.77151 0.36688
oolite_python_subents.png	1.0 1.0	0.69539 0.29949	0.69538 0.32630	0.71700 0.29949
oolite_python_subents.png	1.0 1.0	0.69539 0.29949	0.67579 0.32630	0.69538 0.32630
oolite_python_subents.png	1.0 1.0	0.80218 0.33390	0.89128 0.36071	0.89127 0.33390
oolite_python_subents.png	1.0 1.0	0.80218 0.33390	0.80217 0.36071	0.89128 0.36071
oolite_python_subents.png	1.0 1.0	0.67580 0.29949	0.67579 0.32630	0.69539 0.29949
oolite_python_subents.png	1.0 1.0	0.58670 0.29949	0.67579 0.32630	0.67580 0.29949
oolite_python_subents.png	1.0 1.0	0.92702 0.41712	0.84713 0.44624	0.92702 0.44624
oolite_python_subents.png	1.0 1.0	0.84713 0.41712	0.84713 0.44624	0.92702 0.41712
oolite_python_subents.png	1.0 1.0	0.66131 0.41713	0.67219 0.44623	0.66131 0.44623
oolite_python_subents.png	1.0 1.0	0.66131 0.41713	0.67219 0.41713	0.67219 0.44623
oolite_python_subents.png	1.0 1.0	0.71924 0.02429	0.99906 0.01218	0.71924 0.01218
oolite_python_subents.png	1.0 1.0	0.71924 0.02429	0.99906 0.03775	0.99906 0.02429
oolite_python_subents.png	1.0 1.0	0.71924 0.01218	0.99906 0.00069	0.71924 0.00069
oolite_python_subents.png	1.0 1.0	0.71924 0.03775	0.99906 0.03775	0.71924 0.02429
oolite_python_subents.png	1.0 1.0	0.71924 0.03775	0.99906 0.05120	0.99906 0.03775
oolite_python_subents.png	1.0 1.0	0.71924 0.06332	0.99906 0.05120	0.71924 0.05120
oolite_python_subents.png	1.0 1.0	0.71924 0.05120	0.99906 0.05120	0.71924 0.03775
oolite_python_subents.png	1.0 1.0	0.58142 0.41713	0.58142 0.44623	0.66131 0.41713
oolite_python_subents.png	1.0 1.0	0.66131 0.41713	0.58142 0.44623	0.66131 0.44623
oolite_python_subents.png	1.0 1.0	0.58740 0.36071	0.74226 0.36071	0.58739 0.33389
oolite_python_subents.png	1.0 1.0	0.58050 0.44623	0.73694 0.45985	0.73694 0.44623
oolite_python_subents.png	1.0 1.0	0.74226 0.36071	0.76097 0.36071	0.74227 0.33389
oolite_python_subents.png	1.0 1.0	0.73694 0.41713	0.58050 0.40351	0.58050 0.41713
oolite_python_subents.png	1.0 1.0	0.73694 0.41713	0.73694 0.40351	0.58050 0.40351
oolite_python_subents.png	1.0 1.0	0.73694 0.41713	0.75102 0.40351	0.73694 0.40351
oolite_python_subents.png	1.0 1.0	0.64219 0.48285	0.73694 0.49647	0.73694 0.48285
oolite_python_subents.png	1.0 1.0	0.73694 0.48285	0.73694 0.49647	0.75102 0.48285
oolite_python_subents.png	1.0 1.0	0.75102 0.48285	0.73694 0.45985	0.73694 0.48285
oolite_python_subents.png	1.0 1.0	0.75102 0.48285	0.75102 0.45985	0.73694 0.45985
oolite_python_subents.png	1.0 1.0	0.78258 0.36071	0.80217 0.36071	0.78259 0.33390
oolite_python_subents.png	1.0 1.0	0.58050 0.45985	0.73694 0.45985	0.58050 0.44623
oolite_python_subents.png	1.0 1.0	0.73694 0.45985	0.75102 0.45985	0.73694 0.44623
oolite_python_subents.png	1.0 1.0	0.75102 0.40351	0.73694 0.38051	0.73694 0.40351
oolite_python_subents.png	1.0 1.0	0.75102 0.40351	0.75102 0.38051	0.73694 0.38051
oolite_python_subents.png	1.0 1.0	0.73694 0.38051	0.64219 0.36689	0.64219 0.38051
oolite_python_subents.png	1.0 1.0	0.73694 0.38051	0.73694 0.36689	0.64219 0.36689
oolite_python_subents.png	1.0 1.0	0.75102 0.38051	0.73694 0.36689	0.73694 0.38051
oolite_python_subents.png	1.0 1.0	0.64219 0.49647	0.73694 0.49647	0.64219 0.48285
oolite_python_subents.png	1.0 1.0	0.58671 0.32630	0.67579 0.32630	0.58670 0.29949
oolite_python_subents.png	1.0 1.0	0.97524 0.85014	0.99778 0.99853	0.99778 0.85014
oolite_python_subents.png	1.0 1.0	0.97524 0.99853	0.99778 0.99853	0.97524 0.85014
oolite_python_subents.png	1.0 1.0	0.53989 0.39217	0.50507 0.38439	0.51944 0.41660
oolite_python_subents.png	1.0 1.0	0.97344 0.65076	0.97344 0.50237	0.70237 0.65076
oolite_python_subents.png	1.0 1.0	0.97344 0.65076	0.99598 0.50237	0.97344 0.50237
oolite_python_subents.png	1.0 1.0	0.27808 0.11069	0.25114 0.12788	0.38988 0.45348
oolite_python_subents.png	1.0 1.0	0.27808 0.11069	0.24325 0.11846	0.25114 0.12788
oolite_python_subents.png	1.0 1.0	0.00414 0.85014	0.07167 0.99853	0.07167 0.85014
oolite_python_subents.png	1.0 1.0	0.00414 0.99853	0.07167 0.99853	0.00414 0.85014
oolite_python_subents.png	1.0 1.0	0.99598 0.65076	0.99598 0.50237	0.97344 0.65076
oolite_python_subents.png	1.0 1.0	0.00234 0.65076	0.06987 0.50237	0.00234 0.50237
oolite_python_subents.png	1.0 1.0	0.25762 0.08626	0.24325 0.11846	0.27808 0.11069
oolite_python_subents.png	1.0 1.0	0.25762 0.08626	0.16327 0.08626	0.24325 0.11846
oolite_python_subents.png	1.0 1.0	0.51612 0.84208	0.51612 0.75220	0.25989 0.75220
oolite_python_subents.png	1.0 1.0	0.51612 0.84208	0.52489 0.84208	0.51612 0.75220
oolite_python_subents.png	1.0 1.0	0.51152 0.37053	0.44016 0.37931	0.50401 0.37940
oolite_python_subents.png	1.0 1.0	0.51295 0.37497	0.50507 0.38439	0.53989 0.39217
oolite_python_subents.png	1.0 1.0	0.24971 0.13233	0.17834 0.12355	0.38479 0.45101
oolite_python_subents.png	1.0 1.0	0.51703 0.74568	0.52580 0.65579	0.51703 0.65579
oolite_python_subents.png	1.0 1.0	0.51703 0.74568	0.52580 0.74568	0.52580 0.65579
oolite_python_subents.png	1.0 1.0	0.52489 0.84208	0.52489 0.75220	0.51612 0.75220
oolite_python_subents.png	1.0 1.0	0.52489 0.84208	0.57216 0.84208	0.52489 0.75220
oolite_python_subents.png	1.0 1.0	0.50507 0.38439	0.42509 0.41660	0.51944 0.41660
oolite_python_subents.png	1.0 1.0	0.24220 0.12346	0.17834 0.12355	0.24971 0.13233
oolite_python_subents.png	1.0 1.0	0.52580 0.74568	0.57308 0.65579	0.52580 0.65579
oolite_python_subents.png	1.0 1.0	0.52580 0.74568	0.57308 0.74568	0.57308 0.65579
oolite_python_subents.png	1.0 1.0	0.24325 0.11846	0.16327 0.08626	0.17761 0.11846
oolite_python_subents.png	1.0 1.0	0.57216 0.84208	0.57216 0.75220	0.52489 0.75220
oolite_python_subents.png	1.0 1.0	0.57216 0.84208	0.58049 0.75220	0.57216 0.75220
oolite_python_subents.png	1.0 1.0	0.43943 0.38439	0.42509 0.41660	0.50507 0.38439
oolite_python_subents.png	1.0 1.0	0.43943 0.38439	0.40477 0.39241	0.42509 0.41660
oolite_python_subents.png	1.0 1.0	0.17834 0.12355	0.17095 0.13211	0.38479 0.45101
oolite_python_subents.png	1.0 1.0	0.57308 0.65579	0.58140 0.74568	0.58140 0.65579
oolite_python_subents.png	1.0 1.0	0.57308 0.74568	0.58140 0.74568	0.57308 0.65579
oolite_python_subents.png	1.0 1.0	0.17761 0.11846	0.14295 0.11045	0.17001 0.12751
oolite_python_subents.png	1.0 1.0	0.58049 0.84208	0.58049 0.75220	0.57216 0.84208
oolite_python_subents.png	1.0 1.0	0.58049 0.84208	0.83535 0.75220	0.58049 0.75220
oolite_python_subents.png	1.0 1.0	0.58049 0.84208	0.83535 0.84208	0.83535 0.75220
oolite_python_subents.png	1.0 1.0	0.43183 0.37534	0.40477 0.39241	0.43943 0.38439
oolite_python_subents.png	1.0 1.0	0.43183 0.37534	0.29775 0.04955	0.40477 0.39241
oolite_python_subents.png	1.0 1.0	0.17095 0.13211	0.04074 0.45101	0.38479 0.45101
oolite_python_subents.png	1.0 1.0	0.58140 0.65579	0.83627 0.74568	0.83627 0.65579
oolite_python_subents.png	1.0 1.0	0.58140 0.74568	0.83627 0.74568	0.58140 0.65579
oolite_python_subents.png	1.0 1.0	0.07167 0.85014	0.09405 0.99853	0.09405 0.85014
oolite_python_subents.png	1.0 1.0	0.07167 0.99853	0.09405 0.99853	0.07167 0.85014
oolite_python_subents.png	1.0 1.0	0.06987 0.65076	0.06987 0.50237	0.00234 0.65076
oolite_python_subents.png	1.0 1.0	0.06987 0.65076	0.09226 0.50237	0.06987 0.50237
oolite_python_subents.png	1.0 1.0	0.16327 0.08626	0.14295 0.11045	0.17761 0.11846
oolite_python_subents.png	1.0 1.0	0.09405 0.85014	0.36317 0.99853	0.36317 0.85014
oolite_python_subents.png	1.0 1.0	0.09405 0.99853	0.36317 0.99853	0.09405 0.85014
oolite_python_subents.png	1.0 1.0	0.09226 0.65076	0.09226 0.50237	0.06987 0.65076
oolite_python_subents.png	1.0 1.0	0.09226 0.65076	0.36137 0.50237	0.09226 0.50237
oolite_python_subents.png	1.0 1.0	0.14295 0.11045	0.03594 0.45330	0.17001 0.12751
oolite_python_subents.png	1.0 1.0	0.14295 0.11045	0.00127 0.45535	0.03594 0.45330
oolite_python_subents.png	1.0 1.0	0.92795 0.44624	0.77151 0.45986	0.92795 0.45986
oolite_python_subents.png	1.0 1.0	0.58739 0.33389	0.74226 0.36071	0.74227 0.33389
oolite_python_subents.png	1.0 1.0	0.77151 0.44624	0.77151 0.45986	0.92795 0.44624
oolite_python_subents.png	1.0 1.0	0.77151 0.44624	0.75742 0.45986	0.77151 0.45986
oolite_python_subents.png	1.0 1.0	0.74227 0.33389	0.76097 0.36071	0.76098 0.33390
oolite_python_subents.png	1.0 1.0	0.92795 0.41712	0.92795 0.40350	0.77151 0.41712
oolite_python_subents.png	1.0 1.0	0.73571 0.29949	0.89058 0.32631	0.89058 0.29949
oolite_python_subents.png	1.0 1.0	0.73571 0.29949	0.73570 0.32631	0.89058 0.32631
oolite_python_subents.png	1.0 1.0	0.73571 0.29949	0.71700 0.32630	0.73570 0.32631
oolite_python_subents.png	1.0 1.0	0.86625 0.48286	0.77151 0.49648	0.86625 0.49648
oolite_python_subents.png	1.0 1.0	0.77151 0.48286	0.77151 0.45986	0.75742 0.48286
oolite_python_subents.png	1.0 1.0	0.77151 0.48286	0.77151 0.49648	0.86625 0.48286
oolite_python_subents.png	1.0 1.0	0.75742 0.48286	0.77151 0.49648	0.77151 0.48286
oolite_python_subents.png	1.0 1.0	0.78259 0.33390	0.80217 0.36071	0.80218 0.33390
oolite_python_subents.png	1.0 1.0	0.77151 0.45986	0.75742 0.45986	0.75742 0.48286
oolite_python_subents.png	1.0 1.0	0.76098 0.33390	0.78258 0.36071	0.78259 0.33390
oolite_python_subents.png	1.0 1.0	0.76098 0.33390	0.76097 0.36071	0.78258 0.36071
oolite_python_subents.png	1.0 1.0	0.92795 0.40350	0.77151 0.40350	0.77151 0.41712
oolite_python_subents.png	1.0 1.0	0.77151 0.40350	0.75742 0.40350	0.77151 0.41712
oolite_python_subents.png	1.0 1.0	0.77151 0.40350	0.77151 0.38050	0.75742 0.40350
oolite_python_subents.png	1.0 1.0	0.71700 0.29949	0.71700 0.32630	0.73571 0.29949
oolite_python_subents.png	1.0 1.0	0.71700 0.29949	0.69538 0.32630	0.71700 0.32630
oolite_python_subents.png	1.0 1.0	0.86625 0.38050	0.86625 0.36688	0.77151 0.38050
oolite_python_subents.png	1.0 1.0	0.77151 0.38050	0.75742 0.38050	0.75742 0.40350
oolite_python_subents.png	1.0 1.0	0.77151 0.38050	0.77151 0.36688	0.75742 0.38050
oolite_python_subents.png	1.0 1.0	0.77151 0.38050	0.86625 0.36688	0.77151 0.36688
oolite_python_subents.png	1.0 1.0	0.69539 0.29949	0.69538 0.32630	0.71700 0.29949
oolite_python_subents.png	1.0 1.0	0.69539 0.29949	0.67579 0.32630	0.69538 0.32630
oolite_python_subents.png	1.0 1.0	0.80218 0.33390	0.89128 0.36071	0.89127 0.33390
oolite_python_subents.png	1.0 1.0	0.80218 0.33390	0.80217 0.36071	0.89128 0.36071
oolite_python_subents.png	1.0 1.0	0.67580 0.29949	0.67579 0.32630	0.69539 0.29949
oolite_python_subents.png	1.0 1.0	0.58670 0.29949	0.67579 0.32630	0.67580 0.29949
oolite_python_subents.png	1.0 1.0	0.66131 0.41713	0.67219 0.44623	0.66131 0.44623
oolite_python_subents.png	1.0 1.0	0.66131 0.41713	0.67219 0.41713	0.67219 0.44623
oolite_python_subents.png	1.0 1.0	0.92702 0.44624	0.92702 0.41712	0.84713 0.44624
oolite_python_subents.png	1.0 1.0	0.84713 0.44624	0.92702 0.41712	0.84713 0.41712
oolite_python_subents.png	1.0 1.0	0.99906 0.02429	0.99906 0.01218	0.71924 0.02429
oolite_python_subents.png	1.0 1.0	0.99906 0.01218	0.99906 0.00069	0.71924 0.01218
oolite_python_subents.png	1.0 1.0	0.99906 0.06332	0.99906 0.05120	0.71924 0.06332
oolite_python_subents.png	1.0 1.0	0.58142 0.44623	0.66131 0.41713	0.58142 0.41713
oolite_python_subents.png	1.0 1.0	0.66131 0.44623	0.66131 0.41713	0.58142 0.44623
oolite_python_subents.png	1.0 1.0	0.58740 0.36071	0.74226 0.36071	0.58739 0.33389
oolite_python_subents.png	1.0 1.0	0.58050 0.44623	0.73694 0.45985	0.73694 0.44623
oolite_python_subents.png	1.0 1.0	0.74226 0.36071	0.76097 0.36071	0.74227 0.33389
oolite_python_subents.png	1.0 1.0	0.73694 0.41713	0.58050 0.40351	0.58050 0.41713
oolite_python_subents.png	1.0 1.0	0.73694 0.41713	0.73694 0.40351	0.58050 0.40351
oolite_python_subents.png	1.0 1.0	0.73694 0.41713	0.75102 0.40351	0.73694 0.40351
oolite_python_subents.png	1.0 1.0	0.64219 0.48285	0.73694 0.49647	0.73694 0.48285
oolite_python_subents.png	1.0 1.0	0.73694 0.48285	0.73694 0.49647	0.75102 0.48285
oolite_python_subents.png	1.0 1.0	0.75102 0.48285	0.73694 0.45985	0.73694 0.48285
oolite_python_subents.png	1.0 1.0	0.75102 0.48285	0.75102 0.45985	0.73694 0.45985
oolite_python_subents.png	1.0 1.0	0.78258 0.36071	0.80217 0.36071	0.78259 0.33390
oolite_python_subents.png	1.0 1.0	0.58050 0.45985	0.73694 0.45985	0.58050 0.44623
oolite_python_subents.png	1.0 1.0	0.73694 0.45985	0.75102 0.45985	0.73694 0.44623
oolite_python_subents.png	1.0 1.0	0.75102 0.40351	0.73694 0.38051	0.73694 0.40351
oolite_python_subents.png	1.0 1.0	0.75102 0.40351	0.75102 0.38051	0.73694 0.38051
oolite_python_subents.png	1.0 1.0	0.73694 0.38051	0.64219 0.36689	0.64219 0.38051
oolite_python_subents.png	1.0 1.0	0.73694 0.38051	0.73694 0.36689	0.64219 0.36689
oolite_python_subents.png	1.0 1.0	0.75102 0.38051	0.73694 0.36689	0.73694 0.38051
oolite_python_subents.png	1.0 1.0	0.58671 0.32630	0.67579 0.32630	0.58670 0.29949
oolite_python_subents.png	1.0 1.0	0.64219 0.49647	0.73694 0.49647	0.64219 0.48285
oolite_python_subents.png	1.0 1.0	0.30933 0.03946	0.30256 0.05184	0.64023 0.03946
oolite_python_subents.png	1.0 1.0	0.84605 0.75220	0.83535 0.84208	0.84605 0.84208
oolite_python_subents.png	1.0 1.0	0.30476 0.03647	0.26309 0.04751	0.29775 0.04955
oolite_python_subents.png	1.0 1.0	0.00568 0.65579	0.00568 0.74568	0.25060 0.65579
oolite_python_subents.png	1.0 1.0	0.84696 0.65579	0.83627 0.65579	0.84696 0.74568
oolite_python_subents.png	1.0 1.0	0.04295 0.46639	0.02443 0.49860	0.40129 0.49851
oolite_python_subents.png	1.0 1.0	0.04295 0.46639	0.00127 0.45535	0.02443 0.49860
oolite_python_subents.png	1.0 1.0	0.83535 0.75220	0.83535 0.84208	0.84605 0.75220
oolite_python_subents.png	1.0 1.0	0.29775 0.04955	0.26309 0.04751	0.40477 0.39241
oolite_python_subents.png	1.0 1.0	0.83627 0.65579	0.83627 0.74568	0.84696 0.74568
oolite_python_subents.png	1.0 1.0	0.03594 0.45330	0.00127 0.45535	0.04295 0.46639
oolite_python_subents.png	1.0 1.0	0.39847 0.85014	0.39847 0.99853	0.66981 0.99853
oolite_python_subents.png	1.0 1.0	0.39847 0.85014	0.36317 0.85014	0.39847 0.99853
oolite_python_subents.png	1.0 1.0	0.28624 0.00426	0.26309 0.04751	0.30476 0.03647
oolite_python_subents.png	1.0 1.0	0.39666 0.50237	0.36137 0.65076	0.39666 0.65076
oolite_python_subents.png	1.0 1.0	0.39666 0.50237	0.36137 0.50237	0.36137 0.65076
oolite_python_subents.png	1.0 1.0	0.36317 0.85014	0.36317 0.99853	0.39847 0.99853
oolite_python_subents.png	1.0 1.0	0.36137 0.65076	0.36137 0.50237	0.09226 0.65076

END
