// output from Obj2DatTex.py Wavefront text file conversion script
// (c) 2005 By Giles Williams
// 
// original file: "asp_gun.obj"
// 
// model size: 3.332 x 4.493 x 19.766
// 
// textures used: ['oolite_asp_subents.png']
// 
NVERTS 75
NFACES 106

VERTEX
1.66085, 0.65170, -4.87107
1.66085, 0.65170, -10.58480
1.63232, 0.50571, -4.75989
1.63232, 0.50571, -9.42361
1.63232, 0.50571, -10.57700
1.44365, -0.61672, -9.42361
1.44365, -0.61672, -10.57700
1.06537, -0.89142, -7.07609
1.06537, -0.89142, -9.42361
1.06537, -0.89142, -10.57930
1.06537, -0.24978, 0.00000
1.06537, -0.24978, -7.07609
1.06537, 0.25848, 0.00000
1.06537, 0.25848, -4.75989
1.06537, 0.25848, -7.07609
1.06537, 0.25848, -9.42361
0.95528, 1.84599, -4.87107
0.95528, 1.84599, -10.58480
0.81452, -2.28264, -7.07609
0.81452, -2.28264, -19.50450
0.81364, 1.89144, -4.75989
0.70246, 1.99027, -4.87107
0.70246, 1.99027, -10.58480
0.64026, -2.50240, -7.07609
0.64026, -2.50240, -19.76560
0.47120, -1.06126, 0.00000
0.47120, -1.06126, -7.07609
0.47120, 1.05361, 0.00000
0.47120, 1.05361, -4.75989
0.21882, -1.71597, -0.99882
0.21882, -1.71597, -7.07845
0.09447, -1.64308, -4.30945
0.09447, -1.64308, -4.86123
0.09447, -1.05998, -4.30945
0.09447, -1.05998, -4.86123
-0.02007, -1.47708, -0.99882
-0.02007, -1.47708, -7.07845
-0.02007, -1.95486, -0.99882
-0.02007, -1.95486, -7.07845
-0.13461, -1.64308, -4.30945
-0.13461, -1.64308, -4.86123
-0.13461, -1.05998, -4.30945
-0.13461, -1.05998, -4.86123
-0.25896, -1.71597, -0.99882
-0.25896, -1.71597, -7.07845
-0.46583, -1.06126, 0.00000
-0.46583, -1.06126, -7.07609
-0.46583, 1.05361, 0.00000
-0.46583, 1.05361, -4.75989
-0.62963, -2.50240, -7.07609
-0.62963, -2.50240, -19.76560
-0.71252, 1.99027, -4.87107
-0.71252, 1.99027, -10.58480
-0.81354, -2.28264, -7.07609
-0.81354, -2.28264, -19.50450
-0.82371, 1.89144, -4.75989
-0.96535, 1.84599, -4.87107
-0.96535, 1.84599, -10.58480
-1.04900, -0.89142, -7.07609
-1.04900, -0.89142, -9.42361
-1.04900, -0.89142, -10.57930
-1.04900, -0.24978, 0.00000
-1.04900, -0.24978, -7.07609
-1.04900, 0.25848, 0.00000
-1.04900, 0.25848, -4.75989
-1.04900, 0.25848, -7.07609
-1.04900, 0.25848, -9.42361
-1.43189, -0.61672, -9.42361
-1.43189, -0.61672, -10.57700
-1.64238, 0.50571, -4.75989
-1.64238, 0.50571, -9.42361
-1.64238, 0.50571, -10.57700
-1.67091, 0.65170, -4.87107
-1.67091, 0.65170, -10.58480
-1.04900, -0.24978, -7.07609

FACES
128,127,127,	0.98144,-0.19179,-0.00000,	3,	0,4,2
128,127,127,	0.64349,0.38017,0.66437,	3,	0,20,16
128,127,127,	0.98617,-0.16576,-0.00000,	3,	3,6,5
128,127,127,	0.39972,-0.91664,-0.00000,	3,	3,15,13
128,127,127,	0.58759,-0.80916,-0.00000,	3,	6,9,8
128,127,127,	0.98413,-0.17745,-0.00000,	3,	9,19,18
128,127,127,	-0.00000,-0.00000,1.00000,	3,	10,61,12
128,127,127,	0.80684,-0.59077,-0.00000,	3,	11,26,10
128,127,127,	0.80105,0.59860,-0.00000,	3,	12,27,13
128,127,127,	-0.00000,-0.00000,1.00000,	3,	13,28,2
128,127,127,	1.00000,0.00000,0.00000,	3,	14,15,8
128,127,127,	0.86097,0.50865,0.00000,	3,	16,17,1
128,127,127,	0.78356,-0.62132,-0.00000,	3,	19,24,23
128,127,127,	0.00000,1.00000,0.00000,	3,	21,51,22
128,127,127,	-0.00000,-0.00000,1.00000,	3,	23,49,18
128,127,127,	-0.00000,-1.00000,0.00000,	3,	24,50,49
128,127,127,	-0.00000,-1.00000,0.00000,	3,	26,46,25
128,127,127,	0.00000,-0.00000,1.00000,	3,	27,63,47
128,127,127,	-0.00000,-0.00000,1.00000,	3,	28,48,20
128,127,127,	0.70711,0.70711,-0.00000,	3,	29,35,30
128,127,127,	0.70711,-0.70711,-0.00000,	3,	30,38,37
128,127,127,	-0.00000,-0.00000,1.00000,	3,	31,39,33
128,127,127,	0.00000,-0.00000,-1.00000,	3,	34,40,32
128,127,127,	-0.70711,0.70711,-0.00000,	3,	35,43,36
128,127,127,	-0.70711,-0.70711,0.00000,	3,	38,44,43
128,127,127,	-1.00000,-0.00000,-0.00000,	3,	40,42,41
128,127,127,	-0.00000,-0.00000,1.00000,	3,	45,61,25
128,127,127,	-0.81205,-0.58358,-0.00000,	3,	46,62,45
128,127,127,	-0.76688,-0.64179,0.00000,	3,	49,54,53
128,127,127,	-0.49565,0.86852,-0.00000,	3,	51,57,52
128,127,127,	-0.00000,-0.00000,1.00000,	3,	53,58,18
128,127,127,	-0.47774,0.83714,0.26640,	3,	55,56,51
128,127,127,	-0.86097,0.50865,-0.00000,	3,	56,72,57
128,127,127,	-1.00000,-0.00000,-0.00000,	3,	59,66,65
128,127,127,	-0.58293,-0.81252,0.00000,	3,	59,68,67
128,127,127,	-1.00000,0.00000,-0.00000,	3,	61,64,63
128,127,127,	-1.00000,-0.00000,-0.00000,	3,	62,65,64
128,127,127,	-0.00000,-0.00000,1.00000,	3,	64,69,48
128,127,127,	-0.00000,-0.00000,1.00000,	3,	67,70,66
128,127,127,	-0.64351,0.38018,0.66435,	3,	69,72,55
128,127,127,	-0.98144,-0.19179,0.00000,	3,	71,73,72
129,127,127,	0.86097,0.50865,-0.00000,	3,	0,16,1
129,127,127,	-0.00000,-0.00000,1.00000,	3,	2,28,20
129,127,127,	0.39972,-0.91664,-0.00000,	3,	3,13,2
129,127,127,	0.98617,-0.16576,-0.00000,	3,	4,6,3
129,127,127,	-0.00000,-0.00000,1.00000,	3,	5,15,3
129,127,127,	0.58759,-0.80916,-0.00000,	3,	6,8,5
129,127,127,	1.00000,-0.00000,0.00000,	3,	10,13,11
129,127,127,	0.80684,-0.59077,-0.00000,	3,	10,26,25
129,127,127,	0.78356,-0.62132,-0.00000,	3,	19,23,18
129,127,127,	-0.00000,0.74740,0.66438,	3,	20,51,21
129,127,127,	0.49565,0.86852,0.00000,	3,	21,22,16
129,127,127,	-0.00000,-1.00000,0.00000,	3,	24,49,23
129,127,127,	-0.00000,-1.00000,0.00000,	3,	25,46,45
129,127,127,	0.80105,0.59860,0.00000,	3,	27,28,13
129,127,127,	0.70711,-0.70711,-0.00000,	3,	30,37,29
129,127,127,	1.00000,-0.00000,0.00000,	3,	31,33,32
129,127,127,	0.70711,0.70711,0.00000,	3,	35,36,30
129,127,127,	-0.70711,-0.70711,-0.00000,	3,	38,43,37
129,127,127,	-1.00000,-0.00000,0.00000,	3,	40,41,39
129,127,127,	-0.70711,0.70711,-0.00000,	3,	43,44,36
129,127,127,	-0.00000,1.00000,-0.00000,	3,	47,48,27
129,127,127,	-0.00000,-0.00000,1.00000,	3,	48,55,20
129,127,127,	-0.00000,-0.00000,1.00000,	3,	49,53,18
129,127,127,	-0.76688,-0.64179,-0.00000,	3,	50,54,49
129,127,127,	-0.00000,1.00000,-0.00000,	3,	51,52,22
129,127,127,	-0.98598,-0.16687,0.00000,	3,	53,60,58
129,127,127,	-0.64349,0.38016,0.66437,	3,	55,72,56
129,127,127,	-0.49565,0.86852,-0.00000,	3,	56,57,51
129,127,127,	-1.00000,-0.00000,0.00000,	3,	59,65,58
129,127,127,	-0.00000,-0.00000,1.00000,	3,	59,67,66
129,127,127,	-0.58293,-0.81252,-0.00000,	3,	60,68,59
129,127,127,	-0.00000,-0.00000,1.00000,	3,	61,63,12
129,127,127,	-1.00000,-0.00000,0.00000,	3,	62,64,61
129,127,127,	-0.80637,0.59142,-0.00000,	3,	63,64,47
129,127,127,	-0.38460,-0.92308,0.00000,	3,	66,70,69
129,127,127,	-0.98287,-0.18432,-0.00000,	3,	68,70,67
129,127,127,	-0.98144,-0.19179,-0.00000,	3,	71,72,69
129,127,127,	-0.86097,0.50865,-0.00000,	3,	72,73,57
130,127,127,	0.64351,0.38018,0.66435,	3,	2,20,0
130,127,127,	1.00000,-0.00000,0.00000,	3,	7,14,8
130,127,127,	-0.00000,-0.00000,1.00000,	3,	8,15,5
130,127,127,	0.98413,-0.17745,-0.00000,	3,	9,18,7
130,127,127,	1.00000,0.00000,0.00000,	3,	12,13,10
130,127,127,	-0.00000,-0.00000,1.00000,	3,	12,63,27
130,127,127,	1.00000,0.00000,0.00000,	3,	13,14,11
130,127,127,	0.47774,0.83714,0.26640,	3,	20,21,16
130,127,127,	0.00000,0.74740,0.66438,	3,	20,55,51
130,127,127,	-0.00000,-0.00000,1.00000,	3,	25,61,10
130,127,127,	-0.00000,1.00000,0.00000,	3,	27,48,28
130,127,127,	1.00000,0.00000,0.00000,	3,	33,34,32
130,127,127,	-0.00000,-0.00000,-1.00000,	3,	34,42,40
130,127,127,	-0.00000,-0.00000,1.00000,	3,	37,43,35
130,127,127,	-0.00000,-0.00000,1.00000,	3,	39,41,33
130,127,127,	-0.81205,-0.58358,0.00000,	3,	45,62,61
130,127,127,	-0.80637,0.59142,-0.00000,	3,	47,64,48
130,127,127,	0.00000,-0.00000,1.00000,	3,	48,69,55
130,127,127,	-0.38460,-0.92308,-0.00000,	3,	66,69,64
131,127,127,	0.98144,-0.19179,-0.00000,	3,	1,4,0
131,127,127,	-0.00000,-0.00000,1.00000,	3,	7,74,11
131,127,127,	0.49565,0.86852,-0.00000,	3,	16,22,17
131,127,127,	-0.00000,-0.00000,1.00000,	3,	18,74,7
131,127,127,	0.00000,-0.00000,1.00000,	3,	29,37,35
131,127,127,	-0.98598,-0.16687,-0.00000,	3,	54,60,53
131,127,127,	-0.00000,-0.00000,1.00000,	3,	58,74,18
131,127,127,	-0.98287,-0.18432,0.00000,	3,	68,71,70

TEXTURES
oolite_asp_subents.png	1.0 1.0	0.05505 0.87448	0.04502 0.48972	0.04502 0.88198
oolite_asp_subents.png	1.0 1.0	0.05505 0.87448	0.15634 0.88465	0.14862 0.87449
oolite_asp_subents.png	1.0 1.0	0.87449 0.08876	0.79785 0.01086	0.79785 0.08878
oolite_asp_subents.png	1.0 1.0	0.04502 0.56749	0.00318 0.56749	0.00318 0.88250
oolite_asp_subents.png	1.0 1.0	0.79785 0.01086	0.76633 0.01086	0.76633 0.08878
oolite_asp_subents.png	1.0 1.0	0.85199 0.72423	0.74181 0.02607	0.74181 0.99789
oolite_asp_subents.png	1.0 1.0	0.19664 0.09385	0.33919 0.09385	0.19664 0.05958
oolite_asp_subents.png	1.0 1.0	0.13575 0.00385	0.06811 0.00385	0.13575 0.48094
oolite_asp_subents.png	1.0 1.0	0.16975 0.48094	0.23614 0.48094	0.16975 0.15992
oolite_asp_subents.png	1.0 1.0	0.14385 0.99455	0.18391 0.94094	0.10563 0.97788
oolite_asp_subents.png	1.0 1.0	0.94180 0.99789	0.94180 0.81428	0.85199 0.81428
oolite_asp_subents.png	1.0 1.0	0.14862 0.87449	0.14863 0.48924	0.05505 0.48924
oolite_asp_subents.png	1.0 1.0	0.74181 0.02607	0.71963 0.00557	0.71963 0.99789
oolite_asp_subents.png	1.0 1.0	0.16824 0.87449	0.26397 0.87452	0.16826 0.48924
oolite_asp_subents.png	1.0 1.0	0.86379 0.68328	0.96344 0.68328	0.85011 0.66603
oolite_asp_subents.png	1.0 1.0	0.71963 0.00557	0.62031 0.00557	0.62031 0.99789
oolite_asp_subents.png	1.0 1.0	0.06811 0.00385	0.00493 0.00385	0.06811 0.48094
oolite_asp_subents.png	1.0 1.0	0.23670 0.00597	0.33919 0.05958	0.29988 0.00597
oolite_asp_subents.png	1.0 1.0	0.18391 0.94094	0.24709 0.94094	0.16081 0.88465
oolite_asp_subents.png	1.0 1.0	0.99199 0.49565	0.96701 0.49565	0.99199 0.00299
oolite_asp_subents.png	1.0 1.0	0.89208 0.00299	0.91706 0.00299	0.91706 0.49565
oolite_asp_subents.png	1.0 1.0	0.05062 0.94197	0.07069 0.94197	0.05062 0.89112
oolite_asp_subents.png	1.0 1.0	0.07090 0.94394	0.05092 0.99479	0.07090 0.99479
oolite_asp_subents.png	1.0 1.0	0.96701 0.49565	0.94204 0.49565	0.96701 0.00299
oolite_asp_subents.png	1.0 1.0	0.91706 0.00299	0.94204 0.00299	0.94204 0.49565
oolite_asp_subents.png	1.0 1.0	0.05092 0.99479	0.05092 0.94394	0.00283 0.94394
oolite_asp_subents.png	1.0 1.0	0.29988 0.14856	0.33919 0.09385	0.23670 0.14856
oolite_asp_subents.png	1.0 1.0	0.46733 0.00385	0.40001 0.00385	0.46733 0.48094
oolite_asp_subents.png	1.0 1.0	0.62031 0.99789	0.59737 0.02607	0.59737 0.99789
oolite_asp_subents.png	1.0 1.0	0.26397 0.87452	0.28364 0.48924	0.26401 0.48924
oolite_asp_subents.png	1.0 1.0	0.97788 0.66603	0.99635 0.55686	0.85011 0.66603
oolite_asp_subents.png	1.0 1.0	0.27356 0.88465	0.28359 0.87452	0.26397 0.87452
oolite_asp_subents.png	1.0 1.0	0.28359 0.87452	0.37686 0.87448	0.28364 0.48924
oolite_asp_subents.png	1.0 1.0	0.48736 0.81428	0.39744 0.81428	0.39744 0.99789
oolite_asp_subents.png	1.0 1.0	0.97294 0.77066	0.94117 0.69279	0.94102 0.77050
oolite_asp_subents.png	1.0 1.0	0.40001 0.48094	0.36574 0.15992	0.36574 0.48094
oolite_asp_subents.png	1.0 1.0	0.40001 0.00385	0.36574 0.00385	0.36574 0.15992
oolite_asp_subents.png	1.0 1.0	0.28641 0.99455	0.32642 0.97788	0.24709 0.94094
oolite_asp_subents.png	1.0 1.0	0.94108 0.77055	0.86408 0.77057	0.88808 0.80667
oolite_asp_subents.png	1.0 1.0	0.38428 0.88465	0.37686 0.87448	0.27590 0.88465
oolite_asp_subents.png	1.0 1.0	0.38689 0.48972	0.37686 0.48924	0.37686 0.87448
oolite_asp_subents.png	1.0 1.0	0.05505 0.87448	0.14862 0.87449	0.05505 0.48924
oolite_asp_subents.png	1.0 1.0	0.10563 0.97788	0.18391 0.94094	0.16081 0.88465
oolite_asp_subents.png	1.0 1.0	0.04502 0.56749	0.00318 0.88250	0.04502 0.88198
oolite_asp_subents.png	1.0 1.0	0.87449 0.01086	0.79785 0.01086	0.87449 0.08876
oolite_asp_subents.png	1.0 1.0	0.79785 0.08878	0.85206 0.12391	0.87449 0.08876
oolite_asp_subents.png	1.0 1.0	0.79785 0.01086	0.76633 0.08878	0.79785 0.08878
oolite_asp_subents.png	1.0 1.0	0.13575 0.48094	0.16975 0.15992	0.13575 0.00385
oolite_asp_subents.png	1.0 1.0	0.13575 0.48094	0.06811 0.00385	0.06811 0.48094
oolite_asp_subents.png	1.0 1.0	0.74181 0.02607	0.71963 0.99789	0.74181 0.99789
oolite_asp_subents.png	1.0 1.0	0.16081 0.88465	0.26397 0.87452	0.16824 0.87449
oolite_asp_subents.png	1.0 1.0	0.16824 0.87449	0.16826 0.48924	0.14862 0.87449
oolite_asp_subents.png	1.0 1.0	0.71963 0.00557	0.62031 0.99789	0.71963 0.99789
oolite_asp_subents.png	1.0 1.0	0.06811 0.48094	0.00493 0.00385	0.00493 0.48094
oolite_asp_subents.png	1.0 1.0	0.23614 0.48094	0.23614 0.15992	0.16975 0.15992
oolite_asp_subents.png	1.0 1.0	0.89208 0.00299	0.91706 0.49565	0.89208 0.49565
oolite_asp_subents.png	1.0 1.0	0.05062 0.94197	0.05062 0.89112	0.00251 0.94197
oolite_asp_subents.png	1.0 1.0	0.96701 0.49565	0.96701 0.00299	0.99199 0.00299
oolite_asp_subents.png	1.0 1.0	0.91706 0.00299	0.94204 0.49565	0.91706 0.49565
oolite_asp_subents.png	1.0 1.0	0.05092 0.99479	0.00283 0.94394	0.00283 0.99479
oolite_asp_subents.png	1.0 1.0	0.94204 0.49565	0.94204 0.00299	0.96701 0.00299
oolite_asp_subents.png	1.0 1.0	0.29932 0.48094	0.29932 0.15992	0.23614 0.48094
oolite_asp_subents.png	1.0 1.0	0.24709 0.94094	0.27121 0.88465	0.16081 0.88465
oolite_asp_subents.png	1.0 1.0	0.96344 0.68328	0.97788 0.66603	0.85011 0.66603
oolite_asp_subents.png	1.0 1.0	0.62031 0.00557	0.59737 0.02607	0.62031 0.99789
oolite_asp_subents.png	1.0 1.0	0.26397 0.87452	0.26401 0.48924	0.16826 0.48924
oolite_asp_subents.png	1.0 1.0	0.59737 0.99789	0.48736 0.72412	0.48736 0.99789
oolite_asp_subents.png	1.0 1.0	0.27590 0.88465	0.37686 0.87448	0.28359 0.87452
oolite_asp_subents.png	1.0 1.0	0.28359 0.87452	0.28364 0.48924	0.26397 0.87452
oolite_asp_subents.png	1.0 1.0	0.48736 0.81428	0.39744 0.99789	0.48736 0.99789
oolite_asp_subents.png	1.0 1.0	0.96419 0.79236	0.94108 0.77055	0.88808 0.80667
oolite_asp_subents.png	1.0 1.0	0.97294 0.69279	0.94117 0.69279	0.97294 0.77066
oolite_asp_subents.png	1.0 1.0	0.33919 0.09385	0.33919 0.05958	0.19664 0.05958
oolite_asp_subents.png	1.0 1.0	0.40001 0.00385	0.36574 0.15992	0.40001 0.48094
oolite_asp_subents.png	1.0 1.0	0.36574 0.48094	0.36574 0.15992	0.29932 0.48094
oolite_asp_subents.png	1.0 1.0	0.43873 0.49035	0.39546 0.49035	0.39546 0.80484
oolite_asp_subents.png	1.0 1.0	0.94117 0.69279	0.86403 0.77051	0.94102 0.77050
oolite_asp_subents.png	1.0 1.0	0.38689 0.48972	0.37686 0.87448	0.38689 0.88198
oolite_asp_subents.png	1.0 1.0	0.37686 0.87448	0.37686 0.48924	0.28364 0.48924
oolite_asp_subents.png	1.0 1.0	0.04765 0.88465	0.15634 0.88465	0.05505 0.87448
oolite_asp_subents.png	1.0 1.0	0.85199 0.99789	0.94180 0.99789	0.85199 0.81428
oolite_asp_subents.png	1.0 1.0	0.77549 0.11129	0.85206 0.12391	0.79785 0.08878
oolite_asp_subents.png	1.0 1.0	0.85199 0.72423	0.74181 0.99789	0.85199 0.99789
oolite_asp_subents.png	1.0 1.0	0.16975 0.48094	0.16975 0.15992	0.13575 0.48094
oolite_asp_subents.png	1.0 1.0	0.19664 0.05958	0.33919 0.05958	0.23670 0.00597
oolite_asp_subents.png	1.0 1.0	0.16975 0.15992	0.16975 0.00385	0.13575 0.00385
oolite_asp_subents.png	1.0 1.0	0.15849 0.88465	0.16824 0.87449	0.14862 0.87449
oolite_asp_subents.png	1.0 1.0	0.16081 0.88465	0.27121 0.88465	0.26397 0.87452
oolite_asp_subents.png	1.0 1.0	0.23670 0.14856	0.33919 0.09385	0.19664 0.09385
oolite_asp_subents.png	1.0 1.0	0.23614 0.48094	0.29932 0.15992	0.23614 0.15992
oolite_asp_subents.png	1.0 1.0	0.05062 0.89112	0.00251 0.89112	0.00251 0.94197
oolite_asp_subents.png	1.0 1.0	0.07090 0.94394	0.05092 0.94394	0.05092 0.99479
oolite_asp_subents.png	1.0 1.0	0.82215 0.46526	0.85478 0.49789	0.88740 0.46526
oolite_asp_subents.png	1.0 1.0	0.07069 0.94197	0.07069 0.89112	0.05062 0.89112
oolite_asp_subents.png	1.0 1.0	0.46733 0.48094	0.40001 0.00385	0.40001 0.48094
oolite_asp_subents.png	1.0 1.0	0.29932 0.48094	0.36574 0.15992	0.29932 0.15992
oolite_asp_subents.png	1.0 1.0	0.24709 0.94094	0.32642 0.97788	0.27121 0.88465
oolite_asp_subents.png	1.0 1.0	0.43873 0.49035	0.39546 0.80484	0.43873 0.80480
oolite_asp_subents.png	1.0 1.0	0.05505 0.48924	0.04502 0.48972	0.05505 0.87448
oolite_asp_subents.png	1.0 1.0	0.83043 0.55686	0.99635 0.50650	0.83043 0.50650
oolite_asp_subents.png	1.0 1.0	0.14862 0.87449	0.16826 0.48924	0.14863 0.48924
oolite_asp_subents.png	1.0 1.0	0.85011 0.66603	0.99635 0.50650	0.83043 0.55686
oolite_asp_subents.png	1.0 1.0	0.85478 0.43263	0.82215 0.46526	0.88740 0.46526
oolite_asp_subents.png	1.0 1.0	0.59737 0.02607	0.48736 0.72412	0.59737 0.99789
oolite_asp_subents.png	1.0 1.0	0.99635 0.55686	0.99635 0.50650	0.85011 0.66603
oolite_asp_subents.png	1.0 1.0	0.94117 0.69279	0.86410 0.69279	0.86403 0.77051

END
