// output from Obj2DatTex.py Wavefront text file conversion script
// (c) 2005 By Giles Williams
// 
// original file: "Griff_Cobra_mk3_front_gun.obj"
// 
// model size: 10.428 x 10.678 x 43.465
// 
// textures used: ['oolite_cobra3_subents.png']
// 
NVERTS 177
NFACES 246

VERTEX
6.35322, -2.74672, 31.36830
6.14631, -3.15292, 31.36450
5.89983, -2.77197, 31.40860
5.59108, -2.33296, 28.66430
5.38417, -2.73916, 28.66050
5.32364, -2.26372, 35.75760
5.20265, -2.39310, 28.89520
5.11673, -2.66992, 35.75380
4.89425, -2.29941, 35.60870
4.85097, -1.49234, 28.24010
4.75942, -1.70802, 28.96120
4.74400, -1.89655, 28.14260
4.61128, -2.05700, 27.79440
4.53709, -2.30274, 28.13870
4.49129, -2.02700, 28.49890
4.46315, -2.40599, 28.96120
4.37160, -2.62167, 28.24010
4.14680, -1.19343, 28.24010
4.05525, -1.40912, 28.96120
3.90711, -1.75810, 27.79440
3.76349, -1.48466, 37.31140
3.75898, -2.10708, 28.96120
3.66743, -2.32277, 28.24010
3.55656, -1.89085, 37.30730
3.48477, -1.59503, 36.96790
2.62032, -0.29445, 33.01530
2.62032, 0.15555, 33.46530
2.62032, 0.15555, 32.56530
2.62032, 0.60555, 33.01530
2.55842, 1.83575, 31.55320
2.55842, 2.59625, 32.31370
2.55842, 2.59625, 30.79270
2.55842, 3.35675, 31.55320
2.29619, -0.39174, 37.21250
2.21741, -0.57732, 37.83300
2.16734, -0.67986, 37.55610
2.08995, -0.87761, 36.82900
2.02173, -0.85753, 37.16230
1.96248, -1.17790, 37.83300
1.96041, -1.08604, 37.55200
1.88371, -1.36349, 37.21250
1.29420, -0.02586, 40.84130
1.29420, -0.02586, 40.19700
1.29420, 1.47028, 40.19700
1.27973, -0.02586, 38.42550
1.27973, -0.02586, 34.63680
1.27973, 1.47028, 40.84130
1.27973, 1.47028, 40.19700
1.27973, 1.47028, 38.42550
1.27973, 1.47028, 34.63680
1.27443, 0.04198, 37.21250
1.19565, -0.14361, 37.83300
1.06819, -0.44390, 36.82900
0.94073, -0.74419, 37.83300
0.92446, 0.34745, 43.46550
0.92446, 0.34745, 40.84940
0.92446, 1.52598, 43.46550
0.92446, 1.52598, 40.84940
0.91551, 0.04946, 40.19700
0.91551, 1.47021, 40.19700
0.90104, 0.04946, 38.42550
0.90104, 1.47021, 38.42550
0.87229, 2.45392, 40.84130
0.87229, 2.45392, 34.63680
0.86195, -0.92978, 37.21250
0.81510, 0.94720, 34.68650
0.81510, 0.94720, 30.29340
0.81510, 1.99946, 34.68650
0.81510, 1.99946, 30.29340
0.61374, -0.73649, 40.19700
0.59927, -0.73649, 38.42550
0.53556, -1.23292, 40.84130
0.53556, -1.23292, 40.19700
0.52616, -1.23292, 38.42550
0.52616, -1.23292, 34.63680
0.32846, 3.70727, 28.60880
0.32846, 4.16391, 28.60880
0.21032, -0.63860, 34.62250
0.21032, -0.63860, 31.12410
-0.09032, -1.05545, 39.02650
-0.09618, -0.24181, 43.46550
-0.09618, -0.24181, 40.84940
-0.09618, 2.11525, 43.46550
-0.09618, 2.11525, 40.84940
-0.09618, 0.42107, 34.68650
-0.09618, 0.42107, 30.29340
-0.09618, 2.52559, 34.68650
-0.09618, 2.52559, 30.29340
-0.09688, -1.03084, 40.19700
-0.11135, -1.03084, 38.42550
-0.11135, 2.86136, 40.84130
-0.11135, 2.86136, 34.63680
-0.12268, -0.97160, 34.62250
-0.12268, -0.97160, 31.12410
-0.12268, -0.30560, 34.62250
-0.12268, -0.30560, 31.12410
-0.19854, -0.95801, 39.47470
-0.30880, 3.70727, 29.24600
-0.30880, 4.16391, 29.24600
-0.31268, 3.70727, 27.94580
-0.31268, 4.16391, 27.94580
-0.37364, -0.80035, 38.74950
-0.45568, -0.63860, 34.62250
-0.45568, -0.63860, 31.12410
-0.54875, -0.64268, 39.47470
-0.62679, -1.65126, 39.02650
-0.65697, -0.54524, 39.02650
-0.70300, -1.57888, 39.35350
-0.70300, -1.32047, 39.01050
-0.73501, -1.55382, 39.47470
-0.74317, -1.23292, 40.84130
-0.74317, -1.23292, 40.19700
-0.75258, -1.23292, 38.42550
-0.75258, -1.23292, 34.63680
-0.82198, -0.73649, 40.19700
-0.82198, -0.73649, 38.42550
-0.91011, -1.39616, 38.74950
-0.92157, -1.20941, 39.36300
-0.95909, 3.70727, 28.59220
-0.95909, 4.16391, 28.59220
-1.00746, 0.94720, 34.68650
-1.00746, 0.94720, 30.29340
-1.00746, 1.99946, 34.68650
-1.00746, 1.99946, 30.29340
-1.08053, 2.45392, 40.84130
-1.08521, -1.23849, 39.47470
-1.09500, 2.45392, 34.63680
-1.10928, 0.04946, 40.19700
-1.10928, 1.47021, 40.19700
-1.11682, 0.34745, 43.46550
-1.11682, 0.34745, 40.84940
-1.11682, 1.52598, 43.46550
-1.11682, 1.52598, 40.84940
-1.12375, 0.04946, 38.42550
-1.12375, 1.47021, 38.42550
-1.19343, -1.14105, 39.02650
-1.24265, -3.99744, 25.29530
-1.40644, -3.84997, 25.97360
-1.48796, -0.02586, 40.84130
-1.48796, -0.02586, 40.19700
-1.48796, 1.47028, 40.19700
-1.50243, -0.02586, 38.42550
-1.50243, -0.02586, 34.63680
-1.50243, 1.47028, 40.84130
-1.50243, 1.47028, 38.42550
-1.50243, 1.47028, 34.63680
-1.54846, -2.97658, 38.70160
-1.54846, -2.65749, 38.41430
-1.67145, -3.61135, 24.87610
-1.86481, -4.68841, 25.29530
-1.89323, -2.72382, 38.66150
-1.93646, -3.37273, 25.97360
-2.02860, -4.54094, 25.97360
-2.03955, -4.43699, 25.34930
-2.03955, -4.14968, 25.66840
-2.10024, -3.22526, 25.29530
-2.29361, -4.30232, 24.87610
-2.31589, -4.10843, 25.34240
-2.55861, -4.06371, 25.97360
-2.72240, -3.91624, 25.29530
-2.79494, 1.83575, 31.55320
-2.79494, 2.59625, 32.31370
-2.79494, 2.59625, 30.79270
-2.79494, 3.35675, 31.55320
-2.84119, -0.29445, 33.01530
-2.84119, 0.15555, 33.46530
-2.84119, 0.15555, 32.56530
-2.84119, 0.60555, 33.01530
-2.96347, -5.41986, 34.96490
-2.96347, -5.01638, 34.81800
-3.04769, -5.74294, 26.42450
-3.04769, -5.35702, 26.61270
-3.32967, -5.19604, 34.95210
-3.38739, -5.48368, 26.38270
-3.70418, -6.51440, 28.49660
-3.70418, -6.08509, 28.48910
-4.07512, -6.30019, 28.46690

FACES
128,127,127,	0.84968,-0.42995,-0.30528,	3,	0,4,1
128,127,127,	-0.06620,0.99001,-0.12447,	3,	0,5,2
128,127,127,	-0.05386,0.98468,0.16586,	3,	0,6,3
128,127,127,	0.86166,-0.44126,0.25067,	3,	0,7,5
128,127,127,	-0.82289,-0.54926,0.14546,	3,	1,6,2
128,127,127,	0.86166,-0.44126,0.25067,	3,	1,7,0
128,127,127,	-0.82573,-0.54806,-0.13338,	3,	1,8,7
128,127,127,	-0.04071,0.98628,0.15996,	3,	2,6,0
128,127,127,	-0.83853,-0.52615,-0.14156,	3,	2,8,1
128,127,127,	0.84968,-0.42995,-0.30528,	3,	3,4,0
128,127,127,	0.43131,-0.21149,-0.87707,	3,	3,13,4
128,127,127,	-0.82937,-0.53777,0.15148,	3,	4,6,1
128,127,127,	-0.59804,-0.64047,0.48182,	3,	4,14,6
128,127,127,	-0.04039,0.99180,-0.12126,	3,	5,8,2
128,127,127,	0.06163,0.91565,-0.39721,	3,	5,20,8
128,127,127,	0.15071,0.86489,0.47880,	3,	6,11,3
128,127,127,	0.19352,0.86899,0.45541,	3,	6,14,11
128,127,127,	0.58998,-0.30751,0.74657,	3,	7,20,5
128,127,127,	0.58967,-0.30794,0.74663,	3,	7,23,20
128,127,127,	-0.69041,-0.61133,-0.38680,	3,	7,24,23
128,127,127,	-0.69602,-0.58240,-0.41995,	3,	8,24,7
128,127,127,	0.92050,-0.39074,-0.00000,	3,	9,12,10
128,127,127,	0.22968,0.54107,-0.80900,	3,	9,17,12
128,127,127,	0.37161,0.87545,0.30902,	3,	10,17,9
128,127,127,	0.37160,0.87545,0.30904,	3,	10,18,17
128,127,127,	0.43133,-0.21130,-0.87710,	3,	11,13,3
128,127,127,	0.92051,-0.39073,-0.00001,	3,	12,15,10
128,127,127,	0.92051,-0.39072,-0.00000,	3,	12,16,15
128,127,127,	-0.22967,-0.54107,-0.80901,	3,	12,19,16
128,127,127,	-0.60887,-0.66537,0.43193,	3,	13,14,4
128,127,127,	-0.00000,-0.00000,1.00000,	3,	15,18,10
128,127,127,	-0.00000,-0.00000,1.00000,	3,	15,21,18
128,127,127,	-0.37161,-0.87545,0.30902,	3,	16,21,15
128,127,127,	-0.37160,-0.87545,0.30904,	3,	16,22,21
128,127,127,	0.22967,0.54107,-0.80901,	3,	17,19,12
128,127,127,	-0.22967,-0.54107,-0.80901,	3,	19,22,16
128,127,127,	0.09817,0.92151,-0.37575,	3,	20,24,8
128,127,127,	0.32132,0.79412,-0.51588,	3,	20,35,24
128,127,127,	0.11683,-0.06952,0.99072,	3,	23,35,20
128,127,127,	0.11683,-0.06952,0.99072,	3,	23,39,35
128,127,127,	-0.43547,-0.72222,-0.53737,	3,	24,37,23
128,127,127,	1.00000,-0.00000,0.00000,	3,	25,28,27
128,127,127,	-0.00000,-0.70711,0.70711,	3,	25,165,26
128,127,127,	-0.00000,-0.70711,-0.70711,	3,	25,166,164
128,127,127,	1.00000,0.00000,0.00000,	3,	26,28,25
128,127,127,	-0.00000,0.70711,0.70711,	3,	26,167,28
128,127,127,	-0.00000,-0.70711,-0.70711,	3,	27,166,25
128,127,127,	-0.00000,0.70711,-0.70711,	3,	27,167,166
128,127,127,	-0.00000,0.70711,-0.70711,	3,	28,167,27
128,127,127,	1.00000,-0.00000,0.00000,	3,	29,32,31
128,127,127,	-0.00000,-0.70711,0.70711,	3,	29,161,30
128,127,127,	-0.00000,-0.70711,-0.70711,	3,	29,162,160
128,127,127,	1.00000,0.00000,0.00000,	3,	30,32,29
128,127,127,	-0.00000,0.70711,0.70711,	3,	30,163,32
128,127,127,	-0.00000,-0.70711,-0.70711,	3,	31,162,29
128,127,127,	-0.00000,0.70711,-0.70711,	3,	31,163,162
128,127,127,	-0.00000,0.70711,-0.70711,	3,	32,163,31
128,127,127,	0.92051,-0.39073,0.00000,	3,	33,36,34
128,127,127,	0.22967,0.54106,-0.80901,	3,	33,50,36
128,127,127,	0.37161,0.87545,0.30902,	3,	34,50,33
128,127,127,	0.37161,0.87545,0.30902,	3,	34,51,50
128,127,127,	0.34020,0.80360,-0.48835,	3,	35,37,24
128,127,127,	0.92050,-0.39073,0.00000,	3,	36,38,34
128,127,127,	0.92051,-0.39072,0.00001,	3,	36,40,38
128,127,127,	-0.22967,-0.54106,-0.80901,	3,	36,52,40
128,127,127,	-0.44930,-0.73801,-0.50345,	3,	37,39,23
128,127,127,	-0.00000,-0.00000,1.00000,	3,	38,51,34
128,127,127,	-0.00000,-0.00000,1.00000,	3,	38,53,51
128,127,127,	-0.37161,-0.87545,0.30902,	3,	40,53,38
128,127,127,	-0.37161,-0.87545,0.30902,	3,	40,64,53
128,127,127,	1.00000,0.00000,0.00000,	3,	41,43,42
128,127,127,	0.99970,0.00967,0.02245,	3,	41,46,43
128,127,127,	0.84666,-0.53213,-0.00000,	3,	41,72,71
128,127,127,	-0.00000,-0.00000,1.00000,	3,	41,138,46
128,127,127,	0.84666,-0.53213,-0.00000,	3,	42,72,41
128,127,127,	-0.00000,-0.00000,-1.00000,	3,	42,139,72
128,127,127,	0.00000,-0.00000,-1.00000,	3,	43,139,42
128,127,127,	-0.00000,-0.00000,-1.00000,	3,	43,140,139
128,127,127,	1.00000,-0.00000,0.00000,	3,	44,48,45
128,127,127,	-0.00000,-0.00000,1.00000,	3,	44,144,48
128,127,127,	0.84826,-0.52958,-0.00000,	3,	45,73,44
128,127,127,	0.84826,-0.52958,-0.00000,	3,	45,74,73
128,127,127,	-0.00000,-0.00000,-1.00000,	3,	45,142,74
128,127,127,	0.92388,0.38269,-0.00000,	3,	46,63,49
128,127,127,	-0.00000,-0.00000,1.00000,	3,	46,124,62
128,127,127,	-0.00000,-0.00000,1.00000,	3,	46,143,124
128,127,127,	1.00000,0.00000,0.00000,	3,	48,49,45
128,127,127,	-0.00000,-1.00000,0.00000,	3,	48,140,47
128,127,127,	-0.00000,-1.00000,0.00000,	3,	48,144,140
128,127,127,	0.00000,-0.00000,-1.00000,	3,	49,142,45
128,127,127,	-0.00000,-0.00000,-1.00000,	3,	49,145,142
128,127,127,	0.22967,0.54106,-0.80901,	3,	50,52,36
128,127,127,	-0.22967,-0.54106,-0.80901,	3,	52,64,40
128,127,127,	1.00000,0.00000,0.00000,	3,	54,57,55
128,127,127,	-0.00000,-0.00000,1.00000,	3,	54,129,56
128,127,127,	0.50000,-0.86603,-0.00000,	3,	55,80,54
128,127,127,	0.50000,-0.86603,-0.00000,	3,	55,81,80
128,127,127,	1.00000,0.00000,0.00000,	3,	56,57,54
128,127,127,	0.50000,0.86602,-0.00000,	3,	56,82,57
128,127,127,	-0.00000,-0.00000,1.00000,	3,	56,131,82
128,127,127,	0.99997,-0.00000,-0.00817,	3,	58,61,60
128,127,127,	0.99997,-0.00000,-0.00817,	3,	59,61,58
128,127,127,	0.93352,-0.35843,-0.00763,	3,	60,69,58
128,127,127,	0.93352,-0.35843,-0.00763,	3,	60,70,69
128,127,127,	0.92388,0.38269,0.00000,	3,	62,63,46
128,127,127,	0.38268,0.92388,-0.00000,	3,	62,90,63
128,127,127,	-0.00000,-0.00000,1.00000,	3,	62,124,90
128,127,127,	-0.00000,-0.00000,-1.00000,	3,	63,91,49
128,127,127,	1.00000,0.00000,0.00000,	3,	65,68,66
128,127,127,	0.50000,-0.86603,-0.00000,	3,	66,84,65
128,127,127,	0.50000,-0.86603,-0.00000,	3,	66,85,84
128,127,127,	1.00000,0.00000,0.00000,	3,	67,68,65
128,127,127,	0.50000,0.86603,-0.00000,	3,	67,86,68
128,127,127,	0.38268,-0.92388,-0.00313,	3,	70,88,69
128,127,127,	0.38268,-0.92388,-0.00313,	3,	70,89,88
128,127,127,	-0.00000,-0.00000,1.00000,	3,	71,110,41
128,127,127,	-0.00000,-1.00000,0.00000,	3,	71,111,110
128,127,127,	-0.00000,-1.00000,0.00000,	3,	72,111,71
128,127,127,	-0.00000,-0.00000,-1.00000,	3,	72,139,111
128,127,127,	-0.00000,-0.00000,1.00000,	3,	73,141,44
128,127,127,	-0.00000,-1.00000,0.00000,	3,	74,112,73
128,127,127,	-0.00000,-1.00000,0.00000,	3,	74,113,112
128,127,127,	-0.00000,-0.00000,-1.00000,	3,	74,142,113
128,127,127,	0.70707,-0.00000,0.70714,	3,	75,97,76
128,127,127,	0.71886,-0.00000,-0.69516,	3,	76,99,75
128,127,127,	0.71886,-0.00000,-0.69516,	3,	76,100,99
128,127,127,	-0.00000,1.00000,0.00000,	3,	76,119,100
128,127,127,	0.70711,-0.70711,-0.00000,	3,	77,93,92
128,127,127,	0.70711,0.70711,-0.00000,	3,	77,94,78
128,127,127,	0.70711,-0.70711,-0.00000,	3,	78,93,77
128,127,127,	0.70678,-0.63638,0.30900,	3,	79,109,96
128,127,127,	0.43682,-0.39331,-0.80901,	3,	79,116,105
128,127,127,	-0.00000,-0.00000,1.00000,	3,	80,129,54
128,127,127,	-0.50000,-0.86603,-0.00000,	3,	81,129,80
128,127,127,	-0.50000,-0.86603,0.00000,	3,	81,130,129
128,127,127,	0.50000,0.86602,0.00000,	3,	82,83,57
128,127,127,	-0.50000,0.86602,-0.00000,	3,	82,131,83
128,127,127,	-0.50000,-0.86602,-0.00000,	3,	85,120,84
128,127,127,	-0.50000,-0.86602,0.00000,	3,	85,121,120
128,127,127,	0.50000,0.86603,0.00000,	3,	86,87,68
128,127,127,	-0.50000,0.86602,-0.00000,	3,	86,122,87
128,127,127,	-0.37613,-0.92656,0.00307,	3,	89,114,88
128,127,127,	-0.38268,-0.92388,0.00000,	3,	89,115,114
128,127,127,	0.38268,0.92388,0.00000,	3,	90,91,63
128,127,127,	-0.38754,0.92185,-0.00000,	3,	90,124,91
128,127,127,	-0.00000,-0.00000,-1.00000,	3,	91,126,49
128,127,127,	-0.70711,-0.70711,-0.00000,	3,	93,102,92
128,127,127,	-0.70711,-0.70711,0.00000,	3,	93,103,102
128,127,127,	0.70711,0.70711,0.00000,	3,	94,95,78
128,127,127,	-0.70711,0.70711,-0.00000,	3,	94,103,95
128,127,127,	0.00000,-0.00000,1.00000,	3,	96,125,104
128,127,127,	0.70707,-0.00000,0.70714,	3,	97,98,76
128,127,127,	-0.70901,-0.00000,0.70520,	3,	97,118,98
128,127,127,	-0.00000,1.00000,0.00000,	3,	98,119,76
128,127,127,	-0.70710,-0.00000,-0.70711,	3,	100,118,99
128,127,127,	-0.70710,-0.00000,-0.70711,	3,	100,119,118
128,127,127,	0.43682,-0.39331,-0.80901,	3,	101,116,79
128,127,127,	-0.43682,0.39331,-0.80901,	3,	101,135,116
128,127,127,	-0.70711,0.70711,-0.00000,	3,	102,103,94
128,127,127,	-0.70678,0.63638,0.30901,	3,	104,135,106
128,127,127,	0.70678,-0.63638,0.30901,	3,	105,109,79
128,127,127,	-0.66912,-0.74315,0.00000,	3,	105,116,109
128,127,127,	-0.43682,0.39331,-0.80901,	3,	106,135,101
128,127,127,	0.85918,-0.34236,-0.38025,	3,	107,147,146
128,127,127,	-0.32641,-0.21675,0.92004,	3,	107,150,117
128,127,127,	0.86028,-0.40720,-0.30678,	3,	108,147,107
128,127,127,	-0.00000,-0.00000,1.00000,	3,	109,125,96
128,127,127,	-0.00000,-0.00000,1.00000,	3,	110,138,41
128,127,127,	-0.85103,-0.52511,0.00000,	3,	110,139,138
128,127,127,	-0.85103,-0.52511,-0.00000,	3,	111,139,110
128,127,127,	-0.00000,-0.00000,1.00000,	3,	112,141,73
128,127,127,	-0.84944,-0.52769,-0.00000,	3,	113,141,112
128,127,127,	-0.84944,-0.52769,0.00000,	3,	113,142,141
128,127,127,	-0.93922,-0.34332,-0.00000,	3,	115,127,114
128,127,127,	-0.93353,-0.35843,0.00763,	3,	115,133,127
128,127,127,	-0.66914,-0.74314,0.00001,	3,	116,125,109
128,127,127,	-0.66914,-0.74314,0.00001,	3,	116,135,125
128,127,127,	-0.57480,0.60779,-0.54790,	3,	117,147,108
128,127,127,	-0.53497,0.61271,-0.58172,	3,	117,150,147
128,127,127,	-0.70901,-0.00000,0.70520,	3,	118,119,98
128,127,127,	-1.00000,0.00000,-0.00000,	3,	120,123,122
128,127,127,	-1.00000,-0.00000,0.00000,	3,	121,123,120
128,127,127,	-0.50000,0.86602,-0.00000,	3,	122,123,87
128,127,127,	-0.38268,0.92388,0.00089,	3,	124,126,91
128,127,127,	-0.92388,0.38268,0.00215,	3,	124,145,126
128,127,127,	-0.70678,0.63638,0.30901,	3,	125,135,104
128,127,127,	0.00000,-0.00000,-1.00000,	3,	126,145,49
128,127,127,	-0.99997,-0.00000,0.00817,	3,	127,133,128
128,127,127,	-0.00000,-0.00000,1.00000,	3,	129,131,56
128,127,127,	-1.00000,0.00000,-0.00000,	3,	129,132,131
128,127,127,	-1.00000,-0.00000,0.00000,	3,	130,132,129
128,127,127,	-0.50000,0.86602,-0.00000,	3,	131,132,83
128,127,127,	-0.99997,-0.00000,0.00817,	3,	133,134,128
128,127,127,	0.70677,-0.63638,0.30902,	3,	136,152,137
128,127,127,	0.43679,-0.39330,-0.80903,	3,	136,156,149
128,127,127,	0.00000,-0.00000,1.00000,	3,	137,158,151
128,127,127,	-0.00000,-0.00000,1.00000,	3,	138,143,46
128,127,127,	-0.99995,-0.00967,-0.00000,	3,	139,143,138
128,127,127,	-0.99975,-0.00000,-0.02245,	3,	140,143,139
128,127,127,	-0.00000,-0.00000,1.00000,	3,	141,144,44
128,127,127,	-1.00000,0.00000,-0.00000,	3,	141,145,144
128,127,127,	-1.00000,-0.00000,0.00000,	3,	142,145,141
128,127,127,	-0.91903,0.39419,-0.00000,	3,	143,145,124
128,127,127,	-0.29274,-0.25301,0.92211,	3,	146,150,107
128,127,127,	-0.51842,-0.61246,0.59677,	3,	146,168,150
128,127,127,	0.95089,-0.10589,-0.29084,	3,	146,169,168
128,127,127,	0.94882,-0.21133,-0.23471,	3,	147,169,146
128,127,127,	-0.50951,0.79765,-0.32272,	3,	147,172,169
128,127,127,	0.43679,-0.39330,-0.80903,	3,	148,156,136
128,127,127,	-0.43680,0.39330,-0.80902,	3,	148,159,156
128,127,127,	0.70677,-0.63638,0.30902,	3,	149,152,136
128,127,127,	-0.66912,-0.74315,-0.00001,	3,	149,156,152
128,127,127,	-0.42978,0.81927,-0.37959,	3,	150,172,147
128,127,127,	-0.70677,0.63638,0.30901,	3,	151,159,155
128,127,127,	-0.00000,-0.00000,1.00000,	3,	152,158,137
128,127,127,	0.83488,-0.40906,0.36831,	3,	153,171,154
128,127,127,	-0.26543,-0.48238,-0.83478,	3,	153,173,170
128,127,127,	-0.45252,0.75233,0.47878,	3,	154,171,157
128,127,127,	-0.43680,0.39330,-0.80903,	3,	155,159,148
128,127,127,	-0.66914,-0.74314,-0.00000,	3,	156,158,152
128,127,127,	-0.66912,-0.74315,0.00000,	3,	156,159,158
128,127,127,	-0.38806,-0.34433,-0.85490,	3,	157,173,153
128,127,127,	-0.70678,0.63637,0.30902,	3,	158,159,151
128,127,127,	-0.00000,-0.70711,0.70711,	3,	160,161,29
128,127,127,	-1.00000,-0.00000,0.00000,	3,	160,163,161
128,127,127,	-0.00000,0.70711,0.70711,	3,	161,163,30
128,127,127,	-1.00000,-0.00000,0.00000,	3,	162,163,160
128,127,127,	-0.00000,-0.70711,0.70711,	3,	164,165,25
128,127,127,	-1.00000,-0.00000,0.00000,	3,	164,167,165
128,127,127,	-0.00000,0.70711,0.70711,	3,	165,167,26
128,127,127,	-1.00000,-0.00000,0.00000,	3,	166,167,164
128,127,127,	-0.42861,-0.66638,0.61010,	3,	168,172,150
128,127,127,	-0.51604,-0.83288,0.20003,	3,	168,174,172
128,127,127,	0.99348,-0.03902,-0.10716,	3,	169,174,168
128,127,127,	0.99326,-0.00202,-0.11591,	3,	169,175,174
128,127,127,	-0.49576,0.86400,-0.08788,	3,	169,176,175
128,127,127,	0.83648,-0.24020,0.49255,	3,	170,171,153
128,127,127,	0.95038,-0.13635,0.27960,	3,	170,175,171
128,127,127,	-0.54723,0.73258,0.40481,	3,	171,173,157
128,127,127,	-0.44940,0.87457,0.18212,	3,	171,175,173
128,127,127,	-0.46655,0.87926,-0.09607,	3,	172,176,169
128,127,127,	-0.51095,-0.74001,-0.43739,	3,	173,174,170
128,127,127,	-0.41998,-0.78935,-0.44782,	3,	173,176,174
128,127,127,	0.95272,0.00531,0.30382,	3,	174,175,170
128,127,127,	-0.50190,-0.84126,0.20092,	3,	174,176,172
128,127,127,	-0.50206,0.84860,0.16678,	3,	175,176,173

TEXTURES
oolite_cobra3_subents.png	1.0 1.0	0.52465 0.90782	0.42184 0.92403	0.52465 0.92403
oolite_cobra3_subents.png	1.0 1.0	0.52465 0.90782	0.68926 0.90782	0.52465 0.89160
oolite_cobra3_subents.png	1.0 1.0	0.52465 0.90782	0.42184 0.89160	0.42184 0.90782
oolite_cobra3_subents.png	1.0 1.0	0.52465 0.90782	0.68926 0.92403	0.68926 0.90782
oolite_cobra3_subents.png	1.0 1.0	0.52465 0.92403	0.42184 0.94024	0.52465 0.94024
oolite_cobra3_subents.png	1.0 1.0	0.52465 0.92403	0.68926 0.92403	0.52465 0.90782
oolite_cobra3_subents.png	1.0 1.0	0.52465 0.92403	0.68926 0.94024	0.68926 0.92403
oolite_cobra3_subents.png	1.0 1.0	0.52465 0.89160	0.42184 0.89160	0.52465 0.90782
oolite_cobra3_subents.png	1.0 1.0	0.52465 0.94024	0.68926 0.94024	0.52465 0.92403
oolite_cobra3_subents.png	1.0 1.0	0.42184 0.90782	0.42184 0.92403	0.52465 0.90782
oolite_cobra3_subents.png	1.0 1.0	0.42184 0.90782	0.39137 0.92403	0.42184 0.92403
oolite_cobra3_subents.png	1.0 1.0	0.42184 0.92403	0.42184 0.94024	0.52465 0.92403
oolite_cobra3_subents.png	1.0 1.0	0.42184 0.92403	0.39137 0.94024	0.42184 0.94024
oolite_cobra3_subents.png	1.0 1.0	0.68926 0.90782	0.68926 0.89160	0.52465 0.89160
oolite_cobra3_subents.png	1.0 1.0	0.68926 0.90782	0.77395 0.90782	0.68926 0.89160
oolite_cobra3_subents.png	1.0 1.0	0.42184 0.89160	0.39137 0.90782	0.42184 0.90782
oolite_cobra3_subents.png	1.0 1.0	0.42184 0.89160	0.39137 0.89160	0.39137 0.90782
oolite_cobra3_subents.png	1.0 1.0	0.68926 0.92403	0.77395 0.90782	0.68926 0.90782
oolite_cobra3_subents.png	1.0 1.0	0.68926 0.92403	0.77395 0.92403	0.77395 0.90782
oolite_cobra3_subents.png	1.0 1.0	0.68926 0.92403	0.77395 0.94024	0.77395 0.92403
oolite_cobra3_subents.png	1.0 1.0	0.68926 0.94024	0.77395 0.94024	0.68926 0.92403
oolite_cobra3_subents.png	1.0 1.0	0.47827 0.82957	0.51409 0.80220	0.49195 0.87385
oolite_cobra3_subents.png	1.0 1.0	0.95055 0.39918	0.95055 0.34834	0.89897 0.39918
oolite_cobra3_subents.png	1.0 1.0	0.99698 0.39918	0.95055 0.34834	0.95055 0.39918
oolite_cobra3_subents.png	1.0 1.0	0.99698 0.39918	0.99698 0.34834	0.95055 0.34834
oolite_cobra3_subents.png	1.0 1.0	0.39137 0.90782	0.39137 0.92403	0.42184 0.90782
oolite_cobra3_subents.png	1.0 1.0	0.51409 0.80220	0.53623 0.87385	0.49195 0.87385
oolite_cobra3_subents.png	1.0 1.0	0.51409 0.80220	0.54991 0.82957	0.53623 0.87385
oolite_cobra3_subents.png	1.0 1.0	0.89897 0.39918	0.89897 0.34834	0.84740 0.39918
oolite_cobra3_subents.png	1.0 1.0	0.39137 0.92403	0.39137 0.94024	0.42184 0.92403
oolite_cobra3_subents.png	1.0 1.0	0.80097 0.39918	0.75694 0.34834	0.75694 0.39918
oolite_cobra3_subents.png	1.0 1.0	0.80097 0.39918	0.80097 0.34834	0.75694 0.34834
oolite_cobra3_subents.png	1.0 1.0	0.84740 0.39918	0.80097 0.34834	0.80097 0.39918
oolite_cobra3_subents.png	1.0 1.0	0.84740 0.39918	0.84740 0.34834	0.80097 0.34834
oolite_cobra3_subents.png	1.0 1.0	0.95055 0.34834	0.89897 0.34834	0.89897 0.39918
oolite_cobra3_subents.png	1.0 1.0	0.89897 0.34834	0.84740 0.34834	0.84740 0.39918
oolite_cobra3_subents.png	1.0 1.0	0.77395 0.90782	0.77395 0.89160	0.68926 0.89160
oolite_cobra3_subents.png	1.0 1.0	0.77395 0.90782	0.85863 0.90782	0.77395 0.89160
oolite_cobra3_subents.png	1.0 1.0	0.77395 0.92403	0.85863 0.90782	0.77395 0.90782
oolite_cobra3_subents.png	1.0 1.0	0.77395 0.92403	0.85863 0.92403	0.85863 0.90782
oolite_cobra3_subents.png	1.0 1.0	0.77395 0.94024	0.85863 0.94024	0.77395 0.92403
oolite_cobra3_subents.png	1.0 1.0	0.67371 0.44540	0.67371 0.40299	0.69492 0.42420
oolite_cobra3_subents.png	1.0 1.0	0.67161 0.01912	0.99439 0.00363	0.67161 0.00363
oolite_cobra3_subents.png	1.0 1.0	0.67161 0.01912	0.99439 0.03462	0.99439 0.01912
oolite_cobra3_subents.png	1.0 1.0	0.65251 0.42420	0.67371 0.40299	0.67371 0.44540
oolite_cobra3_subents.png	1.0 1.0	0.67161 0.06560	0.99439 0.05011	0.67161 0.05011
oolite_cobra3_subents.png	1.0 1.0	0.67161 0.03462	0.99439 0.03462	0.67161 0.01912
oolite_cobra3_subents.png	1.0 1.0	0.67161 0.03462	0.99439 0.05011	0.99439 0.03462
oolite_cobra3_subents.png	1.0 1.0	0.67161 0.05011	0.99439 0.05011	0.67161 0.03462
oolite_cobra3_subents.png	1.0 1.0	0.63251 0.43263	0.63251 0.35639	0.67063 0.39451
oolite_cobra3_subents.png	1.0 1.0	0.84756 0.66971	0.79774 0.44328	0.79774 0.66971
oolite_cobra3_subents.png	1.0 1.0	0.84756 0.66971	0.89738 0.44328	0.84756 0.44328
oolite_cobra3_subents.png	1.0 1.0	0.59439 0.39451	0.63251 0.35639	0.63251 0.43263
oolite_cobra3_subents.png	1.0 1.0	0.99701 0.66971	0.94719 0.44328	0.94719 0.66971
oolite_cobra3_subents.png	1.0 1.0	0.89738 0.66971	0.89738 0.44328	0.84756 0.66971
oolite_cobra3_subents.png	1.0 1.0	0.89738 0.66971	0.94719 0.44328	0.89738 0.44328
oolite_cobra3_subents.png	1.0 1.0	0.94719 0.66971	0.94719 0.44328	0.89738 0.66971
oolite_cobra3_subents.png	1.0 1.0	0.47827 0.82957	0.51409 0.80220	0.49195 0.87385
oolite_cobra3_subents.png	1.0 1.0	0.95055 0.42584	0.95055 0.34834	0.89897 0.42584
oolite_cobra3_subents.png	1.0 1.0	0.99698 0.42584	0.95055 0.34834	0.95055 0.42584
oolite_cobra3_subents.png	1.0 1.0	0.99698 0.42584	0.99698 0.34834	0.95055 0.34834
oolite_cobra3_subents.png	1.0 1.0	0.85863 0.90782	0.85863 0.89160	0.77395 0.89160
oolite_cobra3_subents.png	1.0 1.0	0.51409 0.80220	0.53623 0.87385	0.49195 0.87385
oolite_cobra3_subents.png	1.0 1.0	0.51409 0.80220	0.54991 0.82957	0.53623 0.87385
oolite_cobra3_subents.png	1.0 1.0	0.89897 0.42584	0.89897 0.34834	0.84740 0.42584
oolite_cobra3_subents.png	1.0 1.0	0.85863 0.94024	0.85863 0.92403	0.77395 0.92403
oolite_cobra3_subents.png	1.0 1.0	0.80097 0.42584	0.75694 0.34834	0.75694 0.42584
oolite_cobra3_subents.png	1.0 1.0	0.80097 0.42584	0.80097 0.34834	0.75694 0.34834
oolite_cobra3_subents.png	1.0 1.0	0.84740 0.42584	0.80097 0.34834	0.80097 0.42584
oolite_cobra3_subents.png	1.0 1.0	0.84740 0.42584	0.84740 0.34834	0.80097 0.34834
oolite_cobra3_subents.png	1.0 1.0	0.56966 0.34311	0.50601 0.31362	0.56966 0.31362
oolite_cobra3_subents.png	1.0 1.0	0.56966 0.34311	0.50553 0.34311	0.50601 0.31362
oolite_cobra3_subents.png	1.0 1.0	0.56966 0.34311	0.62941 0.31362	0.62941 0.34311
oolite_cobra3_subents.png	1.0 1.0	0.49734 0.59911	0.63948 0.59911	0.49808 0.51706
oolite_cobra3_subents.png	1.0 1.0	0.56966 0.31362	0.62941 0.31362	0.56966 0.34311
oolite_cobra3_subents.png	1.0 1.0	0.01695 0.91480	0.18476 0.91480	0.06271 0.99295
oolite_cobra3_subents.png	1.0 1.0	0.01695 0.81794	0.18476 0.91480	0.01695 0.91480
oolite_cobra3_subents.png	1.0 1.0	0.01695 0.81794	0.18476 0.81794	0.18476 0.91480
oolite_cobra3_subents.png	1.0 1.0	0.56996 0.23255	0.50575 0.23255	0.56996 0.07223
oolite_cobra3_subents.png	1.0 1.0	0.01417 0.72900	0.18198 0.63214	0.01417 0.63214
oolite_cobra3_subents.png	1.0 1.0	0.56996 0.07223	0.62968 0.23255	0.56996 0.23255
oolite_cobra3_subents.png	1.0 1.0	0.56996 0.07223	0.62968 0.07223	0.62968 0.23255
oolite_cobra3_subents.png	1.0 1.0	0.64630 0.59911	0.78845 0.59911	0.68481 0.66530
oolite_cobra3_subents.png	1.0 1.0	0.99628 0.34311	0.95319 0.07223	0.99628 0.07223
oolite_cobra3_subents.png	1.0 1.0	0.49808 0.51706	0.61867 0.46312	0.51890 0.46312
oolite_cobra3_subents.png	1.0 1.0	0.49808 0.51706	0.64022 0.51706	0.61867 0.46312
oolite_cobra3_subents.png	1.0 1.0	0.50575 0.23255	0.50575 0.07223	0.56996 0.07223
oolite_cobra3_subents.png	1.0 1.0	0.86488 0.84670	0.99690 0.94149	0.86488 0.94149
oolite_cobra3_subents.png	1.0 1.0	0.86488 0.84670	0.99759 0.84670	0.99690 0.94149
oolite_cobra3_subents.png	1.0 1.0	0.64630 0.51706	0.78845 0.59911	0.64630 0.59911
oolite_cobra3_subents.png	1.0 1.0	0.64630 0.51706	0.78845 0.51706	0.78845 0.59911
oolite_cobra3_subents.png	1.0 1.0	0.95055 0.34834	0.89897 0.34834	0.89897 0.42584
oolite_cobra3_subents.png	1.0 1.0	0.89897 0.34834	0.84740 0.34834	0.84740 0.42584
oolite_cobra3_subents.png	1.0 1.0	0.73082 0.80225	0.67941 0.69429	0.73082 0.69429
oolite_cobra3_subents.png	1.0 1.0	0.46841 0.75966	0.55913 0.75966	0.46841 0.70704
oolite_cobra3_subents.png	1.0 1.0	0.73082 0.69429	0.78222 0.80225	0.73082 0.80225
oolite_cobra3_subents.png	1.0 1.0	0.73082 0.69429	0.78222 0.69429	0.78222 0.80225
oolite_cobra3_subents.png	1.0 1.0	0.67941 0.80225	0.67941 0.69429	0.73082 0.80225
oolite_cobra3_subents.png	1.0 1.0	0.98786 0.80225	0.93645 0.80225	0.98786 0.69429
oolite_cobra3_subents.png	1.0 1.0	0.46841 0.70704	0.55913 0.70704	0.51377 0.68074
oolite_cobra3_subents.png	1.0 1.0	0.59829 0.31076	0.53231 0.23413	0.59829 0.23413
oolite_cobra3_subents.png	1.0 1.0	0.53275 0.31076	0.53231 0.23413	0.59829 0.31076
oolite_cobra3_subents.png	1.0 1.0	0.59829 0.23413	0.63442 0.31076	0.59829 0.31076
oolite_cobra3_subents.png	1.0 1.0	0.59829 0.23413	0.63502 0.23413	0.63442 0.31076
oolite_cobra3_subents.png	1.0 1.0	0.95319 0.34311	0.95319 0.07223	0.99628 0.34311
oolite_cobra3_subents.png	1.0 1.0	0.95319 0.34311	0.90555 0.34311	0.95319 0.07223
oolite_cobra3_subents.png	1.0 1.0	0.51890 0.46312	0.61867 0.46312	0.56915 0.44077
oolite_cobra3_subents.png	1.0 1.0	0.66712 0.46312	0.71738 0.44077	0.64630 0.51706
oolite_cobra3_subents.png	1.0 1.0	0.24180 0.84663	0.19835 0.60059	0.24180 0.60059
oolite_cobra3_subents.png	1.0 1.0	0.24180 0.60059	0.28524 0.84663	0.24180 0.84663
oolite_cobra3_subents.png	1.0 1.0	0.24180 0.60059	0.28524 0.60059	0.28524 0.84663
oolite_cobra3_subents.png	1.0 1.0	0.19835 0.84663	0.19835 0.60059	0.24180 0.84663
oolite_cobra3_subents.png	1.0 1.0	0.45901 0.84663	0.41556 0.84663	0.45901 0.60059
oolite_cobra3_subents.png	1.0 1.0	0.63502 0.23413	0.66790 0.31076	0.63442 0.31076
oolite_cobra3_subents.png	1.0 1.0	0.63502 0.23413	0.66862 0.23413	0.66790 0.31076
oolite_cobra3_subents.png	1.0 1.0	0.53610 0.66530	0.60143 0.66530	0.49734 0.59911
oolite_cobra3_subents.png	1.0 1.0	0.62941 0.34311	0.68439 0.31362	0.68439 0.34311
oolite_cobra3_subents.png	1.0 1.0	0.62941 0.31362	0.68439 0.31362	0.62941 0.34311
oolite_cobra3_subents.png	1.0 1.0	0.06271 0.99295	0.18476 0.91480	0.13984 0.99295
oolite_cobra3_subents.png	1.0 1.0	0.05962 0.80715	0.18198 0.72900	0.01417 0.72900
oolite_cobra3_subents.png	1.0 1.0	0.62968 0.07223	0.68466 0.23255	0.62968 0.23255
oolite_cobra3_subents.png	1.0 1.0	0.62968 0.07223	0.68466 0.07223	0.68466 0.23255
oolite_cobra3_subents.png	1.0 1.0	0.68481 0.66530	0.78845 0.59911	0.75014 0.66530
oolite_cobra3_subents.png	1.0 1.0	0.65211 0.88431	0.70269 0.88431	0.65211 0.86162
oolite_cobra3_subents.png	1.0 1.0	0.85836 0.86162	0.80627 0.88431	0.85836 0.88431
oolite_cobra3_subents.png	1.0 1.0	0.85836 0.86162	0.80627 0.86162	0.80627 0.88431
oolite_cobra3_subents.png	1.0 1.0	0.22272 0.54742	0.29374 0.54651	0.25808 0.51120
oolite_cobra3_subents.png	1.0 1.0	0.56384 0.88100	0.58422 0.67248	0.58422 0.88100
oolite_cobra3_subents.png	1.0 1.0	0.64534 0.88100	0.62497 0.88100	0.64534 0.67248
oolite_cobra3_subents.png	1.0 1.0	0.56384 0.67248	0.58422 0.67248	0.56384 0.88100
oolite_cobra3_subents.png	1.0 1.0	0.95055 0.34834	0.99698 0.42584	0.99698 0.34834
oolite_cobra3_subents.png	1.0 1.0	0.95055 0.34834	0.89897 0.42584	0.95055 0.42584
oolite_cobra3_subents.png	1.0 1.0	0.51377 0.78597	0.55913 0.75966	0.46841 0.75966
oolite_cobra3_subents.png	1.0 1.0	0.78222 0.69429	0.83363 0.80225	0.78222 0.80225
oolite_cobra3_subents.png	1.0 1.0	0.78222 0.69429	0.83363 0.69429	0.83363 0.80225
oolite_cobra3_subents.png	1.0 1.0	0.93645 0.80225	0.93645 0.69429	0.98786 0.69429
oolite_cobra3_subents.png	1.0 1.0	0.93645 0.80225	0.88504 0.80225	0.93645 0.69429
oolite_cobra3_subents.png	1.0 1.0	0.28524 0.60059	0.32868 0.84663	0.28524 0.84663
oolite_cobra3_subents.png	1.0 1.0	0.28524 0.60059	0.32868 0.60059	0.32868 0.84663
oolite_cobra3_subents.png	1.0 1.0	0.41556 0.84663	0.41556 0.60059	0.45901 0.60059
oolite_cobra3_subents.png	1.0 1.0	0.41556 0.84663	0.37212 0.84663	0.41556 0.60059
oolite_cobra3_subents.png	1.0 1.0	0.66862 0.23413	0.70424 0.31076	0.66790 0.31076
oolite_cobra3_subents.png	1.0 1.0	0.66862 0.23413	0.70424 0.23413	0.70424 0.31076
oolite_cobra3_subents.png	1.0 1.0	0.90555 0.34311	0.90555 0.07223	0.95319 0.07223
oolite_cobra3_subents.png	1.0 1.0	0.90555 0.34311	0.85837 0.34311	0.90555 0.07223
oolite_cobra3_subents.png	1.0 1.0	0.71738 0.44077	0.76763 0.46312	0.64630 0.51706
oolite_cobra3_subents.png	1.0 1.0	0.58422 0.67248	0.60459 0.88100	0.58422 0.88100
oolite_cobra3_subents.png	1.0 1.0	0.58422 0.67248	0.60459 0.67248	0.60459 0.88100
oolite_cobra3_subents.png	1.0 1.0	0.62497 0.88100	0.62497 0.67248	0.64534 0.67248
oolite_cobra3_subents.png	1.0 1.0	0.62497 0.88100	0.60459 0.67248	0.62497 0.67248
oolite_cobra3_subents.png	1.0 1.0	0.75694 0.34834	0.80097 0.42584	0.80097 0.34834
oolite_cobra3_subents.png	1.0 1.0	0.70269 0.88431	0.70269 0.86162	0.65211 0.86162
oolite_cobra3_subents.png	1.0 1.0	0.70269 0.88431	0.75477 0.88431	0.70269 0.86162
oolite_cobra3_subents.png	1.0 1.0	0.25787 0.58222	0.29374 0.54651	0.22272 0.54742
oolite_cobra3_subents.png	1.0 1.0	0.80627 0.86162	0.75477 0.88431	0.80627 0.88431
oolite_cobra3_subents.png	1.0 1.0	0.80627 0.86162	0.75477 0.86162	0.75477 0.88431
oolite_cobra3_subents.png	1.0 1.0	0.89897 0.34834	0.89897 0.42584	0.95055 0.34834
oolite_cobra3_subents.png	1.0 1.0	0.89897 0.34834	0.84740 0.42584	0.89897 0.42584
oolite_cobra3_subents.png	1.0 1.0	0.60459 0.88100	0.60459 0.67248	0.62497 0.88100
oolite_cobra3_subents.png	1.0 1.0	0.80097 0.34834	0.84740 0.42584	0.84740 0.34834
oolite_cobra3_subents.png	1.0 1.0	0.95055 0.42584	0.99698 0.42584	0.95055 0.34834
oolite_cobra3_subents.png	1.0 1.0	0.47827 0.82957	0.51409 0.80220	0.49195 0.87385
oolite_cobra3_subents.png	1.0 1.0	0.84740 0.34834	0.84740 0.42584	0.89897 0.34834
oolite_cobra3_subents.png	1.0 1.0	0.99667 0.97998	0.91036 0.96376	0.91036 0.97998
oolite_cobra3_subents.png	1.0 1.0	0.99667 0.97998	0.91036 0.99619	0.99667 0.99619
oolite_cobra3_subents.png	1.0 1.0	0.99667 0.96376	0.91036 0.96376	0.99667 0.97998
oolite_cobra3_subents.png	1.0 1.0	0.75694 0.42584	0.80097 0.42584	0.75694 0.34834
oolite_cobra3_subents.png	1.0 1.0	0.60143 0.66530	0.63948 0.59911	0.49734 0.59911
oolite_cobra3_subents.png	1.0 1.0	0.68439 0.34311	0.74542 0.31362	0.74542 0.34311
oolite_cobra3_subents.png	1.0 1.0	0.68439 0.31362	0.74542 0.31362	0.68439 0.34311
oolite_cobra3_subents.png	1.0 1.0	0.13675 0.80715	0.18198 0.72900	0.05962 0.80715
oolite_cobra3_subents.png	1.0 1.0	0.68466 0.07223	0.74572 0.23255	0.68466 0.23255
oolite_cobra3_subents.png	1.0 1.0	0.68466 0.07223	0.74572 0.07223	0.74572 0.23255
oolite_cobra3_subents.png	1.0 1.0	0.70424 0.23413	0.73967 0.31076	0.70424 0.31076
oolite_cobra3_subents.png	1.0 1.0	0.70424 0.23413	0.73981 0.23413	0.73967 0.31076
oolite_cobra3_subents.png	1.0 1.0	0.51409 0.80220	0.53623 0.87385	0.49195 0.87385
oolite_cobra3_subents.png	1.0 1.0	0.51409 0.80220	0.54991 0.82957	0.53623 0.87385
oolite_cobra3_subents.png	1.0 1.0	0.99667 0.94755	0.91036 0.96376	0.99667 0.96376
oolite_cobra3_subents.png	1.0 1.0	0.99667 0.94755	0.91036 0.94755	0.91036 0.96376
oolite_cobra3_subents.png	1.0 1.0	0.75477 0.88431	0.75477 0.86162	0.70269 0.86162
oolite_cobra3_subents.png	1.0 1.0	0.32868 0.84663	0.37212 0.60059	0.37212 0.84663
oolite_cobra3_subents.png	1.0 1.0	0.32868 0.60059	0.37212 0.60059	0.32868 0.84663
oolite_cobra3_subents.png	1.0 1.0	0.37212 0.84663	0.37212 0.60059	0.41556 0.60059
oolite_cobra3_subents.png	1.0 1.0	0.85837 0.34311	0.85795 0.07223	0.90555 0.07223
oolite_cobra3_subents.png	1.0 1.0	0.85837 0.34311	0.80937 0.07223	0.85795 0.07223
oolite_cobra3_subents.png	1.0 1.0	0.80097 0.42584	0.84740 0.42584	0.80097 0.34834
oolite_cobra3_subents.png	1.0 1.0	0.76763 0.46312	0.78845 0.51706	0.64630 0.51706
oolite_cobra3_subents.png	1.0 1.0	0.73967 0.31076	0.73981 0.23413	0.80569 0.31076
oolite_cobra3_subents.png	1.0 1.0	0.55913 0.75966	0.55913 0.70704	0.46841 0.70704
oolite_cobra3_subents.png	1.0 1.0	0.83363 0.80225	0.88504 0.69429	0.88504 0.80225
oolite_cobra3_subents.png	1.0 1.0	0.83363 0.69429	0.88504 0.69429	0.83363 0.80225
oolite_cobra3_subents.png	1.0 1.0	0.88504 0.80225	0.88504 0.69429	0.93645 0.69429
oolite_cobra3_subents.png	1.0 1.0	0.73981 0.23413	0.80569 0.23413	0.80569 0.31076
oolite_cobra3_subents.png	1.0 1.0	0.95055 0.34834	0.99698 0.40875	0.99698 0.34834
oolite_cobra3_subents.png	1.0 1.0	0.95055 0.34834	0.89897 0.40875	0.95055 0.40875
oolite_cobra3_subents.png	1.0 1.0	0.75694 0.34834	0.80097 0.40875	0.80097 0.34834
oolite_cobra3_subents.png	1.0 1.0	0.63948 0.59911	0.64022 0.51706	0.49808 0.51706
oolite_cobra3_subents.png	1.0 1.0	0.74542 0.31362	0.80937 0.34311	0.74542 0.34311
oolite_cobra3_subents.png	1.0 1.0	0.80963 0.31362	0.80937 0.34311	0.74542 0.31362
oolite_cobra3_subents.png	1.0 1.0	0.18198 0.72900	0.18198 0.63214	0.01417 0.72900
oolite_cobra3_subents.png	1.0 1.0	0.74572 0.23255	0.80937 0.07223	0.80937 0.23255
oolite_cobra3_subents.png	1.0 1.0	0.74572 0.07223	0.80937 0.07223	0.74572 0.23255
oolite_cobra3_subents.png	1.0 1.0	0.80937 0.34311	0.80937 0.07223	0.85837 0.34311
oolite_cobra3_subents.png	1.0 1.0	0.91036 0.97998	0.91036 0.99619	0.99667 0.97998
oolite_cobra3_subents.png	1.0 1.0	0.91036 0.97998	0.72882 0.97998	0.91036 0.99619
oolite_cobra3_subents.png	1.0 1.0	0.91036 0.97998	0.72882 0.96376	0.72882 0.97998
oolite_cobra3_subents.png	1.0 1.0	0.91036 0.96376	0.72882 0.96376	0.91036 0.97998
oolite_cobra3_subents.png	1.0 1.0	0.91036 0.96376	0.72882 0.94755	0.72882 0.96376
oolite_cobra3_subents.png	1.0 1.0	0.89897 0.34834	0.89897 0.40875	0.95055 0.34834
oolite_cobra3_subents.png	1.0 1.0	0.89897 0.34834	0.84740 0.40875	0.89897 0.40875
oolite_cobra3_subents.png	1.0 1.0	0.95055 0.40875	0.99698 0.40875	0.95055 0.34834
oolite_cobra3_subents.png	1.0 1.0	0.47827 0.82957	0.51409 0.80220	0.49195 0.87385
oolite_cobra3_subents.png	1.0 1.0	0.91036 0.94755	0.72882 0.94755	0.91036 0.96376
oolite_cobra3_subents.png	1.0 1.0	0.80097 0.34834	0.84740 0.40875	0.84740 0.34834
oolite_cobra3_subents.png	1.0 1.0	0.75694 0.40875	0.80097 0.40875	0.75694 0.34834
oolite_cobra3_subents.png	1.0 1.0	0.27825 0.97998	0.36456 0.96376	0.27825 0.96376
oolite_cobra3_subents.png	1.0 1.0	0.27825 0.97998	0.36456 0.99619	0.36456 0.97998
oolite_cobra3_subents.png	1.0 1.0	0.27825 0.96376	0.36456 0.96376	0.27825 0.94755
oolite_cobra3_subents.png	1.0 1.0	0.84740 0.34834	0.84740 0.40875	0.89897 0.34834
oolite_cobra3_subents.png	1.0 1.0	0.51409 0.80220	0.53623 0.87385	0.49195 0.87385
oolite_cobra3_subents.png	1.0 1.0	0.51409 0.80220	0.54991 0.82957	0.53623 0.87385
oolite_cobra3_subents.png	1.0 1.0	0.27825 0.99619	0.36456 0.99619	0.27825 0.97998
oolite_cobra3_subents.png	1.0 1.0	0.80097 0.40875	0.84740 0.40875	0.80097 0.34834
oolite_cobra3_subents.png	1.0 1.0	0.84756 0.44328	0.79774 0.44328	0.84756 0.66971
oolite_cobra3_subents.png	1.0 1.0	0.71212 0.43263	0.71212 0.35639	0.67400 0.39451
oolite_cobra3_subents.png	1.0 1.0	0.99701 0.44328	0.94719 0.44328	0.99701 0.66971
oolite_cobra3_subents.png	1.0 1.0	0.75024 0.39451	0.71212 0.35639	0.71212 0.43263
oolite_cobra3_subents.png	1.0 1.0	0.99439 0.01912	0.99439 0.00363	0.67161 0.01912
oolite_cobra3_subents.png	1.0 1.0	0.67105 0.39082	0.67105 0.34841	0.64984 0.36961
oolite_cobra3_subents.png	1.0 1.0	0.99439 0.06560	0.99439 0.05011	0.67161 0.06560
oolite_cobra3_subents.png	1.0 1.0	0.69225 0.36961	0.67105 0.34841	0.67105 0.39082
oolite_cobra3_subents.png	1.0 1.0	0.72882 0.97998	0.72882 0.99619	0.91036 0.99619
oolite_cobra3_subents.png	1.0 1.0	0.72882 0.97998	0.45088 0.97998	0.72882 0.99619
oolite_cobra3_subents.png	1.0 1.0	0.72882 0.96376	0.45088 0.97998	0.72882 0.97998
oolite_cobra3_subents.png	1.0 1.0	0.72882 0.96376	0.45088 0.96376	0.45088 0.97998
oolite_cobra3_subents.png	1.0 1.0	0.72882 0.96376	0.45088 0.94755	0.45088 0.96376
oolite_cobra3_subents.png	1.0 1.0	0.36456 0.97998	0.36456 0.96376	0.27825 0.97998
oolite_cobra3_subents.png	1.0 1.0	0.36456 0.97998	0.45088 0.96376	0.36456 0.96376
oolite_cobra3_subents.png	1.0 1.0	0.36456 0.96376	0.36456 0.94755	0.27825 0.94755
oolite_cobra3_subents.png	1.0 1.0	0.36456 0.96376	0.45088 0.96376	0.36456 0.94755
oolite_cobra3_subents.png	1.0 1.0	0.72882 0.94755	0.45088 0.94755	0.72882 0.96376
oolite_cobra3_subents.png	1.0 1.0	0.36456 0.99619	0.45088 0.97998	0.36456 0.97998
oolite_cobra3_subents.png	1.0 1.0	0.36456 0.99619	0.45088 0.99619	0.45088 0.97998
oolite_cobra3_subents.png	1.0 1.0	0.45088 0.97998	0.45088 0.96376	0.36456 0.97998
oolite_cobra3_subents.png	1.0 1.0	0.45088 0.97998	0.45088 0.99619	0.72882 0.99619
oolite_cobra3_subents.png	1.0 1.0	0.45088 0.96376	0.45088 0.94755	0.36456 0.94755

END
